Conventions,G,BADC-CSV,1
title,G,uk-mean-wind-obs
source,G,Met Office MIDAS database
creator,G,Met Office
activity,G,Met Office MIDAS Open: UK Land Surface Stations Data
feature_type,G,point series
collection_name,G,midas-open
collection_version_number,G,dataset-version-202207
history,G,Created 2022-07-29
last_revised_date,G,2022-07-29
observation_station,G,tiree
historic_county_name,G,argyll-in-strathclyde-region
midas_station_id,G,18974
location,G,56.500,-6.881
height,G,9,m
date_valid,G,2011-01-01 00:00:00,2011-12-31 23:59:59
midas_qc_version_number,G,1
comments,G,The midas_qc_version_number indicates if the data are original received message (0) or current best version (1)
comments,G,This file contains station observations
comments,G,missing values are identified with the missing data flag
missing_value,G,NA
coordinate_variable,ob_end_time,t
long_name,ob_end_time,Date at end of observation period,s
type,ob_end_time,char
comments,ob_end_time,Date and time (YYYY-MM-DD HH:MM:SS) at the end of the observation period
long_name,id,station identifier,1
type,id,char
comments,id,a station may have more than one id assigned to it designated by the id_type
long_name,id_type,identifier type,1
type,id_type,char
comments,id_type,a station may have more than one id assigned to it defined by id_type
long_name,ob_hour_count,Observation hour count,hours
type,ob_hour_count,int
long_name,version_num,midas qc version number,1
type,version_num,int
comments,version_num,The midas_qc_version_number indicates if the data are original received message (0) or current best version (1)
long_name,met_domain_name,message type,1
type,met_domain_name,char
comments,met_domain_name,message type (see MIDAS documentation)
long_name,src_id,unique source identifier or station site number,1
type,src_id,int
comments,src_id,unique source identifier or station site number
long_name,rec_st_ind,state indicator for the record,1
type,rec_st_ind,int
comments,rec_st_ind,state indicator for the current stage in the life of the record (see MIDAS documentation)
long_name,mean_wind_dir,Mean wind direciton,deg true
type,mean_wind_dir,int
long_name,mean_wind_speed,Mean wind speed,knots
type,mean_wind_speed,float
long_name,max_gust_dir,Direction of maximum wind gust,deg true
type,max_gust_dir,int
long_name,max_gust_speed,Speed of maximum wind gust,knots
type,max_gust_speed,float
long_name,max_gust_ctime,Clock time of maximum gust HHMM,s
type,max_gust_ctime,char
long_name,mean_wind_dir_q,QC code: Mean wind direction,1
type,mean_wind_dir_q,int
long_name,mean_wind_speed_q,QC code: Mean wind speed,1
type,mean_wind_speed_q,int
long_name,max_gust_dir_q,QC code: Direction of maximum wind gust,1
type,max_gust_dir_q,int
long_name,max_gust_speed_q,QC code: Speed of maximum wind gust,1
type,max_gust_speed_q,int
long_name,max_gust_ctime_q,QC code: Clock time of maximum gust HHMM,1
type,max_gust_ctime_q,int
long_name,mean_wind_dir_j,Descriptor: Mean wind direction,1
type,mean_wind_dir_j,char
long_name,mean_wind_speed_j,Descriptor: Mean wind speed,1
type,mean_wind_speed_j,char
long_name,max_gust_dir_j,Descriptor: Direction of maximum wind gust,1
type,max_gust_dir_j,char
long_name,max_gust_speed_j,Descriptor: Speed of maximum wind gust,1
type,max_gust_speed_j,char
long_name,meto_stmp_time,Met Office receipt stamp time,s
type,meto_stmp_time,char
comments,meto_stmp_time,Met Office receipt stampe time in format (YYYY-MM-DD HH:MM:SS)
long_name,midas_stmp_etime,Elapsed time to storage in MIDAS,minutes
type,midas_stmp_etime,int
data
ob_end_time,id_type,id,ob_hour_count,met_domain_name,version_num,src_id,rec_st_ind,mean_wind_dir,mean_wind_speed,max_gust_dir,max_gust_speed,max_gust_ctime,mean_wind_dir_q,mean_wind_speed_q,max_gust_dir_q,max_gust_speed_q,max_gust_ctime_q,mean_wind_dir_j,mean_wind_speed_j,max_gust_dir_j,max_gust_speed_j,meto_stmp_time,midas_stmp_etime
2011-01-01 00:00:00,WIND,600702,1,HCM,1,18974,1011,320,10,320,15,2349,6,6,6,6,6,NA,NA,NA,NA,2010-12-31 23:52:00,0
2011-01-01 01:00:00,WIND,600702,1,HCM,1,18974,1011,320,10,340,16,49,6,6,6,6,6,NA,NA,NA,NA,2011-01-01 00:52:00,0
2011-01-01 02:00:00,WIND,600702,1,HCM,1,18974,1011,340,10,340,17,51,6,6,6,6,6,NA,NA,NA,NA,2011-01-01 01:52:00,0
2011-01-01 03:00:00,WIND,600702,1,HCM,1,18974,1011,360,12,20,23,232,6,6,6,6,6,NA,NA,NA,NA,2011-01-01 02:51:00,0
2011-01-01 04:00:00,WIND,600702,1,HCM,1,18974,1011,30,17,30,22,321,6,6,6,6,6,NA,NA,NA,NA,2011-01-01 03:51:00,0
2011-01-01 05:00:00,WIND,600702,1,HCM,1,18974,1011,30,17,30,23,417,6,6,6,6,6,NA,NA,NA,NA,2011-01-01 04:52:00,0
2011-01-01 06:00:00,WIND,600702,1,HCM,1,18974,1011,30,17,30,23,511,6,6,6,6,6,NA,NA,NA,NA,2011-01-01 05:52:00,0
2011-01-01 07:00:00,WIND,600702,1,HCM,1,18974,1011,20,17,20,22,626,6,6,6,6,6,NA,NA,NA,NA,2011-01-01 06:52:00,0
2011-01-01 08:00:00,WIND,600702,1,HCM,1,18974,1011,20,18,10,24,749,6,6,6,6,6,NA,NA,NA,NA,2011-01-01 07:51:00,0
2011-01-01 09:00:00,WIND,600702,1,HCM,1,18974,1011,20,17,10,23,754,6,6,6,6,6,NA,NA,NA,NA,2011-01-01 08:54:00,0
2011-01-01 10:00:00,WIND,600702,1,HCM,1,18974,1011,20,15,30,22,905,6,6,6,6,6,NA,NA,NA,NA,2011-01-01 09:52:00,0
2011-01-01 11:00:00,WIND,600702,1,HCM,1,18974,1011,30,15,20,21,1036,6,6,6,6,6,NA,NA,NA,NA,2011-01-01 10:52:00,0
2011-01-01 12:00:00,WIND,600702,1,HCM,1,18974,1011,20,13,30,18,1053,6,6,6,6,6,NA,NA,NA,NA,2011-01-01 11:52:00,0
2011-01-01 13:00:00,WIND,600702,1,HCM,1,18974,1011,20,13,20,20,1156,6,6,6,6,6,NA,NA,NA,NA,2011-01-01 12:53:00,0
2011-01-01 14:00:00,WIND,600702,1,HCM,1,18974,1011,20,14,20,18,1258,6,6,6,6,6,NA,NA,NA,NA,2011-01-01 13:53:00,0
2011-01-01 15:00:00,WIND,600702,1,HCM,1,18974,1011,30,13,20,19,1427,6,6,6,6,6,NA,NA,NA,NA,2011-01-01 14:52:00,0
2011-01-01 16:00:00,WIND,600702,1,HCM,1,18974,1011,30,13,30,19,1519,6,6,6,6,6,NA,NA,NA,NA,2011-01-01 15:52:00,0
2011-01-01 17:00:00,WIND,600702,1,HCM,1,18974,1011,20,12,20,19,1556,6,6,6,6,6,NA,NA,NA,NA,2011-01-01 16:52:00,0
2011-01-01 18:00:00,WIND,600702,1,HCM,1,18974,1011,30,10,20,15,1745,6,6,6,6,6,NA,NA,NA,NA,2011-01-01 17:52:00,0
2011-01-01 19:00:00,WIND,600702,1,HCM,1,18974,1011,30,10,30,15,1803,6,6,6,6,6,NA,NA,NA,NA,2011-01-01 18:52:00,0
2011-01-01 20:00:00,WIND,600702,1,HCM,1,18974,1011,20,11,10,16,1938,6,6,6,6,6,NA,NA,NA,NA,2011-01-01 19:52:00,0
2011-01-01 21:00:00,WIND,600702,1,HCM,1,18974,1011,20,9,20,14,2000,6,6,6,6,6,NA,NA,NA,NA,2011-01-01 20:54:00,0
2011-01-01 22:00:00,WIND,600702,1,HCM,1,18974,1011,40,9,30,15,2127,6,6,6,6,6,NA,NA,NA,NA,2011-01-01 21:52:00,0
2011-01-01 23:00:00,WIND,600702,1,HCM,1,18974,1011,50,8,40,15,2216,6,6,6,6,6,NA,NA,NA,NA,2011-01-01 22:52:00,0
2011-01-02 00:00:00,WIND,600702,1,HCM,1,18974,1011,50,9,30,14,2335,6,6,6,6,6,NA,NA,NA,NA,2011-01-01 23:52:00,0
2011-01-02 01:00:00,WIND,600702,1,HCM,1,18974,1011,70,5,90,9,2353,6,6,6,6,6,NA,NA,NA,NA,2011-01-02 00:52:00,0
2011-01-02 02:00:00,WIND,600702,1,HCM,1,18974,1011,50,3,50,10,59,6,6,6,6,6,NA,NA,NA,NA,2011-01-02 01:52:00,0
2011-01-02 03:00:00,WIND,600702,1,HCM,1,18974,1011,360,2,20,11,247,6,6,6,6,6,NA,NA,NA,NA,2011-01-02 02:52:00,0
2011-01-02 04:00:00,WIND,600702,1,HCM,1,18974,1011,70,9,70,17,303,6,6,6,6,6,NA,NA,NA,NA,2011-01-02 03:52:00,0
2011-01-02 05:00:00,WIND,600702,1,HCM,1,18974,1011,90,4,80,7,350,6,6,6,6,6,NA,NA,NA,NA,2011-01-02 04:52:00,0
2011-01-02 06:00:00,WIND,600702,1,HCM,1,18974,1011,120,4,90,10,503,6,6,6,6,6,NA,NA,NA,NA,2011-01-02 05:52:00,0
2011-01-02 07:00:00,WIND,600702,1,HCM,1,18974,1011,250,5,290,7,648,6,6,6,6,6,NA,NA,NA,NA,2011-01-02 06:52:00,0
2011-01-02 08:00:00,WIND,600702,1,HCM,1,18974,1011,300,5,30,8,748,6,6,6,6,6,NA,NA,NA,NA,2011-01-02 07:52:00,0
2011-01-02 09:00:00,WIND,600702,1,HCM,1,18974,1011,280,4,60,7,750,6,6,6,6,6,NA,NA,NA,NA,2011-01-02 08:54:00,0
2011-01-02 10:00:00,WIND,600702,1,HCM,1,18974,1011,250,4,270,6,940,6,6,6,6,6,NA,NA,NA,NA,2011-01-02 09:52:00,0
2011-01-02 11:00:00,WIND,600702,1,HCM,1,18974,1011,310,3,360,8,1046,6,6,6,6,6,NA,NA,NA,NA,2011-01-02 10:52:00,0
2011-01-02 12:00:00,WIND,600702,1,HCM,1,18974,1011,20,3,360,6,1050,6,6,6,6,6,NA,NA,NA,NA,2011-01-02 11:52:00,0
2011-01-02 13:00:00,WIND,600702,1,HCM,1,18974,1011,230,3,250,5,1222,6,6,6,6,6,NA,NA,NA,NA,2011-01-02 12:53:00,0
2011-01-02 14:00:00,WIND,600702,1,HCM,1,18974,1011,250,4,250,4,1259,6,6,6,6,6,NA,NA,NA,NA,2011-01-02 13:53:00,0
2011-01-02 15:00:00,WIND,600702,1,HCM,1,18974,1011,240,4,250,5,1411,6,6,6,6,6,NA,NA,NA,NA,2011-01-02 14:53:00,0
2011-01-02 16:00:00,WIND,600702,1,HCM,1,18974,1011,240,4,240,5,1520,6,6,6,6,6,NA,NA,NA,NA,2011-01-02 15:52:00,0
2011-01-02 17:00:00,WIND,600702,1,HCM,1,18974,1011,250,4,240,5,1639,6,6,6,6,6,NA,NA,NA,NA,2011-01-02 16:52:00,0
2011-01-02 18:00:00,WIND,600702,1,HCM,1,18974,1011,230,3,230,5,1709,6,6,6,6,6,NA,NA,NA,NA,2011-01-02 17:52:00,0
2011-01-02 19:00:00,WIND,600702,1,HCM,1,18974,1011,80,4,70,9,1841,6,6,6,6,6,NA,NA,NA,NA,2011-01-02 18:52:00,0
2011-01-02 20:00:00,WIND,600702,1,HCM,1,18974,1011,170,4,110,5,1850,6,6,6,6,6,NA,NA,NA,NA,2011-01-02 19:52:00,0
2011-01-02 21:00:00,WIND,600702,1,HCM,1,18974,1011,220,3,220,4,2037,6,6,6,6,6,NA,NA,NA,NA,2011-01-02 20:55:00,0
2011-01-02 22:00:00,WIND,600702,1,HCM,1,18974,1011,240,4,270,8,2149,6,6,6,6,6,NA,NA,NA,NA,2011-01-02 21:52:00,0
2011-01-02 23:00:00,WIND,600702,1,HCM,1,18974,1011,250,7,240,11,2237,6,6,6,6,6,NA,NA,NA,NA,2011-01-02 22:52:00,0
2011-01-03 00:00:00,WIND,600702,1,HCM,1,18974,1011,240,6,260,11,2344,6,6,6,6,6,NA,NA,NA,NA,2011-01-02 23:52:00,0
2011-01-03 01:00:00,WIND,600702,1,HCM,1,18974,1011,240,8,250,13,16,6,6,6,6,6,NA,NA,NA,NA,2011-01-03 00:52:00,0
2011-01-03 02:00:00,WIND,600702,1,HCM,1,18974,1011,230,8,240,12,59,6,6,6,6,6,NA,NA,NA,NA,2011-01-03 01:52:00,0
2011-01-03 03:00:00,WIND,600702,1,HCM,1,18974,1011,230,9,240,15,235,6,6,6,6,6,NA,NA,NA,NA,2011-01-03 02:52:00,0
2011-01-03 04:00:00,WIND,600702,1,HCM,1,18974,1011,240,12,240,18,309,6,6,6,6,6,NA,NA,NA,NA,2011-01-03 03:52:00,0
2011-01-03 05:00:00,WIND,600702,1,HCM,1,18974,1011,230,13,240,18,438,6,6,6,6,6,NA,NA,NA,NA,2011-01-03 04:52:00,0
2011-01-03 06:00:00,WIND,600702,1,HCM,1,18974,1011,240,14,240,21,504,6,6,6,6,6,NA,NA,NA,NA,2011-01-03 05:52:00,0
2011-01-03 07:00:00,WIND,600702,1,HCM,1,18974,1011,240,15,240,24,646,6,6,6,6,6,NA,NA,NA,NA,2011-01-03 06:52:00,0
2011-01-03 08:00:00,WIND,600702,1,HCM,1,18974,1011,240,18,240,27,742,6,6,6,6,6,NA,NA,NA,NA,2011-01-03 07:52:00,0
2011-01-03 09:00:00,WIND,600702,1,HCM,1,18974,1011,230,20,240,30,834,6,6,6,6,6,NA,NA,NA,NA,2011-01-03 08:54:00,0
2011-01-03 10:00:00,WIND,600702,1,HCM,1,18974,1011,230,21,230,31,936,6,6,6,6,6,NA,NA,NA,NA,2011-01-03 09:52:00,0
2011-01-03 11:00:00,WIND,600702,1,HCM,1,18974,1011,230,22,230,32,1040,6,6,6,6,6,NA,NA,NA,NA,2011-01-03 10:52:00,0
2011-01-03 12:00:00,WIND,600702,1,HCM,1,18974,1011,240,22,240,32,1109,6,6,6,6,6,NA,NA,NA,NA,2011-01-03 13:33:00,0
2011-01-03 13:00:00,WIND,600702,1,HCM,1,18974,1011,240,22,240,30,1248,6,6,6,6,6,NA,NA,NA,NA,2011-01-03 13:34:00,0
2011-01-03 14:00:00,WIND,600702,1,HCM,1,18974,1011,250,22,240,31,1252,6,6,6,6,6,NA,NA,NA,NA,2011-01-03 13:53:00,0
2011-01-03 15:00:00,WIND,600702,1,HCM,1,18974,1011,250,23,260,32,1408,6,6,6,6,6,NA,NA,NA,NA,2011-01-03 14:52:00,0
2011-01-03 16:00:00,WIND,600702,1,HCM,1,18974,1011,250,22,250,32,1501,6,6,6,6,6,NA,NA,NA,NA,2011-01-03 15:52:00,0
2011-01-03 17:00:00,WIND,600702,1,HCM,1,18974,1011,250,21,240,32,1555,6,6,6,6,6,NA,NA,NA,NA,2011-01-03 16:52:00,0
2011-01-03 18:00:00,WIND,600702,1,HCM,1,18974,1011,250,16,260,24,1651,6,6,6,6,6,NA,NA,NA,NA,2011-01-03 17:52:00,0
2011-01-03 19:00:00,WIND,600702,1,HCM,1,18974,1011,260,14,270,21,1814,6,6,6,6,6,NA,NA,NA,NA,2011-01-03 18:52:00,0
2011-01-03 20:00:00,WIND,600702,1,HCM,1,18974,1011,260,12,270,17,1946,6,6,6,6,6,NA,NA,NA,NA,2011-01-03 19:52:00,0
2011-01-03 21:00:00,WIND,600702,1,HCM,1,18974,1011,290,14,280,23,2022,6,6,6,6,6,NA,NA,NA,NA,2011-01-03 20:54:00,0
2011-01-03 22:00:00,WIND,600702,1,HCM,1,18974,1011,290,11,290,16,2120,6,6,6,6,6,NA,NA,NA,NA,2011-01-03 21:52:00,0
2011-01-03 23:00:00,WIND,600702,1,HCM,1,18974,1011,280,11,290,17,2151,6,6,6,6,6,NA,NA,NA,NA,2011-01-03 22:52:00,0
2011-01-04 00:00:00,WIND,600702,1,HCM,1,18974,1011,280,11,290,19,2313,6,6,6,6,6,NA,NA,NA,NA,2011-01-03 23:51:00,0
2011-01-04 01:00:00,WIND,600702,1,HCM,1,18974,1011,270,11,270,16,9,6,6,6,6,6,NA,NA,NA,NA,2011-01-04 00:51:00,0
2011-01-04 02:00:00,WIND,600702,1,HCM,1,18974,1011,270,14,270,22,119,6,6,6,6,6,NA,NA,NA,NA,2011-01-04 01:52:00,0
2011-01-04 03:00:00,WIND,600702,1,HCM,1,18974,1011,270,13,270,21,240,6,6,6,6,6,NA,NA,NA,NA,2011-01-04 02:52:00,0
2011-01-04 04:00:00,WIND,600702,1,HCM,1,18974,1011,270,12,270,20,346,6,6,6,6,6,NA,NA,NA,NA,2011-01-04 03:52:00,0
2011-01-04 05:00:00,WIND,600702,1,HCM,1,18974,1011,260,13,260,20,409,6,6,6,6,6,NA,NA,NA,NA,2011-01-04 04:52:00,0
2011-01-04 06:00:00,WIND,600702,1,HCM,1,18974,1011,250,13,250,22,533,6,6,6,6,6,NA,NA,NA,NA,2011-01-04 05:52:00,0
2011-01-04 07:00:00,WIND,600702,1,HCM,1,18974,1011,250,14,260,23,612,6,6,6,6,6,NA,NA,NA,NA,2011-01-04 06:51:00,0
2011-01-04 08:00:00,WIND,600702,1,HCM,1,18974,1011,260,14,260,21,707,6,6,6,6,6,NA,NA,NA,NA,2011-01-04 07:51:00,0
2011-01-04 09:00:00,WIND,600702,1,HCM,1,18974,1011,260,15,250,24,819,6,6,6,6,6,NA,NA,NA,NA,2011-01-04 08:54:00,0
2011-01-04 10:00:00,WIND,600702,1,HCM,1,18974,1011,260,14,260,22,912,6,6,6,6,6,NA,NA,NA,NA,2011-01-04 09:52:00,0
2011-01-04 11:00:00,WIND,600702,1,HCM,1,18974,1011,260,16,260,23,1046,6,6,6,6,6,NA,NA,NA,NA,2011-01-04 10:52:00,0
2011-01-04 12:00:00,WIND,600702,1,HCM,1,18974,1011,270,16,290,33,1106,6,6,6,6,6,NA,NA,NA,NA,2011-01-04 11:52:00,0
2011-01-04 13:00:00,WIND,600702,1,HCM,1,18974,1011,270,17,280,30,1220,6,6,6,6,6,NA,NA,NA,NA,2011-01-04 12:52:00,0
2011-01-04 14:00:00,WIND,600702,1,HCM,1,18974,1011,250,13,260,18,1300,6,6,6,6,6,NA,NA,NA,NA,2011-01-04 13:52:00,0
2011-01-04 15:00:00,WIND,600702,1,HCM,1,18974,1011,250,13,260,22,1435,6,6,6,6,6,NA,NA,NA,NA,2011-01-04 14:52:00,0
2011-01-04 16:00:00,WIND,600702,1,HCM,1,18974,1011,260,13,270,23,1457,6,6,6,6,6,NA,NA,NA,NA,2011-01-04 15:52:00,0
2011-01-04 17:00:00,WIND,600702,1,HCM,1,18974,1011,270,11,260,29,1646,6,6,6,6,6,NA,NA,NA,NA,2011-01-04 16:52:00,0
2011-01-04 18:00:00,WIND,600702,1,HCM,1,18974,1011,240,9,250,17,1655,6,6,6,6,6,NA,NA,NA,NA,2011-01-04 17:52:00,0
2011-01-04 19:00:00,WIND,600702,1,HCM,1,18974,1011,290,9,300,20,1825,6,6,6,6,6,NA,NA,NA,NA,2011-01-04 18:52:00,0
2011-01-04 20:00:00,WIND,600702,1,HCM,1,18974,1011,300,8,310,19,1851,6,6,6,6,6,NA,NA,NA,NA,2011-01-04 19:51:00,0
2011-01-04 21:00:00,WIND,600702,1,HCM,1,18974,1011,260,6,260,11,2034,6,6,6,6,6,NA,NA,NA,NA,2011-01-04 20:54:00,0
2011-01-04 22:00:00,WIND,600702,1,HCM,1,18974,1011,250,8,240,11,2057,6,6,6,6,6,NA,NA,NA,NA,2011-01-04 21:52:00,0
2011-01-04 23:00:00,WIND,600702,1,HCM,1,18974,1011,250,6,240,10,2243,6,6,6,6,6,NA,NA,NA,NA,2011-01-04 22:51:00,0
2011-01-05 00:00:00,WIND,600702,1,HCM,1,18974,1011,230,8,270,13,2306,6,6,6,6,6,NA,NA,NA,NA,2011-01-04 23:52:00,0
2011-01-05 01:00:00,WIND,600702,1,HCM,1,18974,1011,230,7,220,15,17,6,6,6,6,6,NA,NA,NA,NA,2011-01-05 00:52:00,0
2011-01-05 02:00:00,WIND,600702,1,HCM,1,18974,1011,210,9,220,16,135,6,6,6,6,6,NA,NA,NA,NA,2011-01-05 01:52:00,0
2011-01-05 03:00:00,WIND,600702,1,HCM,1,18974,1011,220,11,240,22,243,6,6,6,6,6,NA,NA,NA,NA,2011-01-05 03:23:00,0
2011-01-05 04:00:00,WIND,600702,1,HCM,1,18974,1011,210,11,200,22,343,6,6,6,6,6,NA,NA,NA,NA,2011-01-05 03:52:00,0
2011-01-05 05:00:00,WIND,600702,1,HCM,1,18974,1011,190,16,190,25,422,6,6,6,6,6,NA,NA,NA,NA,2011-01-05 04:52:00,0
2011-01-05 06:00:00,WIND,600702,1,HCM,1,18974,1011,170,14,160,20,500,6,6,6,6,6,NA,NA,NA,NA,2011-01-05 05:52:00,0
2011-01-05 07:00:00,WIND,600702,1,HCM,1,18974,1011,220,6,170,14,550,6,6,6,6,6,NA,NA,NA,NA,2011-01-05 06:52:00,0
2011-01-05 08:00:00,WIND,600702,1,HCM,1,18974,1011,310,3,310,5,703,6,6,6,6,6,NA,NA,NA,NA,2011-01-05 07:52:00,0
2011-01-05 09:00:00,WIND,600702,1,HCM,1,18974,1011,240,3,70,11,846,6,6,6,6,6,NA,NA,NA,NA,2011-01-05 08:54:00,0
2011-01-05 10:00:00,WIND,600702,1,HCM,1,18974,1011,60,7,60,13,946,6,6,6,6,6,NA,NA,NA,NA,2011-01-05 09:52:00,0
2011-01-05 11:00:00,WIND,600702,1,HCM,1,18974,1011,50,8,50,12,1000,6,6,6,6,6,NA,NA,NA,NA,2011-01-05 10:52:00,0
2011-01-05 12:00:00,WIND,600702,1,HCM,1,18974,1011,30,5,30,10,1131,6,6,6,6,6,NA,NA,NA,NA,2011-01-05 11:52:00,0
2011-01-05 13:00:00,WIND,600702,1,HCM,1,18974,1011,20,12,10,19,1224,6,6,6,6,6,NA,NA,NA,NA,2011-01-05 12:53:00,0
2011-01-05 14:00:00,WIND,600702,1,HCM,1,18974,1011,20,13,20,19,1322,6,6,6,6,6,NA,NA,NA,NA,2011-01-05 13:52:00,0
2011-01-05 15:00:00,WIND,600702,1,HCM,1,18974,1011,20,9,20,14,1351,6,6,6,6,6,NA,NA,NA,NA,2011-01-05 14:52:00,0
2011-01-05 16:00:00,WIND,600702,1,HCM,1,18974,1011,360,6,10,9,1450,6,6,6,6,6,NA,NA,NA,NA,2011-01-05 15:52:00,0
2011-01-05 17:00:00,WIND,600702,1,HCM,1,18974,1011,330,7,330,10,1610,6,6,6,6,6,NA,NA,NA,NA,2011-01-05 16:52:00,0
2011-01-05 18:00:00,WIND,600702,1,HCM,1,18974,1011,330,11,320,17,1743,6,6,6,6,6,NA,NA,NA,NA,2011-01-05 17:52:00,0
2011-01-05 19:00:00,WIND,600702,1,HCM,1,18974,1011,330,12,330,17,1833,6,6,6,6,6,NA,NA,NA,NA,2011-01-05 18:52:00,0
2011-01-05 20:00:00,WIND,600702,1,HCM,1,18974,1011,330,13,330,19,1938,6,6,6,6,6,NA,NA,NA,NA,2011-01-05 19:51:00,0
2011-01-05 21:00:00,WIND,600702,1,HCM,1,18974,1011,340,15,340,21,2012,6,6,6,6,6,NA,NA,NA,NA,2011-01-05 20:54:00,0
2011-01-05 22:00:00,WIND,600702,1,HCM,1,18974,1011,350,17,360,23,2129,6,6,6,6,6,NA,NA,NA,NA,2011-01-05 21:52:00,0
2011-01-05 23:00:00,WIND,600702,1,HCM,1,18974,1011,360,18,350,26,2242,6,6,6,6,6,NA,NA,NA,NA,2011-01-05 22:52:00,0
2011-01-06 00:00:00,WIND,600702,1,HCM,1,18974,1011,360,19,350,27,2336,6,6,6,6,6,NA,NA,NA,NA,2011-01-05 23:52:00,0
2011-01-06 01:00:00,WIND,600702,1,HCM,1,18974,1011,10,22,360,31,27,6,6,6,6,6,NA,NA,NA,NA,2011-01-06 00:52:00,0
2011-01-06 02:00:00,WIND,600702,1,HCM,1,18974,1011,10,24,20,34,119,6,6,6,6,6,NA,NA,NA,NA,2011-01-06 01:52:00,0
2011-01-06 03:00:00,WIND,600702,1,HCM,1,18974,1011,10,23,10,33,249,6,6,6,6,6,NA,NA,NA,NA,2011-01-06 02:51:00,0
2011-01-06 04:00:00,WIND,600702,1,HCM,1,18974,1011,10,27,20,36,328,6,6,6,6,6,NA,NA,NA,NA,2011-01-06 03:51:00,0
2011-01-06 05:00:00,WIND,600702,1,HCM,1,18974,1011,10,26,360,37,409,6,6,6,6,6,NA,NA,NA,NA,2011-01-06 04:52:00,0
2011-01-06 06:00:00,WIND,600702,1,HCM,1,18974,1011,10,25,10,33,523,6,6,6,6,6,NA,NA,NA,NA,2011-01-06 05:52:00,0
2011-01-06 07:00:00,WIND,600702,1,HCM,1,18974,1011,10,23,360,32,553,6,6,6,6,6,NA,NA,NA,NA,2011-01-06 06:52:00,0
2011-01-06 08:00:00,WIND,600702,1,HCM,1,18974,1011,10,22,20,32,708,6,6,6,6,6,NA,NA,NA,NA,2011-01-06 07:52:00,0
2011-01-06 09:00:00,WIND,600702,1,HCM,1,18974,1011,360,19,350,27,830,6,6,6,6,6,NA,NA,NA,NA,2011-01-06 09:07:00,0
2011-01-06 10:00:00,WIND,600702,1,HCM,1,18974,1011,350,19,350,33,858,6,6,6,6,6,NA,NA,NA,NA,2011-01-06 09:52:00,0
2011-01-06 11:00:00,WIND,600702,1,HCM,1,18974,1011,350,19,360,27,1037,6,6,6,6,6,NA,NA,NA,NA,2011-01-06 10:52:00,0
2011-01-06 12:00:00,WIND,600702,1,HCM,1,18974,1011,350,18,350,29,1109,6,6,6,6,6,NA,NA,NA,NA,2011-01-06 11:52:00,0
2011-01-06 13:00:00,WIND,600702,1,HCM,1,18974,1011,350,17,350,24,1208,6,6,6,6,6,NA,NA,NA,NA,2011-01-06 12:53:00,0
2011-01-06 14:00:00,WIND,600702,1,HCM,1,18974,1011,330,16,330,31,1306,6,6,6,6,6,NA,NA,NA,NA,2011-01-06 13:52:00,0
2011-01-06 15:00:00,WIND,600702,1,HCM,1,18974,1011,350,14,350,23,1411,6,6,6,6,6,NA,NA,NA,NA,2011-01-06 14:52:00,0
2011-01-06 16:00:00,WIND,600702,1,HCM,1,18974,1011,340,15,350,29,1503,6,6,6,6,6,NA,NA,NA,NA,2011-01-06 15:53:00,0
2011-01-06 17:00:00,WIND,600702,1,HCM,1,18974,1011,340,11,350,24,1636,6,6,6,6,6,NA,NA,NA,NA,2011-01-06 16:52:00,0
2011-01-06 18:00:00,WIND,600702,1,HCM,1,18974,1011,330,10,340,17,1651,6,6,6,6,6,NA,NA,NA,NA,2011-01-06 17:52:00,0
2011-01-06 19:00:00,WIND,600702,1,HCM,1,18974,1011,330,11,350,21,1840,6,6,6,6,6,NA,NA,NA,NA,2011-01-06 18:53:00,0
2011-01-06 20:00:00,WIND,600702,1,HCM,1,18974,1011,360,5,350,17,1850,6,6,6,6,6,NA,NA,NA,NA,2011-01-06 19:52:00,0
2011-01-06 21:00:00,WIND,600702,1,HCM,1,18974,1011,330,7,360,15,2025,6,6,6,6,6,NA,NA,NA,NA,2011-01-06 20:55:00,0
2011-01-06 22:00:00,WIND,600702,1,HCM,1,18974,1011,340,3,350,7,2144,6,6,6,6,6,NA,NA,NA,NA,2011-01-06 21:52:00,0
2011-01-06 23:00:00,WIND,600702,1,HCM,1,18974,1011,270,3,320,12,2249,6,6,6,6,6,NA,NA,NA,NA,2011-01-06 22:52:00,0
2011-01-07 00:00:00,WIND,600702,1,HCM,1,18974,1011,250,3,300,10,2250,6,6,6,6,6,NA,NA,NA,NA,2011-01-06 23:52:00,0
2011-01-07 01:00:00,WIND,600702,1,HCM,1,18974,1011,230,1,190,3,2354,6,6,6,6,6,NA,NA,NA,NA,2011-01-07 00:51:00,0
2011-01-07 02:00:00,WIND,600702,1,HCM,1,18974,1011,230,2,280,5,149,6,6,6,6,6,NA,NA,NA,NA,2011-01-07 01:52:00,0
2011-01-07 03:00:00,WIND,600702,1,HCM,1,18974,1011,260,5,260,8,247,6,6,6,6,6,NA,NA,NA,NA,2011-01-07 02:52:00,0
2011-01-07 04:00:00,WIND,600702,1,HCM,1,18974,1011,220,7,200,9,349,6,6,6,6,6,NA,NA,NA,NA,2011-01-07 03:52:00,0
2011-01-07 05:00:00,WIND,600702,1,HCM,1,18974,1011,200,9,210,11,436,6,6,6,6,6,NA,NA,NA,NA,2011-01-07 04:52:00,0
2011-01-07 06:00:00,WIND,600702,1,HCM,1,18974,1011,200,9,200,14,541,6,6,6,6,6,NA,NA,NA,NA,2011-01-07 05:52:00,0
2011-01-07 07:00:00,WIND,600702,1,HCM,1,18974,1011,200,12,190,18,553,6,6,6,6,6,NA,NA,NA,NA,2011-01-07 06:52:00,0
2011-01-07 08:00:00,WIND,600702,1,HCM,1,18974,1011,200,13,190,19,736,6,6,6,6,6,NA,NA,NA,NA,2011-01-07 07:52:00,0
2011-01-07 09:00:00,WIND,600702,1,HCM,1,18974,1011,200,13,200,18,811,6,6,6,6,6,NA,NA,NA,NA,2011-01-07 08:54:00,0
2011-01-07 10:00:00,WIND,600702,1,HCM,1,18974,1011,200,16,190,23,944,6,6,6,6,6,NA,NA,NA,NA,2011-01-07 09:52:00,0
2011-01-07 11:00:00,WIND,600702,1,HCM,1,18974,1011,210,15,200,22,951,6,6,6,6,6,NA,NA,NA,NA,2011-01-07 10:52:00,0
2011-01-07 12:00:00,WIND,600702,1,HCM,1,18974,1011,200,17,190,27,1129,6,6,6,6,6,NA,NA,NA,NA,2011-01-07 11:52:00,0
2011-01-07 13:00:00,WIND,600702,1,HCM,1,18974,1011,190,20,180,28,1202,6,6,6,6,6,NA,NA,NA,NA,2011-01-07 12:53:00,0
2011-01-07 14:00:00,WIND,600702,1,HCM,1,18974,1011,200,16,190,23,1255,6,6,6,6,6,NA,NA,NA,NA,2011-01-07 13:53:00,0
2011-01-07 15:00:00,WIND,600702,1,HCM,1,18974,1011,200,15,190,21,1412,6,6,6,6,6,NA,NA,NA,NA,2011-01-07 14:52:00,0
2011-01-07 16:00:00,WIND,600702,1,HCM,1,18974,1011,200,12,190,19,1452,6,6,6,6,6,NA,NA,NA,NA,2011-01-07 15:52:00,0
2011-01-07 17:00:00,WIND,600702,1,HCM,1,18974,1011,210,8,200,13,1555,6,6,6,6,6,NA,NA,NA,NA,2011-01-07 16:52:00,0
2011-01-07 18:00:00,WIND,600702,1,HCM,1,18974,1011,190,10,180,15,1742,6,6,6,6,6,NA,NA,NA,NA,2011-01-07 17:52:00,0
2011-01-07 19:00:00,WIND,600702,1,HCM,1,18974,1011,170,13,160,18,1837,6,6,6,6,6,NA,NA,NA,NA,2011-01-07 18:52:00,0
2011-01-07 20:00:00,WIND,600702,1,HCM,1,18974,1011,170,12,150,17,1857,6,6,6,6,6,NA,NA,NA,NA,2011-01-07 19:52:00,0
2011-01-07 21:00:00,WIND,600702,1,HCM,1,18974,1011,160,13,150,19,2042,6,6,6,6,6,NA,NA,NA,NA,2011-01-07 20:55:00,0
2011-01-07 22:00:00,WIND,600702,1,HCM,1,18974,1011,150,13,150,19,2115,6,6,6,6,6,NA,NA,NA,NA,2011-01-07 21:52:00,0
2011-01-07 23:00:00,WIND,600702,1,HCM,1,18974,1011,160,11,150,17,2150,6,6,6,6,6,NA,NA,NA,NA,2011-01-07 22:52:00,0
2011-01-08 00:00:00,WIND,600702,1,HCM,1,18974,1011,170,9,180,12,2326,6,6,6,6,6,NA,NA,NA,NA,2011-01-07 23:52:00,0
2011-01-08 01:00:00,WIND,600702,1,HCM,1,18974,1011,180,9,170,13,3,6,6,6,6,6,NA,NA,NA,NA,2011-01-08 00:52:00,0
2011-01-08 02:00:00,WIND,600702,1,HCM,1,18974,1011,200,8,180,11,136,6,6,6,6,6,NA,NA,NA,NA,2011-01-08 01:52:00,0
2011-01-08 03:00:00,WIND,600702,1,HCM,1,18974,1011,210,5,200,9,153,6,6,6,6,6,NA,NA,NA,NA,2011-01-08 02:52:00,0
2011-01-08 04:00:00,WIND,600702,1,HCM,1,18974,1011,270,7,330,11,345,6,6,6,6,6,NA,NA,NA,NA,2011-01-08 03:52:00,0
2011-01-08 05:00:00,WIND,600702,1,HCM,1,18974,1011,340,14,310,24,439,6,6,6,6,6,NA,NA,NA,NA,2011-01-08 04:52:00,0
2011-01-08 06:00:00,WIND,600702,1,HCM,1,18974,1011,310,13,320,23,508,6,6,6,6,6,NA,NA,NA,NA,2011-01-08 05:52:00,0
2011-01-08 07:00:00,WIND,600702,1,HCM,1,18974,1011,260,6,280,10,550,6,6,6,6,6,NA,NA,NA,NA,2011-01-08 06:52:00,0
2011-01-08 08:00:00,WIND,600702,1,HCM,1,18974,1011,250,3,230,6,650,6,6,6,6,6,NA,NA,NA,NA,2011-01-08 07:52:00,0
2011-01-08 09:00:00,WIND,600702,1,HCM,1,18974,1011,270,1,250,4,750,6,6,6,6,6,NA,NA,NA,NA,2011-01-08 08:54:00,0
2011-01-08 10:00:00,WIND,600702,1,HCM,1,18974,1011,280,1,240,5,932,6,6,6,6,6,NA,NA,NA,NA,2011-01-08 09:52:00,0
2011-01-08 11:00:00,WIND,600702,1,HCM,1,18974,1011,180,2,200,3,950,6,6,6,6,6,NA,NA,NA,NA,2011-01-08 10:52:00,0
2011-01-08 12:00:00,WIND,600702,1,HCM,1,18974,1011,110,4,90,5,1146,6,6,6,6,6,NA,NA,NA,NA,2011-01-08 11:52:00,0
2011-01-08 13:00:00,WIND,600702,1,HCM,1,18974,1011,110,5,120,7,1248,6,6,6,6,6,NA,NA,NA,NA,2011-01-08 12:53:00,0
2011-01-08 14:00:00,WIND,600702,1,HCM,1,18974,1011,190,9,180,18,1258,6,6,6,6,6,NA,NA,NA,NA,2011-01-08 13:53:00,0
2011-01-08 15:00:00,WIND,600702,1,HCM,1,18974,1011,150,11,170,22,1403,6,6,6,6,6,NA,NA,NA,NA,2011-01-08 14:52:00,0
2011-01-08 16:00:00,WIND,600702,1,HCM,1,18974,1011,70,8,60,13,1546,6,6,6,6,6,NA,NA,NA,NA,2011-01-08 15:52:00,0
2011-01-08 17:00:00,WIND,600702,1,HCM,1,18974,1011,50,10,40,13,1634,6,6,6,6,6,NA,NA,NA,NA,2011-01-08 16:52:00,0
2011-01-08 18:00:00,WIND,600702,1,HCM,1,18974,1011,20,11,10,17,1701,6,6,6,6,6,NA,NA,NA,NA,2011-01-08 17:52:00,0
2011-01-08 19:00:00,WIND,600702,1,HCM,1,18974,1011,30,8,20,12,1835,6,6,6,6,6,NA,NA,NA,NA,2011-01-08 18:52:00,0
2011-01-08 20:00:00,WIND,600702,1,HCM,1,18974,1011,360,9,340,18,1943,6,6,6,6,6,NA,NA,NA,NA,2011-01-08 19:52:00,0
2011-01-08 21:00:00,WIND,600702,1,HCM,1,18974,1011,330,13,330,20,2011,6,6,6,6,6,NA,NA,NA,NA,2011-01-08 20:55:00,0
2011-01-08 22:00:00,WIND,600702,1,HCM,1,18974,1011,320,11,320,17,2117,6,6,6,6,6,NA,NA,NA,NA,2011-01-08 21:52:00,0
2011-01-08 23:00:00,WIND,600702,1,HCM,1,18974,1011,290,13,280,26,2212,6,6,6,6,6,NA,NA,NA,NA,2011-01-08 22:52:00,0
2011-01-09 00:00:00,WIND,600702,1,HCM,1,18974,1011,290,11,300,23,2329,6,6,6,6,6,NA,NA,NA,NA,2011-01-08 23:52:00,0
2011-01-09 01:00:00,WIND,600702,1,HCM,1,18974,1011,270,8,270,14,2351,6,6,6,6,6,NA,NA,NA,NA,2011-01-09 00:52:00,0
2011-01-09 02:00:00,WIND,600702,1,HCM,1,18974,1011,350,12,350,19,138,6,6,6,6,6,NA,NA,NA,NA,2011-01-09 01:52:00,0
2011-01-09 03:00:00,WIND,600702,1,HCM,1,18974,1011,340,16,340,22,228,6,6,6,6,6,NA,NA,NA,NA,2011-01-09 02:52:00,0
2011-01-09 04:00:00,WIND,600702,1,HCM,1,18974,1011,340,16,330,25,321,6,6,6,6,6,NA,NA,NA,NA,2011-01-09 03:52:00,0
2011-01-09 05:00:00,WIND,600702,1,HCM,1,18974,1011,330,16,320,31,440,6,6,6,6,6,NA,NA,NA,NA,2011-01-09 04:52:00,0
2011-01-09 06:00:00,WIND,600702,1,HCM,1,18974,1011,330,20,330,30,517,6,6,6,6,6,NA,NA,NA,NA,2011-01-09 05:52:00,0
2011-01-09 07:00:00,WIND,600702,1,HCM,1,18974,1011,320,20,310,30,600,6,6,6,6,6,NA,NA,NA,NA,2011-01-09 06:52:00,0
2011-01-09 08:00:00,WIND,600702,1,HCM,1,18974,1011,330,19,330,32,658,6,6,6,6,6,NA,NA,NA,NA,2011-01-09 07:52:00,0
2011-01-09 09:00:00,WIND,600702,1,HCM,1,18974,1011,330,14,330,20,806,6,6,6,6,6,NA,NA,NA,NA,2011-01-09 08:54:00,0
2011-01-09 10:00:00,WIND,600702,1,HCM,1,18974,1011,330,13,340,23,936,6,6,6,6,6,NA,NA,NA,NA,2011-01-09 09:52:00,0
2011-01-09 11:00:00,WIND,600702,1,HCM,1,18974,1011,330,10,330,15,953,6,6,6,6,6,NA,NA,NA,NA,2011-01-09 10:52:00,0
2011-01-09 12:00:00,WIND,600702,1,HCM,1,18974,1011,330,6,320,9,1051,6,6,6,6,6,NA,NA,NA,NA,2011-01-09 11:52:00,0
2011-01-09 13:00:00,WIND,600702,1,HCM,1,18974,1011,310,4,320,6,1200,6,6,6,6,6,NA,NA,NA,NA,2011-01-09 12:52:00,0
2011-01-09 14:00:00,WIND,600702,1,HCM,1,18974,1011,260,3,210,6,1344,6,6,6,6,6,NA,NA,NA,NA,2011-01-09 13:52:00,0
2011-01-09 15:00:00,WIND,600702,1,HCM,1,18974,1011,240,6,240,9,1404,6,6,6,6,6,NA,NA,NA,NA,2011-01-09 14:52:00,0
2011-01-09 16:00:00,WIND,600702,1,HCM,1,18974,1011,230,8,240,16,1509,6,6,6,6,6,NA,NA,NA,NA,2011-01-09 15:52:00,0
2011-01-09 17:00:00,WIND,600702,1,HCM,1,18974,1011,210,7,220,9,1557,6,6,6,6,6,NA,NA,NA,NA,2011-01-09 16:52:00,0
2011-01-09 18:00:00,WIND,600702,1,HCM,1,18974,1011,190,12,190,25,1728,6,6,6,6,6,NA,NA,NA,NA,2011-01-09 17:52:00,0
2011-01-09 19:00:00,WIND,600702,1,HCM,1,18974,1011,220,17,220,29,1826,6,6,6,6,6,NA,NA,NA,NA,2011-01-09 18:52:00,0
2011-01-09 20:00:00,WIND,600702,1,HCM,1,18974,1011,210,20,210,34,1902,6,6,6,6,6,NA,NA,NA,NA,2011-01-09 19:52:00,0
2011-01-09 21:00:00,WIND,600702,1,HCM,1,18974,1011,210,20,230,36,1955,6,6,6,6,6,NA,NA,NA,NA,2011-01-09 20:54:00,0
2011-01-09 22:00:00,WIND,600702,1,HCM,1,18974,1011,220,19,230,33,2059,6,6,6,6,6,NA,NA,NA,NA,2011-01-09 21:52:00,0
2011-01-09 23:00:00,WIND,600702,1,HCM,1,18974,1011,210,18,210,31,2153,6,6,6,6,6,NA,NA,NA,NA,2011-01-09 22:52:00,0
2011-01-10 00:00:00,WIND,600702,1,HCM,1,18974,1011,210,16,220,29,2302,6,6,6,6,6,NA,NA,NA,NA,2011-01-09 23:52:00,0
2011-01-10 01:00:00,WIND,600702,1,HCM,1,18974,1011,210,18,210,26,1,6,6,6,6,6,NA,NA,NA,NA,2011-01-10 00:52:00,0
2011-01-10 02:00:00,WIND,600702,1,HCM,1,18974,1011,210,16,220,28,133,6,6,6,6,6,NA,NA,NA,NA,2011-01-10 01:52:00,0
2011-01-10 03:00:00,WIND,600702,1,HCM,1,18974,1011,230,12,210,29,150,6,6,6,6,6,NA,NA,NA,NA,2011-01-10 02:52:00,0
2011-01-10 04:00:00,WIND,600702,1,HCM,1,18974,1011,200,13,190,21,311,6,6,6,6,6,NA,NA,NA,NA,2011-01-10 03:52:00,0
2011-01-10 05:00:00,WIND,600702,1,HCM,1,18974,1011,220,13,220,23,414,6,6,6,6,6,NA,NA,NA,NA,2011-01-10 04:52:00,0
2011-01-10 06:00:00,WIND,600702,1,HCM,1,18974,1011,180,9,180,12,526,6,6,6,6,6,NA,NA,NA,NA,2011-01-10 05:52:00,0
2011-01-10 07:00:00,WIND,600702,1,HCM,1,18974,1011,190,7,180,11,557,6,6,6,6,6,NA,NA,NA,NA,2011-01-10 06:52:00,0
2011-01-10 08:00:00,WIND,600702,1,HCM,1,18974,1011,220,8,260,17,737,6,6,6,6,6,NA,NA,NA,NA,2011-01-10 07:52:00,0
2011-01-10 09:00:00,WIND,600702,1,HCM,1,18974,1011,240,4,220,12,753,6,6,6,6,6,NA,NA,NA,NA,2011-01-10 08:54:00,0
2011-01-10 10:00:00,WIND,600702,1,HCM,1,18974,1011,190,5,180,9,933,6,6,6,6,6,NA,NA,NA,NA,2011-01-10 09:52:00,0
2011-01-10 11:00:00,WIND,600702,1,HCM,1,18974,1011,210,4,190,6,953,6,6,6,6,6,NA,NA,NA,NA,2011-01-10 10:52:00,0
2011-01-10 12:00:00,WIND,600702,1,HCM,1,18974,1011,130,3,50,6,1148,6,6,6,6,6,NA,NA,NA,NA,2011-01-10 11:52:00,0
2011-01-10 13:00:00,WIND,600702,1,HCM,1,18974,1011,60,8,70,12,1223,6,6,6,6,6,NA,NA,NA,NA,2011-01-10 12:52:00,0
2011-01-10 14:00:00,WIND,600702,1,HCM,1,18974,1011,80,9,80,12,1307,6,6,6,6,6,NA,NA,NA,NA,2011-01-10 13:52:00,0
2011-01-10 15:00:00,WIND,600702,1,HCM,1,18974,1011,80,9,80,13,1356,6,6,6,6,6,NA,NA,NA,NA,2011-01-10 14:52:00,0
2011-01-10 16:00:00,WIND,600702,1,HCM,1,18974,1011,80,7,70,11,1505,6,6,6,6,6,NA,NA,NA,NA,2011-01-10 15:52:00,0
2011-01-10 17:00:00,WIND,600702,1,HCM,1,18974,1011,60,7,50,12,1628,6,6,6,6,6,NA,NA,NA,NA,2011-01-10 16:52:00,0
2011-01-10 18:00:00,WIND,600702,1,HCM,1,18974,1011,60,10,60,13,1652,6,6,6,6,6,NA,NA,NA,NA,2011-01-10 17:52:00,0
2011-01-10 19:00:00,WIND,600702,1,HCM,1,18974,1011,60,9,50,14,1841,6,6,6,6,6,NA,NA,NA,NA,2011-01-10 18:52:00,0
2011-01-10 20:00:00,WIND,600702,1,HCM,1,18974,1011,60,12,50,17,1939,6,6,6,6,6,NA,NA,NA,NA,2011-01-10 19:52:00,0
2011-01-10 21:00:00,WIND,600702,1,HCM,1,18974,1011,50,12,50,19,1952,6,6,6,6,6,NA,NA,NA,NA,2011-01-10 20:54:00,0
2011-01-10 22:00:00,WIND,600702,1,HCM,1,18974,1011,50,11,50,16,2117,6,6,6,6,6,NA,NA,NA,NA,2011-01-10 21:52:00,0
2011-01-10 23:00:00,WIND,600702,1,HCM,1,18974,1011,40,11,40,17,2206,6,6,6,6,6,NA,NA,NA,NA,2011-01-10 22:51:00,0
2011-01-11 00:00:00,WIND,600702,1,HCM,1,18974,1011,30,12,20,16,2345,6,6,6,6,6,NA,NA,NA,NA,2011-01-10 23:51:00,0
2011-01-11 01:00:00,WIND,600702,1,HCM,1,18974,1011,30,13,30,18,23,6,6,6,6,6,NA,NA,NA,NA,2011-01-11 00:52:00,0
2011-01-11 02:00:00,WIND,600702,1,HCM,1,18974,1011,20,14,30,20,138,6,6,6,6,6,NA,NA,NA,NA,2011-01-11 01:52:00,0
2011-01-11 03:00:00,WIND,600702,1,HCM,1,18974,1011,20,13,10,18,207,6,6,6,6,6,NA,NA,NA,NA,2011-01-11 02:51:00,0
2011-01-11 04:00:00,WIND,600702,1,HCM,1,18974,1011,20,14,10,20,329,6,6,6,6,6,NA,NA,NA,NA,2011-01-11 03:52:00,0
2011-01-11 05:00:00,WIND,600702,1,HCM,1,18974,1011,20,13,20,19,445,6,6,6,6,6,NA,NA,NA,NA,2011-01-11 04:52:00,0
2011-01-11 06:00:00,WIND,600702,1,HCM,1,18974,1011,20,14,20,18,544,6,6,6,6,6,NA,NA,NA,NA,2011-01-11 05:52:00,0
2011-01-11 07:00:00,WIND,600702,1,HCM,1,18974,1011,20,16,20,21,618,6,6,6,6,6,NA,NA,NA,NA,2011-01-11 06:52:00,0
2011-01-11 08:00:00,WIND,600702,1,HCM,1,18974,1011,20,15,10,20,658,6,6,6,6,6,NA,NA,NA,NA,2011-01-11 07:52:00,0
2011-01-11 09:00:00,WIND,600702,1,HCM,1,18974,1011,30,12,40,17,803,6,6,6,6,6,NA,NA,NA,NA,2011-01-11 08:55:00,0
2011-01-11 10:00:00,WIND,600702,1,HCM,1,18974,1011,30,11,30,16,921,6,6,6,6,6,NA,NA,NA,NA,2011-01-11 09:51:00,0
2011-01-11 11:00:00,WIND,600702,1,HCM,1,18974,1011,40,9,50,14,1019,6,6,6,6,6,NA,NA,NA,NA,2011-01-11 10:52:00,0
2011-01-11 12:00:00,WIND,600702,1,HCM,1,18974,1011,100,2,70,7,1050,6,6,6,6,6,NA,NA,NA,NA,2011-01-11 11:52:00,0
2011-01-11 13:00:00,WIND,600702,1,HCM,1,18974,1011,110,2,80,5,1239,6,6,6,6,6,NA,NA,NA,NA,2011-01-11 12:52:00,0
2011-01-11 14:00:00,WIND,600702,1,HCM,1,18974,1011,130,1,190,3,1313,6,6,6,6,6,NA,NA,NA,NA,2011-01-11 13:52:00,0
2011-01-11 15:00:00,WIND,600702,1,HCM,1,18974,1011,140,3,110,5,1403,6,6,6,6,6,NA,NA,NA,NA,2011-01-11 14:52:00,0
2011-01-11 16:00:00,WIND,600702,1,HCM,1,18974,1011,160,5,160,7,1545,6,6,6,6,6,NA,NA,NA,NA,2011-01-11 15:53:00,0
2011-01-11 17:00:00,WIND,600702,1,HCM,1,18974,1011,140,6,150,8,1553,6,6,6,6,6,NA,NA,NA,NA,2011-01-11 16:53:00,0
2011-01-11 18:00:00,WIND,600702,1,HCM,1,18974,1011,130,7,130,11,1746,6,6,6,6,6,NA,NA,NA,NA,2011-01-11 17:52:00,0
2011-01-11 19:00:00,WIND,600702,1,HCM,1,18974,1011,150,14,150,19,1835,6,6,6,6,6,NA,NA,NA,NA,2011-01-11 18:52:00,0
2011-01-11 20:00:00,WIND,600702,1,HCM,1,18974,1011,150,18,150,25,1947,6,6,6,6,6,NA,NA,NA,NA,2011-01-11 19:52:00,0
2011-01-11 21:00:00,WIND,600702,1,HCM,1,18974,1011,150,21,150,27,2044,6,6,6,6,6,NA,NA,NA,NA,2011-01-11 20:54:00,0
2011-01-11 22:00:00,WIND,600702,1,HCM,1,18974,1011,150,23,150,32,2145,6,6,6,6,6,NA,NA,NA,NA,2011-01-11 21:51:00,0
2011-01-11 23:00:00,WIND,600702,1,HCM,1,18974,1011,150,26,160,35,2241,6,6,6,6,6,NA,NA,NA,NA,2011-01-11 22:52:00,0
2011-01-12 00:00:00,WIND,600702,1,HCM,1,18974,1011,160,29,160,39,2325,6,6,6,6,6,NA,NA,NA,NA,2011-01-11 23:52:00,0
2011-01-12 01:00:00,WIND,600702,1,HCM,1,18974,1011,160,31,160,43,34,6,6,6,6,6,NA,NA,NA,NA,2011-01-12 00:52:00,0
2011-01-12 02:00:00,WIND,600702,1,HCM,1,18974,1011,150,32,160,46,140,6,6,6,6,6,NA,NA,NA,NA,2011-01-12 01:52:00,0
2011-01-12 03:00:00,WIND,600702,1,HCM,1,18974,1011,160,31,160,41,221,6,6,6,6,6,NA,NA,NA,NA,2011-01-12 02:52:00,0
2011-01-12 04:00:00,WIND,600702,1,HCM,1,18974,1011,170,27,170,37,301,6,6,6,6,6,NA,NA,NA,NA,2011-01-12 03:52:00,0
2011-01-12 05:00:00,WIND,600702,1,HCM,1,18974,1011,180,23,170,31,352,6,6,6,6,6,NA,NA,NA,NA,2011-01-12 04:52:00,0
2011-01-12 06:00:00,WIND,600702,1,HCM,1,18974,1011,200,17,210,24,503,6,6,6,6,6,NA,NA,NA,NA,2011-01-12 05:52:00,0
2011-01-12 07:00:00,WIND,600702,1,HCM,1,18974,1011,210,15,200,21,551,6,6,6,6,6,NA,NA,NA,NA,2011-01-12 06:51:00,0
2011-01-12 08:00:00,WIND,600702,1,HCM,1,18974,1011,230,14,240,22,745,6,6,6,6,6,NA,NA,NA,NA,2011-01-12 07:51:00,0
2011-01-12 09:00:00,WIND,600702,1,HCM,1,18974,1011,240,15,240,22,836,6,6,6,6,6,NA,NA,NA,NA,2011-01-12 08:55:00,0
2011-01-12 10:00:00,WIND,600702,1,HCM,1,18974,1011,240,16,240,22,905,6,6,6,6,6,NA,NA,NA,NA,2011-01-12 09:52:00,0
2011-01-12 11:00:00,WIND,600702,1,HCM,1,18974,1011,240,15,240,21,952,6,6,6,6,6,NA,NA,NA,NA,2011-01-12 10:55:00,0
2011-01-12 12:00:00,WIND,600702,1,HCM,1,18974,1011,240,14,240,21,1125,6,6,6,6,6,NA,NA,NA,NA,2011-01-12 11:52:00,0
2011-01-12 13:00:00,WIND,600702,1,HCM,1,18974,1011,250,14,250,19,1220,6,6,6,6,6,NA,NA,NA,NA,2011-01-12 12:52:00,0
2011-01-12 14:00:00,WIND,600702,1,HCM,1,18974,1011,230,11,250,17,1320,6,6,6,6,6,NA,NA,NA,NA,2011-01-12 13:53:00,0
2011-01-12 15:00:00,WIND,600702,1,HCM,1,18974,1011,230,10,240,17,1402,6,6,6,6,6,NA,NA,NA,NA,2011-01-12 14:53:00,0
2011-01-12 16:00:00,WIND,600702,1,HCM,1,18974,1011,210,8,240,11,1450,6,6,6,6,6,NA,NA,NA,NA,2011-01-12 15:53:00,0
2011-01-12 17:00:00,WIND,600702,1,HCM,1,18974,1011,220,8,220,12,1610,6,6,6,6,6,NA,NA,NA,NA,2011-01-12 16:52:00,0
2011-01-12 18:00:00,WIND,600702,1,HCM,1,18974,1011,220,9,220,14,1723,6,6,6,6,6,NA,NA,NA,NA,2011-01-12 17:52:00,0
2011-01-12 19:00:00,WIND,600702,1,HCM,1,18974,1011,210,10,220,14,1804,6,6,6,6,6,NA,NA,NA,NA,2011-01-12 18:52:00,0
2011-01-12 20:00:00,WIND,600702,1,HCM,1,18974,1011,200,10,210,15,1922,6,6,6,6,6,NA,NA,NA,NA,2011-01-12 19:52:00,0
2011-01-12 21:00:00,WIND,600702,1,HCM,1,18974,1011,200,9,200,14,1954,6,6,6,6,6,NA,NA,NA,NA,2011-01-12 20:54:00,0
2011-01-12 22:00:00,WIND,600702,1,HCM,1,18974,1011,200,7,200,11,2052,6,6,6,6,6,NA,NA,NA,NA,2011-01-12 21:52:00,0
2011-01-12 23:00:00,WIND,600702,1,HCM,1,18974,1011,170,8,170,11,2234,6,6,6,6,6,NA,NA,NA,NA,2011-01-12 22:52:00,0
2011-01-13 00:00:00,WIND,600702,1,HCM,1,18974,1011,180,9,180,13,2334,6,6,6,6,6,NA,NA,NA,NA,2011-01-12 23:52:00,0
2011-01-13 01:00:00,WIND,600702,1,HCM,1,18974,1011,170,9,170,13,44,6,6,6,6,6,NA,NA,NA,NA,2011-01-13 00:52:00,0
2011-01-13 02:00:00,WIND,600702,1,HCM,1,18974,1011,170,12,170,16,134,6,6,6,6,6,NA,NA,NA,NA,2011-01-13 01:52:00,0
2011-01-13 03:00:00,WIND,600702,1,HCM,1,18974,1011,180,13,180,17,221,6,6,6,6,6,NA,NA,NA,NA,2011-01-13 02:52:00,0
2011-01-13 04:00:00,WIND,600702,1,HCM,1,18974,1011,190,13,180,19,304,6,6,6,6,6,NA,NA,NA,NA,2011-01-13 03:52:00,0
2011-01-13 05:00:00,WIND,600702,1,HCM,1,18974,1011,210,13,210,20,449,6,6,6,6,6,NA,NA,NA,NA,2011-01-13 04:52:00,0
2011-01-13 06:00:00,WIND,600702,1,HCM,1,18974,1011,230,15,230,22,501,6,6,6,6,6,NA,NA,NA,NA,2011-01-13 05:52:00,0
2011-01-13 07:00:00,WIND,600702,1,HCM,1,18974,1011,260,17,250,25,624,6,6,6,6,6,NA,NA,NA,NA,2011-01-13 06:51:00,0
2011-01-13 08:00:00,WIND,600702,1,HCM,1,18974,1011,250,15,250,21,712,6,6,6,6,6,NA,NA,NA,NA,2011-01-13 07:51:00,0
2011-01-13 09:00:00,WIND,600702,1,HCM,1,18974,1011,250,17,250,24,806,6,6,6,6,6,NA,NA,NA,NA,2011-01-13 08:59:00,0
2011-01-13 10:00:00,WIND,600702,1,HCM,1,18974,1011,250,16,250,22,901,6,6,6,6,6,NA,NA,NA,NA,2011-01-13 09:52:00,0
2011-01-13 11:00:00,WIND,600702,1,HCM,1,18974,1011,240,14,240,19,959,6,6,6,6,6,NA,NA,NA,NA,2011-01-13 11:38:00,0
2011-01-13 12:00:00,WIND,600702,1,HCM,1,18974,1011,240,13,250,18,1051,6,6,6,6,6,NA,NA,NA,NA,2011-01-13 11:52:00,0
2011-01-13 13:00:00,WIND,600702,1,HCM,1,18974,1011,230,13,230,19,1209,6,6,6,6,6,NA,NA,NA,NA,2011-01-13 12:52:00,0
2011-01-13 14:00:00,WIND,600702,1,HCM,1,18974,1011,220,14,230,20,1318,6,6,6,6,6,NA,NA,NA,NA,2011-01-13 13:52:00,0
2011-01-13 15:00:00,WIND,600702,1,HCM,1,18974,1011,230,13,230,20,1428,6,6,6,6,6,NA,NA,NA,NA,2011-01-13 14:52:00,0
2011-01-13 16:00:00,WIND,600702,1,HCM,1,18974,1011,220,13,220,19,1513,6,6,6,6,6,NA,NA,NA,NA,2011-01-13 15:53:00,0
2011-01-13 17:00:00,WIND,600702,1,HCM,1,18974,1011,210,13,220,22,1649,6,6,6,6,6,NA,NA,NA,NA,2011-01-13 16:54:00,0
2011-01-13 18:00:00,WIND,600702,1,HCM,1,18974,1011,210,13,220,21,1651,6,6,6,6,6,NA,NA,NA,NA,2011-01-13 17:52:00,0
2011-01-13 19:00:00,WIND,600702,1,HCM,1,18974,1011,200,13,210,17,1759,6,6,6,6,6,NA,NA,NA,NA,2011-01-13 18:52:00,0
2011-01-13 20:00:00,WIND,600702,1,HCM,1,18974,1011,200,13,210,18,1949,6,6,6,6,6,NA,NA,NA,NA,2011-01-13 19:52:00,0
2011-01-13 21:00:00,WIND,600702,1,HCM,1,18974,1011,200,11,200,18,1950,6,6,6,6,6,NA,NA,NA,NA,2011-01-13 20:54:00,0
2011-01-13 22:00:00,WIND,600702,1,HCM,1,18974,1011,200,12,190,16,2132,6,6,6,6,6,NA,NA,NA,NA,2011-01-13 21:52:00,0
2011-01-13 23:00:00,WIND,600702,1,HCM,1,18974,1011,190,11,190,15,2204,6,6,6,6,6,NA,NA,NA,NA,2011-01-13 22:52:00,0
2011-01-14 00:00:00,WIND,600702,1,HCM,1,18974,1011,190,12,190,17,2315,6,6,6,6,6,NA,NA,NA,NA,2011-01-13 23:52:00,0
2011-01-14 01:00:00,WIND,600702,1,HCM,1,18974,1011,180,13,180,17,25,6,6,6,6,6,NA,NA,NA,NA,2011-01-14 00:52:00,0
2011-01-14 02:00:00,WIND,600702,1,HCM,1,18974,1011,170,16,170,23,148,6,6,6,6,6,NA,NA,NA,NA,2011-01-14 01:52:00,0
2011-01-14 03:00:00,WIND,600702,1,HCM,1,18974,1011,190,19,180,27,223,6,6,6,6,6,NA,NA,NA,NA,2011-01-14 02:52:00,0
2011-01-14 04:00:00,WIND,600702,1,HCM,1,18974,1011,200,17,210,24,302,6,6,6,6,6,NA,NA,NA,NA,2011-01-14 03:52:00,0
2011-01-14 05:00:00,WIND,600702,1,HCM,1,18974,1011,210,15,210,23,436,6,6,6,6,6,NA,NA,NA,NA,2011-01-14 04:52:00,0
2011-01-14 06:00:00,WIND,600702,1,HCM,1,18974,1011,220,16,220,23,513,6,6,6,6,6,NA,NA,NA,NA,2011-01-14 05:52:00,0
2011-01-14 07:00:00,WIND,600702,1,HCM,1,18974,1011,210,17,210,26,645,6,6,6,6,6,NA,NA,NA,NA,2011-01-14 06:52:00,0
2011-01-14 08:00:00,WIND,600702,1,HCM,1,18974,1011,210,18,210,26,748,6,6,6,6,6,NA,NA,NA,NA,2011-01-14 07:52:00,0
2011-01-14 09:00:00,WIND,600702,1,HCM,1,18974,1011,200,16,220,25,750,6,6,6,6,6,NA,NA,NA,NA,2011-01-14 08:55:00,0
2011-01-14 10:00:00,WIND,600702,1,HCM,1,18974,1011,190,20,190,29,905,6,6,6,6,6,NA,NA,NA,NA,2011-01-14 09:52:00,0
2011-01-14 11:00:00,WIND,600702,1,HCM,1,18974,1011,210,19,190,31,958,6,6,6,6,6,NA,NA,NA,NA,2011-01-14 10:52:00,0
2011-01-14 12:00:00,WIND,600702,1,HCM,1,18974,1011,220,19,230,29,1119,6,6,6,6,6,NA,NA,NA,NA,2011-01-14 11:52:00,0
2011-01-14 13:00:00,WIND,600702,1,HCM,1,18974,1011,230,16,240,26,1241,6,6,6,6,6,NA,NA,NA,NA,2011-01-14 12:52:00,0
2011-01-14 14:00:00,WIND,600702,1,HCM,1,18974,1011,240,20,240,38,1303,6,6,6,6,6,NA,NA,NA,NA,2011-01-14 13:52:00,0
2011-01-14 15:00:00,WIND,600702,1,HCM,1,18974,1011,240,19,250,29,1426,6,6,6,6,6,NA,NA,NA,NA,2011-01-14 14:52:00,0
2011-01-14 16:00:00,WIND,600702,1,HCM,1,18974,1011,240,15,250,24,1545,6,6,6,6,6,NA,NA,NA,NA,2011-01-14 15:52:00,0
2011-01-14 17:00:00,WIND,600702,1,HCM,1,18974,1011,250,17,260,31,1601,6,6,6,6,6,NA,NA,NA,NA,2011-01-14 16:52:00,0
2011-01-14 18:00:00,WIND,600702,1,HCM,1,18974,1011,260,18,260,30,1706,6,6,6,6,6,NA,NA,NA,NA,2011-01-14 17:52:00,0
2011-01-14 19:00:00,WIND,600702,1,HCM,1,18974,1011,250,18,250,27,1756,6,6,6,6,6,NA,NA,NA,NA,2011-01-14 18:52:00,0
2011-01-14 20:00:00,WIND,600702,1,HCM,1,18974,1011,250,14,240,23,1946,6,6,6,6,6,NA,NA,NA,NA,2011-01-14 19:52:00,0
2011-01-14 21:00:00,WIND,600702,1,HCM,1,18974,1011,230,14,240,22,2008,6,6,6,6,6,NA,NA,NA,NA,2011-01-14 20:55:00,0
2011-01-14 22:00:00,WIND,600702,1,HCM,1,18974,1011,210,16,210,24,2141,6,6,6,6,6,NA,NA,NA,NA,2011-01-14 21:52:00,0
2011-01-14 23:00:00,WIND,600702,1,HCM,1,18974,1011,200,19,190,28,2249,6,6,6,6,6,NA,NA,NA,NA,2011-01-14 22:52:00,0
2011-01-15 00:00:00,WIND,600702,1,HCM,1,18974,1011,180,24,180,34,2347,6,6,6,6,6,NA,NA,NA,NA,2011-01-14 23:52:00,0
2011-01-15 01:00:00,WIND,600702,1,HCM,1,18974,1011,170,27,170,38,13,6,6,6,6,6,NA,NA,NA,NA,2011-01-15 00:52:00,0
2011-01-15 02:00:00,WIND,600702,1,HCM,1,18974,1011,160,33,160,47,147,6,6,6,6,6,NA,NA,NA,NA,2011-01-15 01:51:00,0
2011-01-15 03:00:00,WIND,600702,1,HCM,1,18974,1011,170,35,170,48,153,6,6,6,6,6,NA,NA,NA,NA,2011-01-15 02:52:00,0
2011-01-15 04:00:00,WIND,600702,1,HCM,1,18974,1011,190,32,190,46,308,6,6,6,6,6,NA,NA,NA,NA,2011-01-15 03:52:00,0
2011-01-15 05:00:00,WIND,600702,1,HCM,1,18974,1011,210,24,210,34,402,6,6,6,6,6,NA,NA,NA,NA,2011-01-15 04:52:00,0
2011-01-15 06:00:00,WIND,600702,1,HCM,1,18974,1011,220,23,230,32,523,6,6,6,6,6,NA,NA,NA,NA,2011-01-15 05:52:00,0
2011-01-15 07:00:00,WIND,600702,1,HCM,1,18974,1011,210,23,210,33,612,6,6,6,6,6,NA,NA,NA,NA,2011-01-15 06:52:00,0
2011-01-15 08:00:00,WIND,600702,1,HCM,1,18974,1011,210,21,210,33,659,6,6,6,6,6,NA,NA,NA,NA,2011-01-15 07:51:00,0
2011-01-15 09:00:00,WIND,600702,1,HCM,1,18974,1011,210,22,210,34,804,6,6,6,6,6,NA,NA,NA,NA,2011-01-15 08:54:00,0
2011-01-15 10:00:00,WIND,600702,1,HCM,1,18974,1011,210,23,200,36,931,6,6,6,6,6,NA,NA,NA,NA,2011-01-15 09:52:00,0
2011-01-15 11:00:00,WIND,600702,1,HCM,1,18974,1011,210,25,210,37,1021,6,6,6,6,6,NA,NA,NA,NA,2011-01-15 10:52:00,0
2011-01-15 12:00:00,WIND,600702,1,HCM,1,18974,1011,210,27,210,40,1118,6,6,6,6,6,NA,NA,NA,NA,2011-01-15 11:52:00,0
2011-01-15 13:00:00,WIND,600702,1,HCM,1,18974,1011,220,27,220,39,1249,6,6,6,6,6,NA,NA,NA,NA,2011-01-15 12:52:00,0
2011-01-15 14:00:00,WIND,600702,1,HCM,1,18974,1011,220,26,210,37,1328,6,6,6,6,6,NA,NA,NA,NA,2011-01-15 13:52:00,0
2011-01-15 15:00:00,WIND,600702,1,HCM,1,18974,1011,220,27,220,38,1412,6,6,6,6,6,NA,NA,NA,NA,2011-01-15 14:52:00,0
2011-01-15 16:00:00,WIND,600702,1,HCM,1,18974,1011,220,26,220,37,1514,6,6,6,6,6,NA,NA,NA,NA,2011-01-15 15:52:00,0
2011-01-15 17:00:00,WIND,600702,1,HCM,1,18974,1011,220,24,220,35,1648,6,6,6,6,6,NA,NA,NA,NA,2011-01-15 16:52:00,0
2011-01-15 18:00:00,WIND,600702,1,HCM,1,18974,1011,220,24,220,36,1743,6,6,6,6,6,NA,NA,NA,NA,2011-01-15 17:52:00,0
2011-01-15 19:00:00,WIND,600702,1,HCM,1,18974,1011,220,25,210,35,1805,6,6,6,6,6,NA,NA,NA,NA,2011-01-15 18:52:00,0
2011-01-15 20:00:00,WIND,600702,1,HCM,1,18974,1011,220,24,220,37,1903,6,6,6,6,6,NA,NA,NA,NA,2011-01-15 19:52:00,0
2011-01-15 21:00:00,WIND,600702,1,HCM,1,18974,1011,220,24,220,34,2005,6,6,6,6,6,NA,NA,NA,NA,2011-01-15 20:54:00,0
2011-01-15 22:00:00,WIND,600702,1,HCM,1,18974,1011,210,21,220,31,2058,6,6,6,6,6,NA,NA,NA,NA,2011-01-15 21:52:00,0
2011-01-15 23:00:00,WIND,600702,1,HCM,1,18974,1011,220,21,220,32,2230,6,6,6,6,6,NA,NA,NA,NA,2011-01-15 22:52:00,0
2011-01-16 00:00:00,WIND,600702,1,HCM,1,18974,1011,210,21,210,29,2313,6,6,6,6,6,NA,NA,NA,NA,2011-01-15 23:52:00,0
2011-01-16 01:00:00,WIND,600702,1,HCM,1,18974,1011,210,20,210,30,33,6,6,6,6,6,NA,NA,NA,NA,2011-01-16 00:52:00,0
2011-01-16 02:00:00,WIND,600702,1,HCM,1,18974,1011,210,20,210,28,132,6,6,6,6,6,NA,NA,NA,NA,2011-01-16 01:52:00,0
2011-01-16 03:00:00,WIND,600702,1,HCM,1,18974,1011,220,19,210,28,220,6,6,6,6,6,NA,NA,NA,NA,2011-01-16 02:52:00,0
2011-01-16 04:00:00,WIND,600702,1,HCM,1,18974,1011,210,19,210,28,328,6,6,6,6,6,NA,NA,NA,NA,2011-01-16 03:52:00,0
2011-01-16 05:00:00,WIND,600702,1,HCM,1,18974,1011,210,20,210,32,443,6,6,6,6,6,NA,NA,NA,NA,2011-01-16 04:52:00,0
2011-01-16 06:00:00,WIND,600702,1,HCM,1,18974,1011,210,21,210,30,505,6,6,6,6,6,NA,NA,NA,NA,2011-01-16 05:52:00,0
2011-01-16 07:00:00,WIND,600702,1,HCM,1,18974,1011,190,20,190,29,647,6,6,6,6,6,NA,NA,NA,NA,2011-01-16 06:52:00,0
2011-01-16 08:00:00,WIND,600702,1,HCM,1,18974,1011,200,29,210,47,741,6,6,6,6,6,NA,NA,NA,NA,2011-01-16 07:52:00,0
2011-01-16 09:00:00,WIND,600702,1,HCM,1,18974,1011,220,33,200,47,751,6,6,6,6,6,NA,NA,NA,NA,2011-01-16 08:54:00,0
2011-01-16 10:00:00,WIND,600702,1,HCM,1,18974,1011,240,27,250,41,946,6,6,6,6,6,NA,NA,NA,NA,2011-01-16 09:52:00,0
2011-01-16 11:00:00,WIND,600702,1,HCM,1,18974,1011,240,23,240,37,1049,6,6,6,6,6,NA,NA,NA,NA,2011-01-16 10:52:00,0
2011-01-16 12:00:00,WIND,600702,1,HCM,1,18974,1011,230,24,230,34,1050,6,6,6,6,6,NA,NA,NA,NA,2011-01-16 11:53:00,0
2011-01-16 13:00:00,WIND,600702,1,HCM,1,18974,1011,230,22,230,34,1216,6,6,6,6,6,NA,NA,NA,NA,2011-01-16 12:53:00,0
2011-01-16 14:00:00,WIND,600702,1,HCM,1,18974,1011,230,24,250,41,1253,6,6,6,6,6,NA,NA,NA,NA,2011-01-16 13:52:00,0
2011-01-16 15:00:00,WIND,600702,1,HCM,1,18974,1011,230,23,220,36,1403,6,6,6,6,6,NA,NA,NA,NA,2011-01-16 14:52:00,0
2011-01-16 16:00:00,WIND,600702,1,HCM,1,18974,1011,230,23,220,32,1512,6,6,6,6,6,NA,NA,NA,NA,2011-01-16 15:52:00,0
2011-01-16 17:00:00,WIND,600702,1,HCM,1,18974,1011,220,21,230,31,1601,6,6,6,6,6,NA,NA,NA,NA,2011-01-16 16:52:00,0
2011-01-16 18:00:00,WIND,600702,1,HCM,1,18974,1011,220,25,220,38,1735,6,6,6,6,6,NA,NA,NA,NA,2011-01-16 17:52:00,0
2011-01-16 19:00:00,WIND,600702,1,HCM,1,18974,1011,230,25,230,42,1830,6,6,6,6,6,NA,NA,NA,NA,2011-01-16 18:52:00,0
2011-01-16 20:00:00,WIND,600702,1,HCM,1,18974,1011,230,26,230,41,1901,6,6,6,6,6,NA,NA,NA,NA,2011-01-16 19:52:00,0
2011-01-16 21:00:00,WIND,600702,1,HCM,1,18974,1011,230,28,230,41,2001,6,6,6,6,6,NA,NA,NA,NA,2011-01-16 20:54:00,0
2011-01-16 22:00:00,WIND,600702,1,HCM,1,18974,1011,230,25,230,36,2143,6,6,6,6,6,NA,NA,NA,NA,2011-01-16 21:52:00,0
2011-01-16 23:00:00,WIND,600702,1,HCM,1,18974,1011,240,24,250,34,2247,6,6,6,6,6,NA,NA,NA,NA,2011-01-16 22:52:00,0
2011-01-17 00:00:00,WIND,600702,1,HCM,1,18974,1011,250,24,240,35,2328,6,6,6,6,6,NA,NA,NA,NA,2011-01-16 23:52:00,0
2011-01-17 01:00:00,WIND,600702,1,HCM,1,18974,1011,260,20,270,31,42,6,6,6,6,6,NA,NA,NA,NA,2011-01-17 00:52:00,0
2011-01-17 02:00:00,WIND,600702,1,HCM,1,18974,1011,260,19,270,30,124,6,6,6,6,6,NA,NA,NA,NA,2011-01-17 01:52:00,0
2011-01-17 03:00:00,WIND,600702,1,HCM,1,18974,1011,260,19,260,28,158,6,6,6,6,6,NA,NA,NA,NA,2011-01-17 02:52:00,0
2011-01-17 04:00:00,WIND,600702,1,HCM,1,18974,1011,250,19,260,28,257,6,6,6,6,6,NA,NA,NA,NA,2011-01-17 03:52:00,0
2011-01-17 05:00:00,WIND,600702,1,HCM,1,18974,1011,260,17,260,27,429,6,6,6,6,6,NA,NA,NA,NA,2011-01-17 04:52:00,0
2011-01-17 06:00:00,WIND,600702,1,HCM,1,18974,1011,270,16,270,25,511,6,6,6,6,6,NA,NA,NA,NA,2011-01-17 05:52:00,0
2011-01-17 07:00:00,WIND,600702,1,HCM,1,18974,1011,250,9,260,13,630,6,6,6,6,6,NA,NA,NA,NA,2011-01-17 06:52:00,0
2011-01-17 08:00:00,WIND,600702,1,HCM,1,18974,1011,260,11,260,22,657,6,6,6,6,6,NA,NA,NA,NA,2011-01-17 07:52:00,0
2011-01-17 09:00:00,WIND,600702,1,HCM,1,18974,1011,260,11,260,17,829,6,6,6,6,6,NA,NA,NA,NA,2011-01-17 11:28:00,0
2011-01-17 10:00:00,WIND,600702,1,HCM,1,18974,1011,260,11,260,17,852,6,6,6,6,6,NA,NA,NA,NA,2011-01-17 11:35:00,0
2011-01-17 11:00:00,WIND,600702,1,HCM,1,18974,1011,260,9,290,15,1041,6,6,6,6,6,NA,NA,NA,NA,2011-01-17 11:40:00,0
2011-01-17 12:00:00,WIND,600702,1,HCM,1,18974,1011,270,9,290,25,1149,6,6,6,6,6,NA,NA,NA,NA,2011-01-17 11:54:00,0
2011-01-17 13:00:00,WIND,600702,1,HCM,1,18974,1011,270,12,290,23,1150,6,6,6,6,6,NA,NA,NA,NA,2011-01-17 12:53:00,0
2011-01-17 14:00:00,WIND,600702,1,HCM,1,18974,1011,240,11,230,16,1328,6,6,6,6,6,NA,NA,NA,NA,2011-01-17 13:53:00,0
2011-01-17 15:00:00,WIND,600702,1,HCM,1,18974,1011,240,11,260,16,1449,6,6,6,6,6,NA,NA,NA,NA,2011-01-17 14:53:00,0
2011-01-17 16:00:00,WIND,600702,1,HCM,1,18974,1011,250,12,240,18,1523,6,6,6,6,6,NA,NA,NA,NA,2011-01-17 15:53:00,0
2011-01-17 17:00:00,WIND,600702,1,HCM,1,18974,1011,280,10,290,16,1607,6,6,6,6,6,NA,NA,NA,NA,2011-01-17 16:53:00,0
2011-01-17 18:00:00,WIND,600702,1,HCM,1,18974,1011,280,9,250,18,1746,6,6,6,6,6,NA,NA,NA,NA,2011-01-17 17:52:00,0
2011-01-17 19:00:00,WIND,600702,1,HCM,1,18974,1011,280,11,260,22,1759,6,6,6,6,6,NA,NA,NA,NA,2011-01-17 18:52:00,0
2011-01-17 20:00:00,WIND,600702,1,HCM,1,18974,1011,270,10,270,22,1921,6,6,6,6,6,NA,NA,NA,NA,2011-01-17 19:53:00,0
2011-01-17 21:00:00,WIND,600702,1,HCM,1,18974,1011,290,9,310,18,2041,6,6,6,6,6,NA,NA,NA,NA,2011-01-17 20:54:00,0
2011-01-17 22:00:00,WIND,600702,1,HCM,1,18974,1011,300,8,300,14,2051,6,6,6,6,6,NA,NA,NA,NA,2011-01-17 21:52:00,0
2011-01-17 23:00:00,WIND,600702,1,HCM,1,18974,1011,280,11,300,18,2209,6,6,6,6,6,NA,NA,NA,NA,2011-01-17 22:52:00,0
2011-01-18 00:00:00,WIND,600702,1,HCM,1,18974,1011,260,9,270,13,2250,6,6,6,6,6,NA,NA,NA,NA,2011-01-17 23:52:00,0
2011-01-18 01:00:00,WIND,600702,1,HCM,1,18974,1011,270,11,260,18,28,6,6,6,6,6,NA,NA,NA,NA,2011-01-18 00:52:00,0
2011-01-18 02:00:00,WIND,600702,1,HCM,1,18974,1011,280,9,290,15,53,6,6,6,6,6,NA,NA,NA,NA,2011-01-18 01:52:00,0
2011-01-18 03:00:00,WIND,600702,1,HCM,1,18974,1011,280,10,290,27,158,6,6,6,6,6,NA,NA,NA,NA,2011-01-18 02:51:00,0
2011-01-18 04:00:00,WIND,600702,1,HCM,1,18974,1011,260,6,270,9,346,6,6,6,6,6,NA,NA,NA,NA,2011-01-18 03:51:00,0
2011-01-18 05:00:00,WIND,600702,1,HCM,1,18974,1011,300,11,320,21,430,6,6,6,6,6,NA,NA,NA,NA,2011-01-18 04:52:00,0
2011-01-18 06:00:00,WIND,600702,1,HCM,1,18974,1011,300,8,320,15,508,6,6,6,6,6,NA,NA,NA,NA,2011-01-18 05:52:00,0
2011-01-18 07:00:00,WIND,600702,1,HCM,1,18974,1011,300,8,320,17,611,6,6,6,6,6,NA,NA,NA,NA,2011-01-18 06:51:00,0
2011-01-18 08:00:00,WIND,600702,1,HCM,1,18974,1011,290,12,280,19,734,6,6,6,6,6,NA,NA,NA,NA,2011-01-18 07:51:00,0
2011-01-18 09:00:00,WIND,600702,1,HCM,1,18974,1011,290,12,290,19,820,6,6,6,6,6,NA,NA,NA,NA,2011-01-18 08:54:00,0
2011-01-18 10:00:00,WIND,600702,1,HCM,1,18974,1011,310,13,320,23,948,6,6,6,6,6,NA,NA,NA,NA,2011-01-18 09:51:00,0
2011-01-18 11:00:00,WIND,600702,1,HCM,1,18974,1011,300,12,290,25,1037,6,6,6,6,6,NA,NA,NA,NA,2011-01-18 10:52:00,0
2011-01-18 12:00:00,WIND,600702,1,HCM,1,18974,1011,290,10,330,19,1146,6,6,6,6,6,NA,NA,NA,NA,2011-01-18 11:52:00,0
2011-01-18 13:00:00,WIND,600702,1,HCM,1,18974,1011,270,11,280,23,1155,6,6,6,6,6,NA,NA,NA,NA,2011-01-18 12:52:00,0
2011-01-18 14:00:00,WIND,600702,1,HCM,1,18974,1011,270,12,280,20,1329,6,6,6,6,6,NA,NA,NA,NA,2011-01-18 13:51:00,0
2011-01-18 15:00:00,WIND,600702,1,HCM,1,18974,1011,290,15,300,31,1401,6,6,6,6,6,NA,NA,NA,NA,2011-01-18 14:53:00,0
2011-01-18 16:00:00,WIND,600702,1,HCM,1,18974,1011,280,13,280,25,1506,6,6,6,6,6,NA,NA,NA,NA,2011-01-18 15:52:00,0
2011-01-18 17:00:00,WIND,600702,1,HCM,1,18974,1011,290,12,270,18,1641,6,6,6,6,6,NA,NA,NA,NA,2011-01-18 16:52:00,0
2011-01-18 18:00:00,WIND,600702,1,HCM,1,18974,1011,300,13,300,30,1659,6,6,6,6,6,NA,NA,NA,NA,2011-01-18 17:51:00,0
2011-01-18 19:00:00,WIND,600702,1,HCM,1,18974,1011,300,8,350,17,1815,6,6,6,6,6,NA,NA,NA,NA,2011-01-18 18:51:00,0
2011-01-18 20:00:00,WIND,600702,1,HCM,1,18974,1011,280,13,280,19,1932,6,6,6,6,6,NA,NA,NA,NA,2011-01-18 19:51:00,0
2011-01-18 21:00:00,WIND,600702,1,HCM,1,18974,1011,280,11,290,16,2048,6,6,6,6,6,NA,NA,NA,NA,2011-01-18 20:54:00,0
2011-01-18 22:00:00,WIND,600702,1,HCM,1,18974,1011,290,11,320,19,2117,6,6,6,6,6,NA,NA,NA,NA,2011-01-18 21:51:00,0
2011-01-18 23:00:00,WIND,600702,1,HCM,1,18974,1011,280,11,280,18,2226,6,6,6,6,6,NA,NA,NA,NA,2011-01-18 22:52:00,0
2011-01-19 00:00:00,WIND,600702,1,HCM,1,18974,1011,280,9,280,14,2250,6,6,6,6,6,NA,NA,NA,NA,2011-01-18 23:52:00,0
2011-01-19 01:00:00,WIND,600702,1,HCM,1,18974,1011,270,9,270,11,2352,6,6,6,6,6,NA,NA,NA,NA,2011-01-19 00:52:00,0
2011-01-19 02:00:00,WIND,600702,1,HCM,1,18974,1011,250,7,260,10,57,6,6,6,6,6,NA,NA,NA,NA,2011-01-19 01:51:00,0
2011-01-19 03:00:00,WIND,600702,1,HCM,1,18974,1011,260,8,260,12,227,6,6,6,6,6,NA,NA,NA,NA,2011-01-19 02:51:00,0
2011-01-19 04:00:00,WIND,600702,1,HCM,1,18974,1011,260,10,260,15,313,6,6,6,6,6,NA,NA,NA,NA,2011-01-19 03:51:00,0
2011-01-19 05:00:00,WIND,600702,1,HCM,1,18974,1011,260,8,260,13,440,6,6,6,6,6,NA,NA,NA,NA,2011-01-19 04:52:00,0
2011-01-19 06:00:00,WIND,600702,1,HCM,1,18974,1011,250,9,250,13,521,6,6,6,6,6,NA,NA,NA,NA,2011-01-19 05:52:00,0
2011-01-19 07:00:00,WIND,600702,1,HCM,1,18974,1011,250,6,240,9,558,6,6,6,6,6,NA,NA,NA,NA,2011-01-19 06:51:00,0
2011-01-19 08:00:00,WIND,600702,1,HCM,1,18974,1011,230,8,240,12,748,6,6,6,6,6,NA,NA,NA,NA,2011-01-19 07:52:00,0
2011-01-19 09:00:00,WIND,600702,1,HCM,1,18974,1011,230,8,230,11,820,6,6,6,6,6,NA,NA,NA,NA,2011-01-19 08:54:00,0
2011-01-19 10:00:00,WIND,600702,1,HCM,1,18974,1011,220,9,220,13,941,6,6,6,6,6,NA,NA,NA,NA,2011-01-19 09:52:00,0
2011-01-19 11:00:00,WIND,600702,1,HCM,1,18974,1011,210,11,210,15,1007,6,6,6,6,6,NA,NA,NA,NA,2011-01-19 10:51:00,0
2011-01-19 12:00:00,WIND,600702,1,HCM,1,18974,1011,220,11,220,17,1144,6,6,6,6,6,NA,NA,NA,NA,2011-01-19 11:52:00,0
2011-01-19 13:00:00,WIND,600702,1,HCM,1,18974,1011,210,11,220,16,1153,6,6,6,6,6,NA,NA,NA,NA,2011-01-19 12:54:00,0
2011-01-19 14:00:00,WIND,600702,1,HCM,1,18974,1011,220,12,220,16,1304,6,6,6,6,6,NA,NA,NA,NA,2011-01-19 13:54:00,0
2011-01-19 15:00:00,WIND,600702,1,HCM,1,18974,1011,230,10,210,14,1350,6,6,6,6,6,NA,NA,NA,NA,2011-01-19 14:52:00,0
2011-01-19 16:00:00,WIND,600702,1,HCM,1,18974,1011,220,8,230,13,1453,6,6,6,6,6,NA,NA,NA,NA,2011-01-19 15:52:00,0
2011-01-19 17:00:00,WIND,600702,1,HCM,1,18974,1011,220,8,210,13,1614,6,6,6,6,6,NA,NA,NA,NA,2011-01-19 16:53:00,0
2011-01-19 18:00:00,WIND,600702,1,HCM,1,18974,1011,220,7,220,10,1657,6,6,6,6,6,NA,NA,NA,NA,2011-01-19 17:52:00,0
2011-01-19 19:00:00,WIND,600702,1,HCM,1,18974,1011,220,8,220,11,1823,6,6,6,6,6,NA,NA,NA,NA,2011-01-19 18:52:00,0
2011-01-19 20:00:00,WIND,600702,1,HCM,1,18974,1011,210,8,210,10,1933,6,6,6,6,6,NA,NA,NA,NA,2011-01-19 19:52:00,0
2011-01-19 21:00:00,WIND,600702,1,HCM,1,18974,1011,200,7,190,10,2044,6,6,6,6,6,NA,NA,NA,NA,2011-01-19 20:54:00,0
2011-01-19 22:00:00,WIND,600702,1,HCM,1,18974,1011,190,9,180,13,2117,6,6,6,6,6,NA,NA,NA,NA,2011-01-19 21:52:00,0
2011-01-19 23:00:00,WIND,600702,1,HCM,1,18974,1011,200,8,190,10,2216,6,6,6,6,6,NA,NA,NA,NA,2011-01-19 22:52:00,0
2011-01-20 00:00:00,WIND,600702,1,HCM,1,18974,1011,190,8,190,11,2323,6,6,6,6,6,NA,NA,NA,NA,2011-01-19 23:52:00,0
2011-01-20 01:00:00,WIND,600702,1,HCM,1,18974,1011,190,8,190,11,26,6,6,6,6,6,NA,NA,NA,NA,2011-01-20 00:52:00,0
2011-01-20 02:00:00,WIND,600702,1,HCM,1,18974,1011,200,7,190,9,149,6,6,6,6,6,NA,NA,NA,NA,2011-01-20 01:52:00,0
2011-01-20 03:00:00,WIND,600702,1,HCM,1,18974,1011,200,7,200,9,154,6,6,6,6,6,NA,NA,NA,NA,2011-01-20 02:52:00,0
2011-01-20 04:00:00,WIND,600702,1,HCM,1,18974,1011,210,6,200,9,345,6,6,6,6,6,NA,NA,NA,NA,2011-01-20 03:52:00,0
2011-01-20 05:00:00,WIND,600702,1,HCM,1,18974,1011,200,7,190,9,410,6,6,6,6,6,NA,NA,NA,NA,2011-01-20 04:52:00,0
2011-01-20 06:00:00,WIND,600702,1,HCM,1,18974,1011,210,8,220,11,501,6,6,6,6,6,NA,NA,NA,NA,2011-01-20 05:52:00,0
2011-01-20 07:00:00,WIND,600702,1,HCM,1,18974,1011,210,8,200,11,640,6,6,6,6,6,NA,NA,NA,NA,2011-01-20 06:51:00,0
2011-01-20 08:00:00,WIND,600702,1,HCM,1,18974,1011,210,8,200,10,738,6,6,6,6,6,NA,NA,NA,NA,2011-01-20 07:51:00,0
2011-01-20 09:00:00,WIND,600702,1,HCM,1,18974,1011,210,8,210,9,802,6,6,6,6,6,NA,NA,NA,NA,2011-01-20 08:54:00,0
2011-01-20 10:00:00,WIND,600702,1,HCM,1,18974,1011,200,8,200,10,907,6,6,6,6,6,NA,NA,NA,NA,2011-01-20 09:52:00,0
2011-01-20 11:00:00,WIND,600702,1,HCM,1,18974,1011,200,7,210,10,954,6,6,6,6,6,NA,NA,NA,NA,2011-01-20 10:52:00,0
2011-01-20 12:00:00,WIND,600702,1,HCM,1,18974,1011,200,7,190,10,1147,6,6,6,6,6,NA,NA,NA,NA,2011-01-20 11:52:00,0
2011-01-20 13:00:00,WIND,600702,1,HCM,1,18974,1011,210,9,220,13,1224,6,6,6,6,6,NA,NA,NA,NA,2011-01-20 12:52:00,0
2011-01-20 14:00:00,WIND,600702,1,HCM,1,18974,1011,210,9,210,13,1301,6,6,6,6,6,NA,NA,NA,NA,2011-01-20 13:52:00,0
2011-01-20 15:00:00,WIND,600702,1,HCM,1,18974,1011,210,9,210,14,1447,6,6,6,6,6,NA,NA,NA,NA,2011-01-20 14:52:00,0
2011-01-20 16:00:00,WIND,600702,1,HCM,1,18974,1011,210,9,220,13,1515,6,6,6,6,6,NA,NA,NA,NA,2011-01-20 15:52:00,0
2011-01-20 17:00:00,WIND,600702,1,HCM,1,18974,1011,210,9,200,13,1647,6,6,6,6,6,NA,NA,NA,NA,2011-01-20 16:52:00,0
2011-01-20 18:00:00,WIND,600702,1,HCM,1,18974,1011,210,9,210,14,1735,6,6,6,6,6,NA,NA,NA,NA,2011-01-20 17:52:00,0
2011-01-20 19:00:00,WIND,600702,1,HCM,1,18974,1011,200,9,200,13,1813,6,6,6,6,6,NA,NA,NA,NA,2011-01-20 18:52:00,0
2011-01-20 20:00:00,WIND,600702,1,HCM,1,18974,1011,200,9,210,13,1920,6,6,6,6,6,NA,NA,NA,NA,2011-01-20 19:52:00,0
2011-01-20 21:00:00,WIND,600702,1,HCM,1,18974,1011,210,9,190,13,2013,6,6,6,6,6,NA,NA,NA,NA,2011-01-20 20:55:00,0
2011-01-20 22:00:00,WIND,600702,1,HCM,1,18974,1011,220,8,220,14,2146,6,6,6,6,6,NA,NA,NA,NA,2011-01-20 21:52:00,0
2011-01-20 23:00:00,WIND,600702,1,HCM,1,18974,1011,210,9,220,14,2157,6,6,6,6,6,NA,NA,NA,NA,2011-01-20 22:52:00,0
2011-01-21 00:00:00,WIND,600702,1,HCM,1,18974,1011,230,10,240,15,2312,6,6,6,6,6,NA,NA,NA,NA,2011-01-20 23:52:00,0
2011-01-21 01:00:00,WIND,600702,1,HCM,1,18974,1011,250,10,250,14,16,6,6,6,6,6,NA,NA,NA,NA,2011-01-21 00:52:00,0
2011-01-21 02:00:00,WIND,600702,1,HCM,1,18974,1011,240,10,240,14,138,6,6,6,6,6,NA,NA,NA,NA,2011-01-21 01:52:00,0
2011-01-21 03:00:00,WIND,600702,1,HCM,1,18974,1011,240,11,240,16,244,6,6,6,6,6,NA,NA,NA,NA,2011-01-21 02:52:00,0
2011-01-21 04:00:00,WIND,600702,1,HCM,1,18974,1011,240,12,240,18,310,6,6,6,6,6,NA,NA,NA,NA,2011-01-21 03:52:00,0
2011-01-21 05:00:00,WIND,600702,1,HCM,1,18974,1011,240,13,230,19,416,6,6,6,6,6,NA,NA,NA,NA,2011-01-21 04:52:00,0
2011-01-21 06:00:00,WIND,600702,1,HCM,1,18974,1011,240,12,250,18,501,6,6,6,6,6,NA,NA,NA,NA,2011-01-21 05:52:00,0
2011-01-21 07:00:00,WIND,600702,1,HCM,1,18974,1011,240,10,230,14,553,6,6,6,6,6,NA,NA,NA,NA,2011-01-21 06:52:00,0
2011-01-21 08:00:00,WIND,600702,1,HCM,1,18974,1011,240,10,250,16,736,6,6,6,6,6,NA,NA,NA,NA,2011-01-21 07:52:00,0
2011-01-21 09:00:00,WIND,600702,1,HCM,1,18974,1011,240,10,240,13,845,6,6,6,6,6,NA,NA,NA,NA,2011-01-21 08:55:00,0
2011-01-21 10:00:00,WIND,600702,1,HCM,1,18974,1011,250,10,250,16,927,6,6,6,6,6,NA,NA,NA,NA,2011-01-21 09:52:00,0
2011-01-21 11:00:00,WIND,600702,1,HCM,1,18974,1011,260,10,260,16,1047,6,6,6,6,6,NA,NA,NA,NA,2011-01-21 10:52:00,0
2011-01-21 12:00:00,WIND,600702,1,HCM,1,18974,1011,260,11,270,16,1128,6,6,6,6,6,NA,NA,NA,NA,2011-01-21 11:52:00,0
2011-01-21 13:00:00,WIND,600702,1,HCM,1,18974,1011,270,9,260,14,1154,6,6,6,6,6,NA,NA,NA,NA,2011-01-21 12:52:00,0
2011-01-21 14:00:00,WIND,600702,1,HCM,1,18974,1011,270,10,260,14,1316,6,6,6,6,6,NA,NA,NA,NA,2011-01-21 13:52:00,0
2011-01-21 15:00:00,WIND,600702,1,HCM,1,18974,1011,270,9,260,13,1352,6,6,6,6,6,NA,NA,NA,NA,2011-01-21 14:52:00,0
2011-01-21 16:00:00,WIND,600702,1,HCM,1,18974,1011,270,7,270,10,1458,6,6,6,6,6,NA,NA,NA,NA,2011-01-21 15:52:00,0
2011-01-21 17:00:00,WIND,600702,1,HCM,1,18974,1011,270,7,270,7,1616,6,6,6,6,6,NA,NA,NA,NA,2011-01-21 16:52:00,0
2011-01-21 18:00:00,WIND,600702,1,HCM,1,18974,1011,270,6,270,7,1650,6,6,6,6,6,NA,NA,NA,NA,2011-01-21 17:52:00,0
2011-01-21 19:00:00,WIND,600702,1,HCM,1,18974,1011,270,5,260,6,1756,6,6,6,6,6,NA,NA,NA,NA,2011-01-21 18:52:00,0
2011-01-21 20:00:00,WIND,600702,1,HCM,1,18974,1011,280,6,280,7,1933,6,6,6,6,6,NA,NA,NA,NA,2011-01-21 19:52:00,0
2011-01-21 21:00:00,WIND,600702,1,HCM,1,18974,1011,280,5,280,7,1956,6,6,6,6,6,NA,NA,NA,NA,2011-01-21 20:54:00,0
2011-01-21 22:00:00,WIND,600702,1,HCM,1,18974,1011,300,4,310,6,2148,6,6,6,6,6,NA,NA,NA,NA,2011-01-21 21:51:00,0
2011-01-21 23:00:00,WIND,600702,1,HCM,1,18974,1011,310,5,310,7,2156,6,6,6,6,6,NA,NA,NA,NA,2011-01-21 22:51:00,0
2011-01-22 00:00:00,WIND,600702,1,HCM,1,18974,1011,310,6,310,6,2309,6,6,6,6,6,NA,NA,NA,NA,2011-01-21 23:52:00,0
2011-01-22 01:00:00,WIND,600702,1,HCM,1,18974,1011,280,5,270,7,25,6,6,6,6,6,NA,NA,NA,NA,2011-01-22 00:52:00,0
2011-01-22 02:00:00,WIND,600702,1,HCM,1,18974,1011,280,6,280,8,101,6,6,6,6,6,NA,NA,NA,NA,2011-01-22 01:52:00,0
2011-01-22 03:00:00,WIND,600702,1,HCM,1,18974,1011,300,6,290,8,232,6,6,6,6,6,NA,NA,NA,NA,2011-01-22 02:52:00,0
2011-01-22 04:00:00,WIND,600702,1,HCM,1,18974,1011,300,6,300,8,341,6,6,6,6,6,NA,NA,NA,NA,2011-01-22 03:52:00,0
2011-01-22 05:00:00,WIND,600702,1,HCM,1,18974,1011,300,7,300,8,413,6,6,6,6,6,NA,NA,NA,NA,2011-01-22 04:52:00,0
2011-01-22 06:00:00,WIND,600702,1,HCM,1,18974,1011,300,6,310,7,450,6,6,6,6,6,NA,NA,NA,NA,2011-01-22 05:52:00,0
2011-01-22 07:00:00,WIND,600702,1,HCM,1,18974,1011,300,5,300,8,639,6,6,6,6,6,NA,NA,NA,NA,2011-01-22 06:52:00,0
2011-01-22 08:00:00,WIND,600702,1,HCM,1,18974,1011,300,6,300,8,734,6,6,6,6,6,NA,NA,NA,NA,2011-01-22 07:52:00,0
2011-01-22 09:00:00,WIND,600702,1,HCM,1,18974,1011,300,6,300,7,842,6,6,6,6,6,NA,NA,NA,NA,2011-01-22 08:54:00,0
2011-01-22 10:00:00,WIND,600702,1,HCM,1,18974,1011,300,6,50,10,946,6,6,6,6,6,NA,NA,NA,NA,2011-01-22 09:52:00,0
2011-01-22 11:00:00,WIND,600702,1,HCM,1,18974,1011,330,5,320,7,1011,6,6,6,6,6,NA,NA,NA,NA,2011-01-22 10:52:00,0
2011-01-22 12:00:00,WIND,600702,1,HCM,1,18974,1011,330,4,320,6,1102,6,6,6,6,6,NA,NA,NA,NA,2011-01-22 11:52:00,0
2011-01-22 13:00:00,WIND,600702,1,HCM,1,18974,1011,360,3,350,6,1246,6,6,6,6,6,NA,NA,NA,NA,2011-01-22 12:53:00,0
2011-01-22 14:00:00,WIND,600702,1,HCM,1,18974,1011,350,5,350,7,1325,6,6,6,6,6,NA,NA,NA,NA,2011-01-22 13:52:00,0
2011-01-22 15:00:00,WIND,600702,1,HCM,1,18974,1011,340,4,320,6,1439,6,6,6,6,6,NA,NA,NA,NA,2011-01-22 14:52:00,0
2011-01-22 16:00:00,WIND,600702,1,HCM,1,18974,1011,330,4,330,7,1508,6,6,6,6,6,NA,NA,NA,NA,2011-01-22 15:52:00,0
2011-01-22 17:00:00,WIND,600702,1,HCM,1,18974,1011,350,4,350,5,1619,6,6,6,6,6,NA,NA,NA,NA,2011-01-22 16:52:00,0
2011-01-22 18:00:00,WIND,600702,1,HCM,1,18974,1011,340,3,340,5,1749,6,6,6,6,6,NA,NA,NA,NA,2011-01-22 17:52:00,0
2011-01-22 19:00:00,WIND,600702,1,HCM,1,18974,1011,320,4,320,6,1838,6,6,6,6,6,NA,NA,NA,NA,2011-01-22 18:52:00,0
2011-01-22 20:00:00,WIND,600702,1,HCM,1,18974,1011,330,4,330,6,1938,6,6,6,6,6,NA,NA,NA,NA,2011-01-22 19:52:00,0
2011-01-22 21:00:00,WIND,600702,1,HCM,1,18974,1011,320,3,320,5,2008,6,6,6,6,6,NA,NA,NA,NA,2011-01-22 20:54:00,0
2011-01-22 22:00:00,WIND,600702,1,HCM,1,18974,1011,310,6,320,8,2144,6,6,6,6,6,NA,NA,NA,NA,2011-01-22 21:51:00,0
2011-01-22 23:00:00,WIND,600702,1,HCM,1,18974,1011,330,6,330,7,2236,6,6,6,6,6,NA,NA,NA,NA,2011-01-22 22:52:00,0
2011-01-23 00:00:00,WIND,600702,1,HCM,1,18974,1011,330,6,320,8,2336,6,6,6,6,6,NA,NA,NA,NA,2011-01-22 23:53:00,0
2011-01-23 01:00:00,WIND,600702,1,HCM,1,18974,1011,330,6,330,7,2353,6,6,6,6,6,NA,NA,NA,NA,2011-01-23 00:52:00,0
2011-01-23 02:00:00,WIND,600702,1,HCM,1,18974,1011,340,4,350,6,123,6,6,6,6,6,NA,NA,NA,NA,2011-01-23 01:52:00,0
2011-01-23 03:00:00,WIND,600702,1,HCM,1,18974,1011,350,3,10,5,249,6,6,6,6,6,NA,NA,NA,NA,2011-01-23 02:52:00,0
2011-01-23 04:00:00,WIND,600702,1,HCM,1,18974,1011,340,5,350,8,346,6,6,6,6,6,NA,NA,NA,NA,2011-01-23 03:52:00,0
2011-01-23 05:00:00,WIND,600702,1,HCM,1,18974,1011,340,6,340,7,445,6,6,6,6,6,NA,NA,NA,NA,2011-01-23 04:52:00,0
2011-01-23 06:00:00,WIND,600702,1,HCM,1,18974,1011,20,6,40,8,516,6,6,6,6,6,NA,NA,NA,NA,2011-01-23 05:52:00,0
2011-01-23 07:00:00,WIND,600702,1,HCM,1,18974,1011,340,4,340,7,616,6,6,6,6,6,NA,NA,NA,NA,2011-01-23 06:52:00,0
2011-01-23 08:00:00,WIND,600702,1,HCM,1,18974,1011,320,5,320,7,749,6,6,6,6,6,NA,NA,NA,NA,2011-01-23 07:52:00,0
2011-01-23 09:00:00,WIND,600702,1,HCM,1,18974,1011,320,6,340,8,840,6,6,6,6,6,NA,NA,NA,NA,2011-01-23 08:54:00,0
2011-01-23 10:00:00,WIND,600702,1,HCM,1,18974,1011,350,6,350,8,934,6,6,6,6,6,NA,NA,NA,NA,2011-01-23 09:52:00,0
2011-01-23 11:00:00,WIND,600702,1,HCM,1,18974,1011,360,5,360,7,952,6,6,6,6,6,NA,NA,NA,NA,2011-01-23 10:52:00,0
2011-01-23 12:00:00,WIND,600702,1,HCM,1,18974,1011,10,4,360,7,1050,6,6,6,6,6,NA,NA,NA,NA,2011-01-23 11:52:00,0
2011-01-23 13:00:00,WIND,600702,1,HCM,1,18974,1011,360,4,340,7,1237,6,6,6,6,6,NA,NA,NA,NA,2011-01-23 12:52:00,0
2011-01-23 14:00:00,WIND,600702,1,HCM,1,18974,1011,360,5,350,9,1258,6,6,6,6,6,NA,NA,NA,NA,2011-01-23 13:52:00,0
2011-01-23 15:00:00,WIND,600702,1,HCM,1,18974,1011,340,4,340,6,1430,6,6,6,6,6,NA,NA,NA,NA,2011-01-23 14:53:00,0
2011-01-23 16:00:00,WIND,600702,1,HCM,1,18974,1011,300,3,300,4,1540,6,6,6,6,6,NA,NA,NA,NA,2011-01-23 15:52:00,0
2011-01-23 17:00:00,WIND,600702,1,HCM,1,18974,1011,320,4,320,6,1648,6,6,6,6,6,NA,NA,NA,NA,2011-01-23 16:52:00,0
2011-01-23 18:00:00,WIND,600702,1,HCM,1,18974,1011,320,9,310,17,1716,6,6,6,6,6,NA,NA,NA,NA,2011-01-23 17:52:00,0
2011-01-23 19:00:00,WIND,600702,1,HCM,1,18974,1011,300,6,320,10,1805,6,6,6,6,6,NA,NA,NA,NA,2011-01-23 18:52:00,0
2011-01-23 20:00:00,WIND,600702,1,HCM,1,18974,1011,290,7,290,8,1949,6,6,6,6,6,NA,NA,NA,NA,2011-01-23 19:52:00,0
2011-01-23 21:00:00,WIND,600702,1,HCM,1,18974,1011,290,9,300,17,2025,6,6,6,6,6,NA,NA,NA,NA,2011-01-23 20:54:00,0
2011-01-23 22:00:00,WIND,600702,1,HCM,1,18974,1011,280,7,290,12,2149,6,6,6,6,6,NA,NA,NA,NA,2011-01-23 21:52:00,0
2011-01-23 23:00:00,WIND,600702,1,HCM,1,18974,1011,290,10,290,14,2155,6,6,6,6,6,NA,NA,NA,NA,2011-01-23 22:52:00,0
2011-01-24 00:00:00,WIND,600702,1,HCM,1,18974,1011,290,10,280,14,2257,6,6,6,6,6,NA,NA,NA,NA,2011-01-23 23:52:00,0
2011-01-24 01:00:00,WIND,600702,1,HCM,1,18974,1011,290,10,290,16,0,6,6,6,6,6,NA,NA,NA,NA,2011-01-24 00:52:00,0
2011-01-24 02:00:00,WIND,600702,1,HCM,1,18974,1011,290,12,300,17,107,6,6,6,6,6,NA,NA,NA,NA,2011-01-24 01:52:00,0
2011-01-24 03:00:00,WIND,600702,1,HCM,1,18974,1011,290,12,290,17,225,6,6,6,6,6,NA,NA,NA,NA,2011-01-24 02:52:00,0
2011-01-24 04:00:00,WIND,600702,1,HCM,1,18974,1011,290,13,280,19,343,6,6,6,6,6,NA,NA,NA,NA,2011-01-24 03:52:00,0
2011-01-24 05:00:00,WIND,600702,1,HCM,1,18974,1011,290,13,290,19,356,6,6,6,6,6,NA,NA,NA,NA,2011-01-24 04:52:00,0
2011-01-24 06:00:00,WIND,600702,1,HCM,1,18974,1011,290,9,300,13,454,6,6,6,6,6,NA,NA,NA,NA,2011-01-24 05:52:00,0
2011-01-24 07:00:00,WIND,600702,1,HCM,1,18974,1011,290,11,300,16,627,6,6,6,6,6,NA,NA,NA,NA,2011-01-24 06:52:00,0
2011-01-24 08:00:00,WIND,600702,1,HCM,1,18974,1011,300,13,290,19,720,6,6,6,6,6,NA,NA,NA,NA,2011-01-24 07:52:00,0
2011-01-24 09:00:00,WIND,600702,1,HCM,1,18974,1011,290,14,290,20,820,6,6,6,6,6,NA,NA,NA,NA,2011-01-24 08:54:00,0
2011-01-24 10:00:00,WIND,600702,1,HCM,1,18974,1011,290,13,280,19,859,6,6,6,6,6,NA,NA,NA,NA,2011-01-24 09:52:00,0
2011-01-24 11:00:00,WIND,600702,1,HCM,1,18974,1011,290,14,290,20,1008,6,6,6,6,6,NA,NA,NA,NA,2011-01-24 10:52:00,0
2011-01-24 12:00:00,WIND,600702,1,HCM,1,18974,1011,300,14,290,20,1141,6,6,6,6,6,NA,NA,NA,NA,2011-01-24 11:52:00,0
2011-01-24 13:00:00,WIND,600702,1,HCM,1,18974,1011,290,17,290,24,1235,6,6,6,6,6,NA,NA,NA,NA,2011-01-24 12:52:00,0
2011-01-24 14:00:00,WIND,600702,1,HCM,1,18974,1011,290,17,290,24,1310,6,6,6,6,6,NA,NA,NA,NA,2011-01-24 13:52:00,0
2011-01-24 15:00:00,WIND,600702,1,HCM,1,18974,1011,300,16,290,23,1419,6,6,6,6,6,NA,NA,NA,NA,2011-01-24 14:52:00,0
2011-01-24 16:00:00,WIND,600702,1,HCM,1,18974,1011,300,16,300,21,1529,6,6,6,6,6,NA,NA,NA,NA,2011-01-24 15:52:00,0
2011-01-24 17:00:00,WIND,600702,1,HCM,1,18974,1011,300,17,290,23,1613,6,6,6,6,6,NA,NA,NA,NA,2011-01-24 16:52:00,0
2011-01-24 18:00:00,WIND,600702,1,HCM,1,18974,1011,300,16,290,23,1705,6,6,6,6,6,NA,NA,NA,NA,2011-01-24 17:52:00,0
2011-01-24 19:00:00,WIND,600702,1,HCM,1,18974,1011,300,16,310,25,1810,6,6,6,6,6,NA,NA,NA,NA,2011-01-24 18:53:00,0
2011-01-24 20:00:00,WIND,600702,1,HCM,1,18974,1011,300,16,300,23,1858,6,6,6,6,6,NA,NA,NA,NA,2011-01-24 19:52:00,0
2011-01-24 21:00:00,WIND,600702,1,HCM,1,18974,1011,300,16,290,22,1958,6,6,6,6,6,NA,NA,NA,NA,2011-01-24 20:54:00,0
2011-01-24 22:00:00,WIND,600702,1,HCM,1,18974,1011,300,15,300,22,2101,6,6,6,6,6,NA,NA,NA,NA,2011-01-24 21:52:00,0
2011-01-24 23:00:00,WIND,600702,1,HCM,1,18974,1011,310,14,310,19,2203,6,6,6,6,6,NA,NA,NA,NA,2011-01-24 22:52:00,0
2011-01-25 00:00:00,WIND,600702,1,HCM,1,18974,1011,310,13,310,22,2327,6,6,6,6,6,NA,NA,NA,NA,2011-01-24 23:52:00,0
2011-01-25 01:00:00,WIND,600702,1,HCM,1,18974,1011,310,11,290,16,36,6,6,6,6,6,NA,NA,NA,NA,2011-01-25 00:52:00,0
2011-01-25 02:00:00,WIND,600702,1,HCM,1,18974,1011,310,13,300,18,144,6,6,6,6,6,NA,NA,NA,NA,2011-01-25 01:52:00,0
2011-01-25 03:00:00,WIND,600702,1,HCM,1,18974,1011,310,13,310,19,214,6,6,6,6,6,NA,NA,NA,NA,2011-01-25 02:52:00,0
2011-01-25 04:00:00,WIND,600702,1,HCM,1,18974,1011,300,15,290,22,258,6,6,6,6,6,NA,NA,NA,NA,2011-01-25 03:51:00,0
2011-01-25 05:00:00,WIND,600702,1,HCM,1,18974,1011,310,15,310,23,405,6,6,6,6,6,NA,NA,NA,NA,2011-01-25 04:52:00,0
2011-01-25 06:00:00,WIND,600702,1,HCM,1,18974,1011,320,15,320,20,454,6,6,6,6,6,NA,NA,NA,NA,2011-01-25 05:52:00,0
2011-01-25 07:00:00,WIND,600702,1,HCM,1,18974,1011,330,14,340,20,558,6,6,6,6,6,NA,NA,NA,NA,2011-01-25 06:51:00,0
2011-01-25 08:00:00,WIND,600702,1,HCM,1,18974,1011,330,17,340,26,717,6,6,6,6,6,NA,NA,NA,NA,2011-01-25 07:51:00,0
2011-01-25 09:00:00,WIND,600702,1,HCM,1,18974,1011,330,19,330,28,832,6,6,6,6,6,NA,NA,NA,NA,2011-01-25 08:54:00,0
2011-01-25 10:00:00,WIND,600702,1,HCM,1,18974,1011,330,17,340,26,929,6,6,6,6,6,NA,NA,NA,NA,2011-01-25 09:52:00,0
2011-01-25 11:00:00,WIND,600702,1,HCM,1,18974,1011,340,15,340,23,1011,6,6,6,6,6,NA,NA,NA,NA,2011-01-25 10:52:00,0
2011-01-25 12:00:00,WIND,600702,1,HCM,1,18974,1011,330,16,330,28,1143,6,6,6,6,6,NA,NA,NA,NA,2011-01-25 11:52:00,0
2011-01-25 13:00:00,WIND,600702,1,HCM,1,18974,1011,340,17,340,26,1241,6,6,6,6,6,NA,NA,NA,NA,2011-01-25 12:53:00,0
2011-01-25 14:00:00,WIND,600702,1,HCM,1,18974,1011,340,15,340,24,1311,6,6,6,6,6,NA,NA,NA,NA,2011-01-25 13:52:00,0
2011-01-25 15:00:00,WIND,600702,1,HCM,1,18974,1011,340,16,320,23,1423,6,6,6,6,6,NA,NA,NA,NA,2011-01-25 15:05:00,0
2011-01-25 16:00:00,WIND,600702,1,HCM,1,18974,1011,340,13,350,20,1456,6,6,6,6,6,NA,NA,NA,NA,2011-01-25 15:52:00,0
2011-01-25 17:00:00,WIND,600702,1,HCM,1,18974,1011,340,16,340,25,1632,6,6,6,6,6,NA,NA,NA,NA,2011-01-25 16:51:00,0
2011-01-25 18:00:00,WIND,600702,1,HCM,1,18974,1011,360,16,350,22,1650,6,6,6,6,6,NA,NA,NA,NA,2011-01-25 17:51:00,0
2011-01-25 19:00:00,WIND,600702,1,HCM,1,18974,1011,350,17,340,23,1841,6,6,6,6,6,NA,NA,NA,NA,2011-01-25 18:52:00,0
2011-01-25 20:00:00,WIND,600702,1,HCM,1,18974,1011,360,19,360,28,1929,6,6,6,6,6,NA,NA,NA,NA,2011-01-25 19:52:00,0
2011-01-25 21:00:00,WIND,600702,1,HCM,1,18974,1011,360,18,350,25,2027,6,6,6,6,6,NA,NA,NA,NA,2011-01-25 20:54:00,0
2011-01-25 22:00:00,WIND,600702,1,HCM,1,18974,1011,360,18,360,25,2101,6,6,6,6,6,NA,NA,NA,NA,2011-01-25 21:51:00,0
2011-01-25 23:00:00,WIND,600702,1,HCM,1,18974,1011,20,18,10,26,2238,6,6,6,6,6,NA,NA,NA,NA,2011-01-25 22:52:00,0
2011-01-26 00:00:00,WIND,600702,1,HCM,1,18974,1011,20,18,20,25,2255,6,6,6,6,6,NA,NA,NA,NA,2011-01-25 23:52:00,0
2011-01-26 01:00:00,WIND,600702,1,HCM,1,18974,1011,20,18,10,25,20,6,6,6,6,6,NA,NA,NA,NA,2011-01-26 00:52:00,0
2011-01-26 02:00:00,WIND,600702,1,HCM,1,18974,1011,20,21,20,28,134,6,6,6,6,6,NA,NA,NA,NA,2011-01-26 01:52:00,0
2011-01-26 03:00:00,WIND,600702,1,HCM,1,18974,1011,20,20,10,27,201,6,6,6,6,6,NA,NA,NA,NA,2011-01-26 02:52:00,0
2011-01-26 04:00:00,WIND,600702,1,HCM,1,18974,1011,20,19,20,27,336,6,6,6,6,6,NA,NA,NA,NA,2011-01-26 03:52:00,0
2011-01-26 05:00:00,WIND,600702,1,HCM,1,18974,1011,20,22,20,29,413,6,6,6,6,6,NA,NA,NA,NA,2011-01-26 04:52:00,0
2011-01-26 06:00:00,WIND,600702,1,HCM,1,18974,1011,30,19,20,27,456,6,6,6,6,6,NA,NA,NA,NA,2011-01-26 05:51:00,0
2011-01-26 07:00:00,WIND,600702,1,HCM,1,18974,1011,30,20,30,27,612,6,6,6,6,6,NA,NA,NA,NA,2011-01-26 06:52:00,0
2011-01-26 08:00:00,WIND,600702,1,HCM,1,18974,1011,30,19,20,26,705,6,6,6,6,6,NA,NA,NA,NA,2011-01-26 07:51:00,0
2011-01-26 09:00:00,WIND,600702,1,HCM,1,18974,1011,30,18,30,27,825,6,6,6,6,6,NA,NA,NA,NA,2011-01-26 08:54:00,0
2011-01-26 10:00:00,WIND,600702,1,HCM,1,18974,1011,30,17,30,23,902,6,6,6,6,6,NA,NA,NA,NA,2011-01-26 09:51:00,0
2011-01-26 11:00:00,WIND,600702,1,HCM,1,18974,1011,30,14,30,21,1002,6,6,6,6,6,NA,NA,NA,NA,2011-01-26 10:52:00,0
2011-01-26 12:00:00,WIND,600702,1,HCM,1,18974,1011,40,11,30,19,1050,6,6,6,6,6,NA,NA,NA,NA,2011-01-26 11:52:00,0
2011-01-26 13:00:00,WIND,600702,1,HCM,1,18974,1011,50,15,60,21,1209,6,6,6,6,6,NA,NA,NA,NA,2011-01-26 12:52:00,0
2011-01-26 14:00:00,WIND,600702,1,HCM,1,18974,1011,50,16,50,23,1258,6,6,6,6,6,NA,NA,NA,NA,2011-01-26 13:53:00,0
2011-01-26 15:00:00,WIND,600702,1,HCM,1,18974,1011,60,14,60,19,1420,6,6,6,6,6,NA,NA,NA,NA,2011-01-26 14:52:00,0
2011-01-26 16:00:00,WIND,600702,1,HCM,1,18974,1011,60,13,50,20,1509,6,6,6,6,6,NA,NA,NA,NA,2011-01-26 15:52:00,0
2011-01-26 17:00:00,WIND,600702,1,HCM,1,18974,1011,60,10,60,16,1550,6,6,6,6,6,NA,NA,NA,NA,2011-01-26 16:51:00,0
2011-01-26 18:00:00,WIND,600702,1,HCM,1,18974,1011,60,9,80,16,1718,6,6,6,6,6,NA,NA,NA,NA,2011-01-26 17:52:00,0
2011-01-26 19:00:00,WIND,600702,1,HCM,1,18974,1011,60,8,60,11,1813,6,6,6,6,6,NA,NA,NA,NA,2011-01-26 18:52:00,0
2011-01-26 20:00:00,WIND,600702,1,HCM,1,18974,1011,60,7,50,9,1907,6,6,6,6,6,NA,NA,NA,NA,2011-01-26 19:52:00,0
2011-01-26 21:00:00,WIND,600702,1,HCM,1,18974,1011,60,7,50,9,2019,6,6,6,6,6,NA,NA,NA,NA,2011-01-26 20:55:00,0
2011-01-26 22:00:00,WIND,600702,1,HCM,1,18974,1011,60,8,60,12,2142,6,6,6,6,6,NA,NA,NA,NA,2011-01-26 21:52:00,0
2011-01-26 23:00:00,WIND,600702,1,HCM,1,18974,1011,50,8,60,11,2150,6,6,6,6,6,NA,NA,NA,NA,2011-01-26 22:52:00,0
2011-01-27 00:00:00,WIND,600702,1,HCM,1,18974,1011,50,6,50,7,2252,6,6,6,6,6,NA,NA,NA,NA,2011-01-26 23:52:00,0
2011-01-27 01:00:00,WIND,600702,1,HCM,1,18974,1011,50,7,60,9,30,6,6,6,6,6,NA,NA,NA,NA,2011-01-27 00:52:00,0
2011-01-27 02:00:00,WIND,600702,1,HCM,1,18974,1011,70,6,70,8,120,6,6,6,6,6,NA,NA,NA,NA,2011-01-27 01:51:00,0
2011-01-27 03:00:00,WIND,600702,1,HCM,1,18974,1011,90,8,80,10,206,6,6,6,6,6,NA,NA,NA,NA,2011-01-27 02:52:00,0
2011-01-27 04:00:00,WIND,600702,1,HCM,1,18974,1011,100,7,90,9,305,6,6,6,6,6,NA,NA,NA,NA,2011-01-27 03:52:00,0
2011-01-27 05:00:00,WIND,600702,1,HCM,1,18974,1011,90,4,90,6,350,6,6,6,6,6,NA,NA,NA,NA,2011-01-27 04:52:00,0
2011-01-27 06:00:00,WIND,600702,1,HCM,1,18974,1011,80,4,70,6,546,6,6,6,6,6,NA,NA,NA,NA,2011-01-27 05:52:00,0
2011-01-27 07:00:00,WIND,600702,1,HCM,1,18974,1011,100,6,100,7,625,6,6,6,6,6,NA,NA,NA,NA,2011-01-27 06:52:00,0
2011-01-27 08:00:00,WIND,600702,1,HCM,1,18974,1011,120,6,150,11,749,6,6,6,6,6,NA,NA,NA,NA,2011-01-27 07:52:00,0
2011-01-27 09:00:00,WIND,600702,1,HCM,1,18974,1011,150,11,150,13,801,6,6,6,6,6,NA,NA,NA,NA,2011-01-27 08:54:00,0
2011-01-27 10:00:00,WIND,600702,1,HCM,1,18974,1011,140,11,150,14,850,6,6,6,6,6,NA,NA,NA,NA,2011-01-27 09:52:00,0
2011-01-27 11:00:00,WIND,600702,1,HCM,1,18974,1011,140,11,140,14,1028,6,6,6,6,6,NA,NA,NA,NA,2011-01-27 10:52:00,0
2011-01-27 12:00:00,WIND,600702,1,HCM,1,18974,1011,150,10,140,15,1052,6,6,6,6,6,NA,NA,NA,NA,2011-01-27 11:52:00,0
2011-01-27 13:00:00,WIND,600702,1,HCM,1,18974,1011,160,10,160,14,1238,6,6,6,6,6,NA,NA,NA,NA,2011-01-27 12:53:00,0
2011-01-27 14:00:00,WIND,600702,1,HCM,1,18974,1011,170,9,170,12,1307,6,6,6,6,6,NA,NA,NA,NA,2011-01-27 13:52:00,0
2011-01-27 15:00:00,WIND,600702,1,HCM,1,18974,1011,170,7,160,10,1353,6,6,6,6,6,NA,NA,NA,NA,2011-01-27 14:52:00,0
2011-01-27 16:00:00,WIND,600702,1,HCM,1,18974,1011,180,5,180,9,1453,6,6,6,6,6,NA,NA,NA,NA,2011-01-27 15:52:00,0
2011-01-27 17:00:00,WIND,600702,1,HCM,1,18974,1011,180,4,190,7,1554,6,6,6,6,6,NA,NA,NA,NA,2011-01-27 16:52:00,0
2011-01-27 18:00:00,WIND,600702,1,HCM,1,18974,1011,150,3,160,4,1708,6,6,6,6,6,NA,NA,NA,NA,2011-01-27 17:52:00,0
2011-01-27 19:00:00,WIND,600702,1,HCM,1,18974,1011,140,5,150,7,1809,6,6,6,6,6,NA,NA,NA,NA,2011-01-27 18:52:00,0
2011-01-27 20:00:00,WIND,600702,1,HCM,1,18974,1011,130,7,140,9,1945,6,6,6,6,6,NA,NA,NA,NA,2011-01-27 19:52:00,0
2011-01-27 21:00:00,WIND,600702,1,HCM,1,18974,1011,140,7,140,12,2044,6,6,6,6,6,NA,NA,NA,NA,2011-01-27 20:54:00,0
2011-01-27 22:00:00,WIND,600702,1,HCM,1,18974,1011,140,9,140,14,2114,6,6,6,6,6,NA,NA,NA,NA,2011-01-27 21:53:00,0
2011-01-27 23:00:00,WIND,600702,1,HCM,1,18974,1011,150,7,160,12,2242,6,6,6,6,6,NA,NA,NA,NA,2011-01-27 22:52:00,0
2011-01-28 00:00:00,WIND,600702,1,HCM,1,18974,1011,170,9,180,13,2305,6,6,6,6,6,NA,NA,NA,NA,2011-01-27 23:52:00,0
2011-01-28 01:00:00,WIND,600702,1,HCM,1,18974,1011,180,8,170,13,36,6,6,6,6,6,NA,NA,NA,NA,2011-01-28 00:52:00,0
2011-01-28 02:00:00,WIND,600702,1,HCM,1,18974,1011,180,9,190,16,109,6,6,6,6,6,NA,NA,NA,NA,2011-01-28 01:52:00,0
2011-01-28 03:00:00,WIND,600702,1,HCM,1,18974,1011,190,9,190,14,205,6,6,6,6,6,NA,NA,NA,NA,2011-01-28 02:52:00,0
2011-01-28 04:00:00,WIND,600702,1,HCM,1,18974,1011,180,9,180,17,314,6,6,6,6,6,NA,NA,NA,NA,2011-01-28 03:52:00,0
2011-01-28 05:00:00,WIND,600702,1,HCM,1,18974,1011,180,10,190,16,420,6,6,6,6,6,NA,NA,NA,NA,2011-01-28 04:52:00,0
2011-01-28 06:00:00,WIND,600702,1,HCM,1,18974,1011,190,9,190,15,458,6,6,6,6,6,NA,NA,NA,NA,2011-01-28 05:52:00,0
2011-01-28 07:00:00,WIND,600702,1,HCM,1,18974,1011,190,9,180,14,617,6,6,6,6,6,NA,NA,NA,NA,2011-01-28 06:51:00,0
2011-01-28 08:00:00,WIND,600702,1,HCM,1,18974,1011,210,7,190,13,747,6,6,6,6,6,NA,NA,NA,NA,2011-01-28 07:52:00,0
2011-01-28 09:00:00,WIND,600702,1,HCM,1,18974,1011,200,7,200,13,817,6,6,6,6,6,NA,NA,NA,NA,2011-01-28 08:54:00,0
2011-01-28 10:00:00,WIND,600702,1,HCM,1,18974,1011,210,8,230,13,946,6,6,6,6,6,NA,NA,NA,NA,2011-01-28 09:53:00,0
2011-01-28 11:00:00,WIND,600702,1,HCM,1,18974,1011,220,7,210,11,1024,6,6,6,6,6,NA,NA,NA,NA,2011-01-28 10:53:00,0
2011-01-28 12:00:00,WIND,600702,1,HCM,1,18974,1011,230,8,240,13,1144,6,6,6,6,6,NA,NA,NA,NA,2011-01-28 11:52:00,0
2011-01-28 13:00:00,WIND,600702,1,HCM,1,18974,1011,230,9,240,15,1209,6,6,6,6,6,NA,NA,NA,NA,2011-01-28 12:53:00,0
2011-01-28 14:00:00,WIND,600702,1,HCM,1,18974,1011,220,8,210,14,1335,6,6,6,6,6,NA,NA,NA,NA,2011-01-28 13:53:00,0
2011-01-28 15:00:00,WIND,600702,1,HCM,1,18974,1011,230,7,250,13,1411,6,6,6,6,6,NA,NA,NA,NA,2011-01-28 14:54:00,0
2011-01-28 16:00:00,WIND,600702,1,HCM,1,18974,1011,220,7,240,12,1549,6,6,6,6,6,NA,NA,NA,NA,2011-01-28 15:52:00,0
2011-01-28 17:00:00,WIND,600702,1,HCM,1,18974,1011,240,7,230,12,1550,6,6,6,6,6,NA,NA,NA,NA,2011-01-28 16:52:00,0
2011-01-28 18:00:00,WIND,600702,1,HCM,1,18974,1011,220,7,230,11,1714,6,6,6,6,6,NA,NA,NA,NA,2011-01-28 17:52:00,0
2011-01-28 19:00:00,WIND,600702,1,HCM,1,18974,1011,210,7,210,13,1752,6,6,6,6,6,NA,NA,NA,NA,2011-01-28 18:52:00,0
2011-01-28 20:00:00,WIND,600702,1,HCM,1,18974,1011,210,7,220,10,1942,6,6,6,6,6,NA,NA,NA,NA,2011-01-28 19:52:00,0
2011-01-28 21:00:00,WIND,600702,1,HCM,1,18974,1011,220,10,210,15,2028,6,6,6,6,6,NA,NA,NA,NA,2011-01-28 20:54:00,0
2011-01-28 22:00:00,WIND,600702,1,HCM,1,18974,1011,240,8,220,14,2051,6,6,6,6,6,NA,NA,NA,NA,2011-01-28 21:53:00,0
2011-01-28 23:00:00,WIND,600702,1,HCM,1,18974,1011,230,8,230,12,2207,6,6,6,6,6,NA,NA,NA,NA,2011-01-28 22:52:00,0
2011-01-29 00:00:00,WIND,600702,1,HCM,1,18974,1011,240,8,230,12,2301,6,6,6,6,6,NA,NA,NA,NA,2011-01-28 23:53:00,0
2011-01-29 01:00:00,WIND,600702,1,HCM,1,18974,1011,250,9,250,14,14,6,6,6,6,6,NA,NA,NA,NA,2011-01-29 00:52:00,0
2011-01-29 02:00:00,WIND,600702,1,HCM,1,18974,1011,250,8,250,13,126,6,6,6,6,6,NA,NA,NA,NA,2011-01-29 01:52:00,0
2011-01-29 03:00:00,WIND,600702,1,HCM,1,18974,1011,240,9,250,13,234,6,6,6,6,6,NA,NA,NA,NA,2011-01-29 02:52:00,0
2011-01-29 04:00:00,WIND,600702,1,HCM,1,18974,1011,240,9,250,12,253,6,6,6,6,6,NA,NA,NA,NA,2011-01-29 03:52:00,0
2011-01-29 05:00:00,WIND,600702,1,HCM,1,18974,1011,240,8,240,11,440,6,6,6,6,6,NA,NA,NA,NA,2011-01-29 04:52:00,0
2011-01-29 06:00:00,WIND,600702,1,HCM,1,18974,1011,230,9,240,13,512,6,6,6,6,6,NA,NA,NA,NA,2011-01-29 05:52:00,0
2011-01-29 07:00:00,WIND,600702,1,HCM,1,18974,1011,230,8,230,13,638,6,6,6,6,6,NA,NA,NA,NA,2011-01-29 06:52:00,0
2011-01-29 08:00:00,WIND,600702,1,HCM,1,18974,1011,210,8,210,11,737,6,6,6,6,6,NA,NA,NA,NA,2011-01-29 07:52:00,0
2011-01-29 09:00:00,WIND,600702,1,HCM,1,18974,1011,220,9,210,13,813,6,6,6,6,6,NA,NA,NA,NA,2011-01-29 08:54:00,0
2011-01-29 10:00:00,WIND,600702,1,HCM,1,18974,1011,220,9,230,13,934,6,6,6,6,6,NA,NA,NA,NA,2011-01-29 09:52:00,0
2011-01-29 11:00:00,WIND,600702,1,HCM,1,18974,1011,220,10,240,15,1049,6,6,6,6,6,NA,NA,NA,NA,2011-01-29 10:52:00,0
2011-01-29 12:00:00,WIND,600702,1,HCM,1,18974,1011,230,11,240,17,1101,6,6,6,6,6,NA,NA,NA,NA,2011-01-29 11:52:00,0
2011-01-29 13:00:00,WIND,600702,1,HCM,1,18974,1011,220,10,210,15,1234,6,6,6,6,6,NA,NA,NA,NA,2011-01-29 12:52:00,0
2011-01-29 14:00:00,WIND,600702,1,HCM,1,18974,1011,240,10,230,15,1257,6,6,6,6,6,NA,NA,NA,NA,2011-01-29 13:53:00,0
2011-01-29 15:00:00,WIND,600702,1,HCM,1,18974,1011,250,9,260,13,1444,6,6,6,6,6,NA,NA,NA,NA,2011-01-29 14:52:00,0
2011-01-29 16:00:00,WIND,600702,1,HCM,1,18974,1011,250,9,250,12,1452,6,6,6,6,6,NA,NA,NA,NA,2011-01-29 15:52:00,0
2011-01-29 17:00:00,WIND,600702,1,HCM,1,18974,1011,250,7,250,11,1557,6,6,6,6,6,NA,NA,NA,NA,2011-01-29 16:52:00,0
2011-01-29 18:00:00,WIND,600702,1,HCM,1,18974,1011,240,6,250,9,1654,6,6,6,6,6,NA,NA,NA,NA,2011-01-29 17:53:00,0
2011-01-29 19:00:00,WIND,600702,1,HCM,1,18974,1011,220,5,230,8,1847,6,6,6,6,6,NA,NA,NA,NA,2011-01-29 18:52:00,0
2011-01-29 20:00:00,WIND,600702,1,HCM,1,18974,1011,200,7,190,14,1942,6,6,6,6,6,NA,NA,NA,NA,2011-01-29 20:14:00,0
2011-01-29 21:00:00,WIND,600702,1,HCM,1,18974,1011,190,10,190,15,2048,6,6,6,6,6,NA,NA,NA,NA,2011-01-29 20:54:00,0
2011-01-29 22:00:00,WIND,600702,1,HCM,1,18974,1011,190,12,190,17,2148,6,6,6,6,6,NA,NA,NA,NA,2011-01-29 21:52:00,0
2011-01-29 23:00:00,WIND,600702,1,HCM,1,18974,1011,190,14,180,19,2209,6,6,6,6,6,NA,NA,NA,NA,2011-01-29 22:52:00,0
2011-01-30 00:00:00,WIND,600702,1,HCM,1,18974,1011,200,12,190,18,2341,6,6,6,6,6,NA,NA,NA,NA,2011-01-29 23:52:00,0
2011-01-30 01:00:00,WIND,600702,1,HCM,1,18974,1011,180,13,180,18,49,6,6,6,6,6,NA,NA,NA,NA,2011-01-30 00:53:00,0
2011-01-30 02:00:00,WIND,600702,1,HCM,1,18974,1011,170,14,180,19,141,6,6,6,6,6,NA,NA,NA,NA,2011-01-30 01:52:00,0
2011-01-30 03:00:00,WIND,600702,1,HCM,1,18974,1011,180,15,190,21,218,6,6,6,6,6,NA,NA,NA,NA,2011-01-30 02:52:00,0
2011-01-30 04:00:00,WIND,600702,1,HCM,1,18974,1011,190,17,210,23,315,6,6,6,6,6,NA,NA,NA,NA,2011-01-30 03:52:00,0
2011-01-30 05:00:00,WIND,600702,1,HCM,1,18974,1011,190,18,190,25,428,6,6,6,6,6,NA,NA,NA,NA,2011-01-30 04:52:00,0
2011-01-30 06:00:00,WIND,600702,1,HCM,1,18974,1011,190,18,190,24,541,6,6,6,6,6,NA,NA,NA,NA,2011-01-30 05:52:00,0
2011-01-30 07:00:00,WIND,600702,1,HCM,1,18974,1011,190,17,180,24,551,6,6,6,6,6,NA,NA,NA,NA,2011-01-30 06:53:00,0
2011-01-30 08:00:00,WIND,600702,1,HCM,1,18974,1011,190,18,190,24,710,6,6,6,6,6,NA,NA,NA,NA,2011-01-30 07:52:00,0
2011-01-30 09:00:00,WIND,600702,1,HCM,1,18974,1011,180,17,180,23,806,6,6,6,6,6,NA,NA,NA,NA,2011-01-30 08:54:00,0
2011-01-30 10:00:00,WIND,600702,1,HCM,1,18974,1011,190,17,180,23,859,6,6,6,6,6,NA,NA,NA,NA,2011-01-30 09:52:00,0
2011-01-30 11:00:00,WIND,600702,1,HCM,1,18974,1011,210,16,200,22,1034,6,6,6,6,6,NA,NA,NA,NA,2011-01-30 10:52:00,0
2011-01-30 12:00:00,WIND,600702,1,HCM,1,18974,1011,200,18,200,28,1143,6,6,6,6,6,NA,NA,NA,NA,2011-01-30 11:52:00,0
2011-01-30 13:00:00,WIND,600702,1,HCM,1,18974,1011,200,21,200,30,1226,6,6,6,6,6,NA,NA,NA,NA,2011-01-30 12:53:00,0
2011-01-30 14:00:00,WIND,600702,1,HCM,1,18974,1011,190,22,190,30,1345,6,6,6,6,6,NA,NA,NA,NA,2011-01-30 13:53:00,0
2011-01-30 15:00:00,WIND,600702,1,HCM,1,18974,1011,190,22,190,29,1410,6,6,6,6,6,NA,NA,NA,NA,2011-01-30 14:53:00,0
2011-01-30 16:00:00,WIND,600702,1,HCM,1,18974,1011,210,20,200,30,1452,6,6,6,6,6,NA,NA,NA,NA,2011-01-30 15:53:00,0
2011-01-30 17:00:00,WIND,600702,1,HCM,1,18974,1011,220,20,210,29,1603,6,6,6,6,6,NA,NA,NA,NA,2011-01-30 16:52:00,0
2011-01-30 18:00:00,WIND,600702,1,HCM,1,18974,1011,240,14,220,23,1650,6,6,6,6,6,NA,NA,NA,NA,2011-01-30 17:53:00,0
2011-01-30 19:00:00,WIND,600702,1,HCM,1,18974,1011,240,10,230,15,1750,6,6,6,6,6,NA,NA,NA,NA,2011-01-30 18:52:00,0
2011-01-30 20:00:00,WIND,600702,1,HCM,1,18974,1011,250,8,250,11,1919,6,6,6,6,6,NA,NA,NA,NA,2011-01-30 19:52:00,0
2011-01-30 21:00:00,WIND,600702,1,HCM,1,18974,1011,240,8,240,9,2040,6,6,6,6,6,NA,NA,NA,NA,2011-01-30 20:54:00,0
2011-01-30 22:00:00,WIND,600702,1,HCM,1,18974,1011,230,7,240,8,2101,6,6,6,6,6,NA,NA,NA,NA,2011-01-30 21:53:00,0
2011-01-30 23:00:00,WIND,600702,1,HCM,1,18974,1011,220,7,210,12,2244,6,6,6,6,6,NA,NA,NA,NA,2011-01-30 22:52:00,0
2011-01-31 00:00:00,WIND,600702,1,HCM,1,18974,1011,220,11,220,18,2312,6,6,6,6,6,NA,NA,NA,NA,2011-01-30 23:52:00,0
2011-01-31 01:00:00,WIND,600702,1,HCM,1,18974,1011,220,8,210,17,1,6,6,6,6,6,NA,NA,NA,NA,2011-01-31 00:52:00,0
2011-01-31 02:00:00,WIND,600702,1,HCM,1,18974,1011,210,7,200,14,148,6,6,6,6,6,NA,NA,NA,NA,2011-01-31 01:52:00,0
2011-01-31 03:00:00,WIND,600702,1,HCM,1,18974,1011,220,9,250,16,207,6,6,6,6,6,NA,NA,NA,NA,2011-01-31 02:52:00,0
2011-01-31 04:00:00,WIND,600702,1,HCM,1,18974,1011,220,13,220,21,323,6,6,6,6,6,NA,NA,NA,NA,2011-01-31 03:52:00,0
2011-01-31 05:00:00,WIND,600702,1,HCM,1,18974,1011,210,16,210,23,430,6,6,6,6,6,NA,NA,NA,NA,2011-01-31 04:51:00,0
2011-01-31 06:00:00,WIND,600702,1,HCM,1,18974,1011,210,18,220,31,545,6,6,6,6,6,NA,NA,NA,NA,2011-01-31 05:51:00,0
2011-01-31 07:00:00,WIND,600702,1,HCM,1,18974,1011,220,20,220,29,627,6,6,6,6,6,NA,NA,NA,NA,2011-01-31 06:51:00,0
2011-01-31 08:00:00,WIND,600702,1,HCM,1,18974,1011,210,20,210,31,653,6,6,6,6,6,NA,NA,NA,NA,2011-01-31 07:51:00,0
2011-01-31 09:00:00,WIND,600702,1,HCM,1,18974,1011,200,20,200,30,826,6,6,6,6,6,NA,NA,NA,NA,2011-01-31 08:54:00,0
2011-01-31 10:00:00,WIND,600702,1,HCM,1,18974,1011,200,20,200,29,908,6,6,6,6,6,NA,NA,NA,NA,2011-01-31 09:52:00,0
2011-01-31 11:00:00,WIND,600702,1,HCM,1,18974,1011,210,22,200,32,1018,6,6,6,6,6,NA,NA,NA,NA,2011-01-31 10:51:00,0
2011-01-31 12:00:00,WIND,600702,1,HCM,1,18974,1011,210,24,210,35,1054,6,6,6,6,6,NA,NA,NA,NA,2011-01-31 11:51:00,0
2011-01-31 13:00:00,WIND,600702,1,HCM,1,18974,1011,210,23,210,33,1247,6,6,6,6,6,NA,NA,NA,NA,2011-01-31 12:52:00,0
2011-01-31 14:00:00,WIND,600702,1,HCM,1,18974,1011,210,24,220,34,1326,6,6,6,6,6,NA,NA,NA,NA,2011-01-31 13:52:00,0
2011-01-31 15:00:00,WIND,600702,1,HCM,1,18974,1011,210,24,210,34,1415,6,6,6,6,6,NA,NA,NA,NA,2011-01-31 14:52:00,0
2011-01-31 16:00:00,WIND,600702,1,HCM,1,18974,1011,210,25,210,37,1527,6,6,6,6,6,NA,NA,NA,NA,2011-01-31 15:52:00,0
2011-01-31 17:00:00,WIND,600702,1,HCM,1,18974,1011,210,26,200,38,1644,6,6,6,6,6,NA,NA,NA,NA,2011-01-31 16:52:00,0
2011-01-31 18:00:00,WIND,600702,1,HCM,1,18974,1011,210,27,200,39,1731,6,6,6,6,6,NA,NA,NA,NA,2011-01-31 17:52:00,0
2011-01-31 19:00:00,WIND,600702,1,HCM,1,18974,1011,210,26,210,37,1809,6,6,6,6,6,NA,NA,NA,NA,2011-01-31 18:51:00,0
2011-01-31 20:00:00,WIND,600702,1,HCM,1,18974,1011,220,27,210,37,1917,6,6,6,6,6,NA,NA,NA,NA,2011-01-31 19:52:00,0
2011-01-31 21:00:00,WIND,600702,1,HCM,1,18974,1011,220,24,230,37,2029,6,6,6,6,6,NA,NA,NA,NA,2011-01-31 20:54:00,0
2011-01-31 22:00:00,WIND,600702,1,HCM,1,18974,1011,230,23,230,38,2059,6,6,6,6,6,NA,NA,NA,NA,2011-01-31 21:52:00,0
2011-01-31 23:00:00,WIND,600702,1,HCM,1,18974,1011,240,19,240,29,2154,6,6,6,6,6,NA,NA,NA,NA,2011-01-31 22:51:00,0
2011-02-01 00:00:00,WIND,600702,1,HCM,1,18974,1011,230,15,250,23,2251,6,6,6,6,6,NA,NA,NA,NA,2011-01-31 23:52:00,0
2011-02-01 01:00:00,WIND,600702,1,HCM,1,18974,1011,230,16,240,25,27,6,6,6,6,6,NA,NA,NA,NA,2011-02-01 00:52:00,0
2011-02-01 02:00:00,WIND,600702,1,HCM,1,18974,1011,250,12,230,21,53,6,6,6,6,6,NA,NA,NA,NA,2011-02-01 01:52:00,0
2011-02-01 03:00:00,WIND,600702,1,HCM,1,18974,1011,260,16,260,35,221,6,6,6,6,6,NA,NA,NA,NA,2011-02-01 02:51:00,0
2011-02-01 04:00:00,WIND,600702,1,HCM,1,18974,1011,250,19,250,29,323,6,6,6,6,6,NA,NA,NA,NA,2011-02-01 03:52:00,0
2011-02-01 05:00:00,WIND,600702,1,HCM,1,18974,1011,260,20,280,32,355,6,6,6,6,6,NA,NA,NA,NA,2011-02-01 04:51:00,0
2011-02-01 06:00:00,WIND,600702,1,HCM,1,18974,1011,260,24,240,35,525,6,6,6,6,6,NA,NA,NA,NA,2011-02-01 05:52:00,0
2011-02-01 07:00:00,WIND,600702,1,HCM,1,18974,1011,260,23,250,33,606,6,6,6,6,6,NA,NA,NA,NA,2011-02-01 06:52:00,0
2011-02-01 08:00:00,WIND,600702,1,HCM,1,18974,1011,260,24,260,38,746,6,6,6,6,6,NA,NA,NA,NA,2011-02-01 07:51:00,0
2011-02-01 09:00:00,WIND,600702,1,HCM,1,18974,1011,270,23,260,36,805,6,6,6,6,6,NA,NA,NA,NA,2011-02-01 08:54:00,0
2011-02-01 10:00:00,WIND,600702,1,HCM,1,18974,1011,260,20,250,29,906,6,6,6,6,6,NA,NA,NA,NA,2011-02-01 09:52:00,0
2011-02-01 11:00:00,WIND,600702,1,HCM,1,18974,1011,270,20,270,36,958,6,6,6,6,6,NA,NA,NA,NA,2011-02-01 10:52:00,0
2011-02-01 12:00:00,WIND,600702,1,HCM,1,18974,1011,250,19,270,33,1055,6,6,6,6,6,NA,NA,NA,NA,2011-02-01 11:51:00,0
2011-02-01 13:00:00,WIND,600702,1,HCM,1,18974,1011,270,17,260,30,1203,6,6,6,6,6,NA,NA,NA,NA,2011-02-01 12:52:00,0
2011-02-01 14:00:00,WIND,600702,1,HCM,1,18974,1011,270,19,280,41,1339,6,6,6,6,6,NA,NA,NA,NA,2011-02-01 13:52:00,0
2011-02-01 15:00:00,WIND,600702,1,HCM,1,18974,1011,270,19,270,27,1409,6,6,6,6,6,NA,NA,NA,NA,2011-02-01 14:52:00,0
2011-02-01 16:00:00,WIND,600702,1,HCM,1,18974,1011,270,19,270,31,1537,6,6,6,6,6,NA,NA,NA,NA,2011-02-01 15:52:00,0
2011-02-01 17:00:00,WIND,600702,1,HCM,1,18974,1011,270,17,270,26,1612,6,6,6,6,6,NA,NA,NA,NA,2011-02-01 16:52:00,0
2011-02-01 18:00:00,WIND,600702,1,HCM,1,18974,1011,260,15,270,22,1731,6,6,6,6,6,NA,NA,NA,NA,2011-02-01 17:52:00,0
2011-02-01 19:00:00,WIND,600702,1,HCM,1,18974,1011,250,14,260,25,1842,6,6,6,6,6,NA,NA,NA,NA,2011-02-01 18:51:00,0
2011-02-01 20:00:00,WIND,600702,1,HCM,1,18974,1011,240,13,250,20,1855,6,6,6,6,6,NA,NA,NA,NA,2011-02-01 19:52:00,0
2011-02-01 21:00:00,WIND,600702,1,HCM,1,18974,1011,220,12,230,23,2026,6,6,6,6,6,NA,NA,NA,NA,2011-02-01 20:54:00,0
2011-02-01 22:00:00,WIND,600702,1,HCM,1,18974,1011,210,15,210,21,2104,6,6,6,6,6,NA,NA,NA,NA,2011-02-01 21:52:00,0
2011-02-01 23:00:00,WIND,600702,1,HCM,1,18974,1011,190,17,190,26,2243,6,6,6,6,6,NA,NA,NA,NA,2011-02-01 22:52:00,0
2011-02-02 00:00:00,WIND,600702,1,HCM,1,18974,1011,180,21,180,30,2329,6,6,6,6,6,NA,NA,NA,NA,2011-02-01 23:52:00,0
2011-02-02 01:00:00,WIND,600702,1,HCM,1,18974,1011,180,25,180,36,32,6,6,6,6,6,NA,NA,NA,NA,2011-02-02 00:51:00,0
2011-02-02 02:00:00,WIND,600702,1,HCM,1,18974,1011,190,25,180,35,114,6,6,6,6,6,NA,NA,NA,NA,2011-02-02 01:51:00,0
2011-02-02 03:00:00,WIND,600702,1,HCM,1,18974,1011,200,26,190,35,218,6,6,6,6,6,NA,NA,NA,NA,2011-02-02 02:52:00,0
2011-02-02 04:00:00,WIND,600702,1,HCM,1,18974,1011,210,26,210,38,325,6,6,6,6,6,NA,NA,NA,NA,2011-02-02 03:51:00,0
2011-02-02 05:00:00,WIND,600702,1,HCM,1,18974,1011,210,28,220,41,446,6,6,6,6,6,NA,NA,NA,NA,2011-02-02 04:51:00,0
2011-02-02 06:00:00,WIND,600702,1,HCM,1,18974,1011,210,28,210,42,450,6,6,6,6,6,NA,NA,NA,NA,2011-02-02 05:52:00,0
2011-02-02 07:00:00,WIND,600702,1,HCM,1,18974,1011,220,25,220,37,559,6,6,6,6,6,NA,NA,NA,NA,2011-02-02 06:52:00,0
2011-02-02 08:00:00,WIND,600702,1,HCM,1,18974,1011,230,14,250,25,650,6,6,6,6,6,NA,NA,NA,NA,2011-02-02 07:52:00,0
2011-02-02 09:00:00,WIND,600702,1,HCM,1,18974,1011,230,13,260,23,831,6,6,6,6,6,NA,NA,NA,NA,2011-02-02 08:55:00,0
2011-02-02 10:00:00,WIND,600702,1,HCM,1,18974,1011,260,12,260,20,903,6,6,6,6,6,NA,NA,NA,NA,2011-02-02 09:52:00,0
2011-02-02 11:00:00,WIND,600702,1,HCM,1,18974,1011,250,11,260,27,953,6,6,6,6,6,NA,NA,NA,NA,2011-02-02 10:52:00,0
2011-02-02 12:00:00,WIND,600702,1,HCM,1,18974,1011,240,11,250,20,1145,6,6,6,6,6,NA,NA,NA,NA,2011-02-02 11:52:00,0
2011-02-02 13:00:00,WIND,600702,1,HCM,1,18974,1011,250,15,270,27,1243,6,6,6,6,6,NA,NA,NA,NA,2011-02-02 12:53:00,0
2011-02-02 14:00:00,WIND,600702,1,HCM,1,18974,1011,280,14,260,26,1254,6,6,6,6,6,NA,NA,NA,NA,2011-02-02 13:53:00,0
2011-02-02 15:00:00,WIND,600702,1,HCM,1,18974,1011,270,11,280,18,1357,6,6,6,6,6,NA,NA,NA,NA,2011-02-02 14:52:00,0
2011-02-02 16:00:00,WIND,600702,1,HCM,1,18974,1011,230,13,240,19,1547,6,6,6,6,6,NA,NA,NA,NA,2011-02-02 15:52:00,0
2011-02-02 17:00:00,WIND,600702,1,HCM,1,18974,1011,220,15,220,23,1641,6,6,6,6,6,NA,NA,NA,NA,2011-02-02 16:51:00,0
2011-02-02 18:00:00,WIND,600702,1,HCM,1,18974,1011,220,19,210,28,1725,6,6,6,6,6,NA,NA,NA,NA,2011-02-02 17:51:00,0
2011-02-02 19:00:00,WIND,600702,1,HCM,1,18974,1011,220,21,230,33,1849,6,6,6,6,6,NA,NA,NA,NA,2011-02-02 18:52:00,0
2011-02-02 20:00:00,WIND,600702,1,HCM,1,18974,1011,260,26,250,47,1852,6,6,6,6,6,NA,NA,NA,NA,2011-02-02 19:52:00,0
2011-02-02 21:00:00,WIND,600702,1,HCM,1,18974,1011,280,24,280,38,1956,6,6,6,6,6,NA,NA,NA,NA,2011-02-02 20:54:00,0
2011-02-02 22:00:00,WIND,600702,1,HCM,1,18974,1011,270,24,280,42,2129,6,6,6,6,6,NA,NA,NA,NA,2011-02-02 21:52:00,0
2011-02-02 23:00:00,WIND,600702,1,HCM,1,18974,1011,270,25,260,51,2204,6,6,6,6,6,NA,NA,NA,NA,2011-02-02 22:52:00,0
2011-02-03 00:00:00,WIND,600702,1,HCM,1,18974,1011,260,25,260,43,2258,6,6,6,6,6,NA,NA,NA,NA,2011-02-02 23:52:00,0
2011-02-03 01:00:00,WIND,600702,1,HCM,1,18974,1011,260,24,260,46,18,6,6,6,6,6,NA,NA,NA,NA,2011-02-03 00:51:00,0
2011-02-03 02:00:00,WIND,600702,1,HCM,1,18974,1011,270,26,270,48,133,6,6,6,6,6,NA,NA,NA,NA,2011-02-03 01:52:00,0
2011-02-03 03:00:00,WIND,600702,1,HCM,1,18974,1011,270,21,280,37,240,6,6,6,6,6,NA,NA,NA,NA,2011-02-03 02:52:00,0
2011-02-03 04:00:00,WIND,600702,1,HCM,1,18974,1011,270,25,260,40,334,6,6,6,6,6,NA,NA,NA,NA,2011-02-03 03:52:00,0
2011-02-03 05:00:00,WIND,600702,1,HCM,1,18974,1011,280,28,280,50,418,6,6,6,6,6,NA,NA,NA,NA,2011-02-03 04:51:00,0
2011-02-03 06:00:00,WIND,600702,1,HCM,1,18974,1011,280,29,280,55,548,6,6,6,6,6,NA,NA,NA,NA,2011-02-03 05:52:00,0
2011-02-03 07:00:00,WIND,600702,1,HCM,1,18974,1011,280,23,280,44,550,6,6,6,6,6,NA,NA,NA,NA,2011-02-03 06:52:00,0
2011-02-03 08:00:00,WIND,600702,1,HCM,1,18974,1011,270,20,280,30,718,6,6,6,6,6,NA,NA,NA,NA,2011-02-03 07:52:00,0
2011-02-03 09:00:00,WIND,600702,1,HCM,1,18974,1011,250,16,260,29,754,6,6,6,6,6,NA,NA,NA,NA,2011-02-03 08:54:00,0
2011-02-03 10:00:00,WIND,600702,1,HCM,1,18974,1011,220,17,220,28,939,6,6,6,6,6,NA,NA,NA,NA,2011-02-03 09:52:00,0
2011-02-03 11:00:00,WIND,600702,1,HCM,1,18974,1011,200,26,190,40,1035,6,6,6,6,6,NA,NA,NA,NA,2011-02-03 10:52:00,0
2011-02-03 12:00:00,WIND,600702,1,HCM,1,18974,1011,190,32,190,46,1149,6,6,6,6,6,NA,NA,NA,NA,2011-02-03 11:53:00,0
2011-02-03 13:00:00,WIND,600702,1,HCM,1,18974,1011,180,37,190,54,1243,6,6,6,6,6,NA,NA,NA,NA,2011-02-03 12:52:00,0
2011-02-03 14:00:00,WIND,600702,1,HCM,1,18974,1011,180,44,190,62,1346,6,6,6,6,6,NA,NA,NA,NA,2011-02-03 13:53:00,0
2011-02-03 15:00:00,WIND,600702,1,HCM,1,18974,1011,190,47,190,66,1435,6,6,6,6,6,NA,NA,NA,NA,2011-02-03 14:52:00,0
2011-02-03 16:00:00,WIND,600702,1,HCM,1,18974,1011,200,41,190,64,1457,6,6,6,6,6,NA,NA,NA,NA,2011-02-03 15:53:00,0
2011-02-03 17:00:00,WIND,600702,1,HCM,1,18974,1011,230,33,240,49,1641,6,6,6,6,6,NA,NA,NA,NA,2011-02-03 16:52:00,0
2011-02-03 18:00:00,WIND,600702,1,HCM,1,18974,1011,250,33,280,53,1714,6,6,6,6,6,NA,NA,NA,NA,2011-02-03 17:53:00,0
2011-02-03 19:00:00,WIND,600702,1,HCM,1,18974,1011,250,40,250,62,1815,6,6,6,6,6,NA,NA,NA,NA,2011-02-03 18:52:00,0
2011-02-03 20:00:00,WIND,600702,1,HCM,1,18974,1011,260,42,270,67,1921,6,6,6,6,6,NA,NA,NA,NA,2011-02-03 19:52:00,0
2011-02-03 21:00:00,WIND,600702,1,HCM,1,18974,1011,260,40,270,65,2042,6,6,6,6,6,NA,NA,NA,NA,2011-02-03 20:54:00,0
2011-02-03 22:00:00,WIND,600702,1,HCM,1,18974,1011,270,35,270,56,2057,6,6,6,6,6,NA,NA,NA,NA,2011-02-03 21:52:00,0
2011-02-03 23:00:00,WIND,600702,1,HCM,1,18974,1011,260,36,270,56,2232,6,6,6,6,6,NA,NA,NA,NA,2011-02-03 22:52:00,0
2011-02-04 00:00:00,WIND,600702,1,HCM,1,18974,1011,270,34,270,54,2329,6,6,6,6,6,NA,NA,NA,NA,2011-02-03 23:52:00,0
2011-02-04 01:00:00,WIND,600702,1,HCM,1,18974,1011,280,31,270,58,2356,6,6,6,6,6,NA,NA,NA,NA,2011-02-04 00:52:00,0
2011-02-04 02:00:00,WIND,600702,1,HCM,1,18974,1011,270,31,280,46,133,6,6,6,6,6,NA,NA,NA,NA,2011-02-04 01:52:00,0
2011-02-04 03:00:00,WIND,600702,1,HCM,1,18974,1011,280,32,280,58,200,6,6,6,6,6,NA,NA,NA,NA,2011-02-04 02:52:00,0
2011-02-04 04:00:00,WIND,600702,1,HCM,1,18974,1011,270,29,280,41,250,6,6,6,6,6,NA,NA,NA,NA,2011-02-04 03:52:00,0
2011-02-04 05:00:00,WIND,600702,1,HCM,1,18974,1011,270,25,270,39,409,6,6,6,6,6,NA,NA,NA,NA,2011-02-04 04:52:00,0
2011-02-04 06:00:00,WIND,600702,1,HCM,1,18974,1011,270,19,270,29,503,6,6,6,6,6,NA,NA,NA,NA,2011-02-04 05:51:00,0
2011-02-04 07:00:00,WIND,600702,1,HCM,1,18974,1011,260,15,270,24,605,6,6,6,6,6,NA,NA,NA,NA,2011-02-04 06:52:00,0
2011-02-04 08:00:00,WIND,600702,1,HCM,1,18974,1011,250,12,260,20,707,6,6,6,6,6,NA,NA,NA,NA,2011-02-04 07:51:00,0
2011-02-04 09:00:00,WIND,600702,1,HCM,1,18974,1011,230,9,230,13,808,6,6,6,6,6,NA,NA,NA,NA,2011-02-04 08:54:00,0
2011-02-04 10:00:00,WIND,600702,1,HCM,1,18974,1011,200,8,200,16,940,6,6,6,6,6,NA,NA,NA,NA,2011-02-04 09:52:00,0
2011-02-04 11:00:00,WIND,600702,1,HCM,1,18974,1011,180,16,160,23,1048,6,6,6,6,6,NA,NA,NA,NA,2011-02-04 10:52:00,0
2011-02-04 12:00:00,WIND,600702,1,HCM,1,18974,1011,170,18,240,39,1149,6,6,6,6,6,NA,NA,NA,NA,2011-02-04 11:52:00,0
2011-02-04 13:00:00,WIND,600702,1,HCM,1,18974,1011,240,33,240,48,1219,6,6,6,6,6,NA,NA,NA,NA,2011-02-04 12:53:00,0
2011-02-04 14:00:00,WIND,600702,1,HCM,1,18974,1011,250,32,240,50,1254,6,6,6,6,6,NA,NA,NA,NA,2011-02-04 13:53:00,0
2011-02-04 15:00:00,WIND,600702,1,HCM,1,18974,1011,230,25,240,41,1350,6,6,6,6,6,NA,NA,NA,NA,2011-02-04 14:52:00,0
2011-02-04 16:00:00,WIND,600702,1,HCM,1,18974,1011,230,26,230,37,1457,6,6,6,6,6,NA,NA,NA,NA,2011-02-04 15:52:00,0
2011-02-04 17:00:00,WIND,600702,1,HCM,1,18974,1011,230,23,240,31,1554,6,6,6,6,6,NA,NA,NA,NA,2011-02-04 16:52:00,0
2011-02-04 18:00:00,WIND,600702,1,HCM,1,18974,1011,230,25,240,36,1738,6,6,6,6,6,NA,NA,NA,NA,2011-02-04 17:52:00,0
2011-02-04 19:00:00,WIND,600702,1,HCM,1,18974,1011,240,28,240,40,1831,6,6,6,6,6,NA,NA,NA,NA,2011-02-04 18:52:00,0
2011-02-04 20:00:00,WIND,600702,1,HCM,1,18974,1011,260,29,270,44,1910,6,6,6,6,6,NA,NA,NA,NA,2011-02-04 19:52:00,0
2011-02-04 21:00:00,WIND,600702,1,HCM,1,18974,1011,270,29,260,43,2019,6,6,6,6,6,NA,NA,NA,NA,2011-02-04 20:54:00,0
2011-02-04 22:00:00,WIND,600702,1,HCM,1,18974,1011,270,26,270,39,2136,6,6,6,6,6,NA,NA,NA,NA,2011-02-04 21:52:00,0
2011-02-04 23:00:00,WIND,600702,1,HCM,1,18974,1011,270,23,280,33,2222,6,6,6,6,6,NA,NA,NA,NA,2011-02-04 22:52:00,0
2011-02-05 00:00:00,WIND,600702,1,HCM,1,18974,1011,270,23,260,37,2341,6,6,6,6,6,NA,NA,NA,NA,2011-02-04 23:52:00,0
2011-02-05 01:00:00,WIND,600702,1,HCM,1,18974,1011,280,23,280,35,2350,6,6,6,6,6,NA,NA,NA,NA,2011-02-05 00:52:00,0
2011-02-05 02:00:00,WIND,600702,1,HCM,1,18974,1011,290,22,280,35,105,6,6,6,6,6,NA,NA,NA,NA,2011-02-05 01:52:00,0
2011-02-05 03:00:00,WIND,600702,1,HCM,1,18974,1011,280,19,270,29,245,6,6,6,6,6,NA,NA,NA,NA,2011-02-05 02:52:00,0
2011-02-05 04:00:00,WIND,600702,1,HCM,1,18974,1011,270,19,270,28,250,6,6,6,6,6,NA,NA,NA,NA,2011-02-05 03:52:00,0
2011-02-05 05:00:00,WIND,600702,1,HCM,1,18974,1011,270,17,270,24,358,6,6,6,6,6,NA,NA,NA,NA,2011-02-05 04:52:00,0
2011-02-05 06:00:00,WIND,600702,1,HCM,1,18974,1011,270,16,270,22,524,6,6,6,6,6,NA,NA,NA,NA,2011-02-05 05:52:00,0
2011-02-05 07:00:00,WIND,600702,1,HCM,1,18974,1011,270,17,270,24,613,6,6,6,6,6,NA,NA,NA,NA,2011-02-05 06:52:00,0
2011-02-05 08:00:00,WIND,600702,1,HCM,1,18974,1011,270,16,270,26,700,6,6,6,6,6,NA,NA,NA,NA,2011-02-05 07:52:00,0
2011-02-05 09:00:00,WIND,600702,1,HCM,1,18974,1011,270,14,280,23,811,6,6,6,6,6,NA,NA,NA,NA,2011-02-05 08:54:00,0
2011-02-05 10:00:00,WIND,600702,1,HCM,1,18974,1011,260,14,260,26,929,6,6,6,6,6,NA,NA,NA,NA,2011-02-05 09:52:00,0
2011-02-05 11:00:00,WIND,600702,1,HCM,1,18974,1011,260,13,250,20,1046,6,6,6,6,6,NA,NA,NA,NA,2011-02-05 10:52:00,0
2011-02-05 12:00:00,WIND,600702,1,HCM,1,18974,1011,250,14,250,20,1114,6,6,6,6,6,NA,NA,NA,NA,2011-02-05 11:52:00,0
2011-02-05 13:00:00,WIND,600702,1,HCM,1,18974,1011,240,11,280,17,1230,6,6,6,6,6,NA,NA,NA,NA,2011-02-05 12:52:00,0
2011-02-05 14:00:00,WIND,600702,1,HCM,1,18974,1011,240,12,250,17,1250,6,6,6,6,6,NA,NA,NA,NA,2011-02-05 13:52:00,0
2011-02-05 15:00:00,WIND,600702,1,HCM,1,18974,1011,250,12,250,18,1354,6,6,6,6,6,NA,NA,NA,NA,2011-02-05 14:53:00,0
2011-02-05 16:00:00,WIND,600702,1,HCM,1,18974,1011,260,14,270,20,1542,6,6,6,6,6,NA,NA,NA,NA,2011-02-05 15:52:00,0
2011-02-05 17:00:00,WIND,600702,1,HCM,1,18974,1011,260,13,260,19,1605,6,6,6,6,6,NA,NA,NA,NA,2011-02-05 16:52:00,0
2011-02-05 18:00:00,WIND,600702,1,HCM,1,18974,1011,250,11,260,15,1706,6,6,6,6,6,NA,NA,NA,NA,2011-02-05 17:52:00,0
2011-02-05 19:00:00,WIND,600702,1,HCM,1,18974,1011,240,8,250,11,1810,6,6,6,6,6,NA,NA,NA,NA,2011-02-05 18:52:00,0
2011-02-05 20:00:00,WIND,600702,1,HCM,1,18974,1011,250,9,270,19,1949,6,6,6,6,6,NA,NA,NA,NA,2011-02-05 19:52:00,0
2011-02-05 21:00:00,WIND,600702,1,HCM,1,18974,1011,270,9,270,19,1956,6,6,6,6,6,NA,NA,NA,NA,2011-02-05 20:54:00,0
2011-02-05 22:00:00,WIND,600702,1,HCM,1,18974,1011,240,7,260,10,2058,6,6,6,6,6,NA,NA,NA,NA,2011-02-05 21:52:00,0
2011-02-05 23:00:00,WIND,600702,1,HCM,1,18974,1011,240,7,250,10,2224,6,6,6,6,6,NA,NA,NA,NA,2011-02-05 22:52:00,0
2011-02-06 00:00:00,WIND,600702,1,HCM,1,18974,1011,240,8,240,11,2258,6,6,6,6,6,NA,NA,NA,NA,2011-02-05 23:52:00,0
2011-02-06 01:00:00,WIND,600702,1,HCM,1,18974,1011,260,9,270,16,2359,6,6,6,6,6,NA,NA,NA,NA,2011-02-06 00:52:00,0
2011-02-06 02:00:00,WIND,600702,1,HCM,1,18974,1011,230,7,230,11,139,6,6,6,6,6,NA,NA,NA,NA,2011-02-06 01:52:00,0
2011-02-06 03:00:00,WIND,600702,1,HCM,1,18974,1011,220,8,210,11,245,6,6,6,6,6,NA,NA,NA,NA,2011-02-06 02:52:00,0
2011-02-06 04:00:00,WIND,600702,1,HCM,1,18974,1011,220,8,220,14,347,6,6,6,6,6,NA,NA,NA,NA,2011-02-06 03:52:00,0
2011-02-06 05:00:00,WIND,600702,1,HCM,1,18974,1011,220,9,210,13,432,6,6,6,6,6,NA,NA,NA,NA,2011-02-06 04:52:00,0
2011-02-06 06:00:00,WIND,600702,1,HCM,1,18974,1011,220,9,210,15,452,6,6,6,6,6,NA,NA,NA,NA,2011-02-06 05:52:00,0
2011-02-06 07:00:00,WIND,600702,1,HCM,1,18974,1011,210,7,200,10,632,6,6,6,6,6,NA,NA,NA,NA,2011-02-06 06:52:00,0
2011-02-06 08:00:00,WIND,600702,1,HCM,1,18974,1011,210,9,210,20,733,6,6,6,6,6,NA,NA,NA,NA,2011-02-06 07:52:00,0
2011-02-06 09:00:00,WIND,600702,1,HCM,1,18974,1011,210,8,190,15,816,6,6,6,6,6,NA,NA,NA,NA,2011-02-06 08:54:00,0
2011-02-06 10:00:00,WIND,600702,1,HCM,1,18974,1011,220,11,210,17,935,6,6,6,6,6,NA,NA,NA,NA,2011-02-06 09:52:00,0
2011-02-06 11:00:00,WIND,600702,1,HCM,1,18974,1011,210,12,220,18,1002,6,6,6,6,6,NA,NA,NA,NA,2011-02-06 10:52:00,0
2011-02-06 12:00:00,WIND,600702,1,HCM,1,18974,1011,210,10,220,15,1146,6,6,6,6,6,NA,NA,NA,NA,2011-02-06 11:52:00,0
2011-02-06 13:00:00,WIND,600702,1,HCM,1,18974,1011,220,12,230,18,1156,6,6,6,6,6,NA,NA,NA,NA,2011-02-06 12:52:00,0
2011-02-06 14:00:00,WIND,600702,1,HCM,1,18974,1011,240,12,250,18,1346,6,6,6,6,6,NA,NA,NA,NA,2011-02-06 13:52:00,0
2011-02-06 15:00:00,WIND,600702,1,HCM,1,18974,1011,280,11,250,22,1355,6,6,6,6,6,NA,NA,NA,NA,2011-02-06 14:52:00,0
2011-02-06 16:00:00,WIND,600702,1,HCM,1,18974,1011,240,8,250,14,1533,6,6,6,6,6,NA,NA,NA,NA,2011-02-06 15:52:00,0
2011-02-06 17:00:00,WIND,600702,1,HCM,1,18974,1011,240,7,220,10,1623,6,6,6,6,6,NA,NA,NA,NA,2011-02-06 16:52:00,0
2011-02-06 18:00:00,WIND,600702,1,HCM,1,18974,1011,220,7,210,11,1749,6,6,6,6,6,NA,NA,NA,NA,2011-02-06 17:52:00,0
2011-02-06 19:00:00,WIND,600702,1,HCM,1,18974,1011,220,9,220,16,1828,6,6,6,6,6,NA,NA,NA,NA,2011-02-06 18:52:00,0
2011-02-06 20:00:00,WIND,600702,1,HCM,1,18974,1011,240,8,230,11,1859,6,6,6,6,6,NA,NA,NA,NA,2011-02-06 19:52:00,0
2011-02-06 21:00:00,WIND,600702,1,HCM,1,18974,1011,230,7,240,11,2005,6,6,6,6,6,NA,NA,NA,NA,2011-02-06 20:54:00,0
2011-02-06 22:00:00,WIND,600702,1,HCM,1,18974,1011,220,6,210,9,2116,6,6,6,6,6,NA,NA,NA,NA,2011-02-06 21:52:00,0
2011-02-06 23:00:00,WIND,600702,1,HCM,1,18974,1011,220,6,210,9,2235,6,6,6,6,6,NA,NA,NA,NA,2011-02-06 22:52:00,0
2011-02-07 00:00:00,WIND,600702,1,HCM,1,18974,1011,200,7,200,9,2346,6,6,6,6,6,NA,NA,NA,NA,2011-02-06 23:52:00,0
2011-02-07 01:00:00,WIND,600702,1,HCM,1,18974,1011,200,6,190,8,33,6,6,6,6,6,NA,NA,NA,NA,2011-02-07 00:52:00,0
2011-02-07 02:00:00,WIND,600702,1,HCM,1,18974,1011,190,8,180,11,143,6,6,6,6,6,NA,NA,NA,NA,2011-02-07 01:52:00,0
2011-02-07 03:00:00,WIND,600702,1,HCM,1,18974,1011,170,10,180,13,206,6,6,6,6,6,NA,NA,NA,NA,2011-02-07 02:52:00,0
2011-02-07 04:00:00,WIND,600702,1,HCM,1,18974,1011,150,10,160,14,257,6,6,6,6,6,NA,NA,NA,NA,2011-02-07 03:52:00,0
2011-02-07 05:00:00,WIND,600702,1,HCM,1,18974,1011,150,11,150,16,436,6,6,6,6,6,NA,NA,NA,NA,2011-02-07 04:52:00,0
2011-02-07 06:00:00,WIND,600702,1,HCM,1,18974,1011,140,9,150,13,453,6,6,6,6,6,NA,NA,NA,NA,2011-02-07 05:52:00,0
2011-02-07 07:00:00,WIND,600702,1,HCM,1,18974,1011,100,7,120,10,551,6,6,6,6,6,NA,NA,NA,NA,2011-02-07 06:52:00,0
2011-02-07 08:00:00,WIND,600702,1,HCM,1,18974,1011,60,5,60,8,717,6,6,6,6,6,NA,NA,NA,NA,2011-02-07 07:52:00,0
2011-02-07 09:00:00,WIND,600702,1,HCM,1,18974,1011,10,7,10,10,815,6,6,6,6,6,NA,NA,NA,NA,2011-02-07 08:54:00,0
2011-02-07 10:00:00,WIND,600702,1,HCM,1,18974,1011,340,7,350,18,944,6,6,6,6,6,NA,NA,NA,NA,2011-02-07 09:52:00,0
2011-02-07 11:00:00,WIND,600702,1,HCM,1,18974,1011,340,10,350,17,952,6,6,6,6,6,NA,NA,NA,NA,2011-02-07 10:52:00,0
2011-02-07 12:00:00,WIND,600702,1,HCM,1,18974,1011,310,13,290,27,1126,6,6,6,6,6,NA,NA,NA,NA,2011-02-07 11:52:00,0
2011-02-07 13:00:00,WIND,600702,1,HCM,1,18974,1011,320,17,320,25,1211,6,6,6,6,6,NA,NA,NA,NA,2011-02-07 12:52:00,0
2011-02-07 14:00:00,WIND,600702,1,HCM,1,18974,1011,320,14,300,26,1315,6,6,6,6,6,NA,NA,NA,NA,2011-02-07 13:52:00,0
2011-02-07 15:00:00,WIND,600702,1,HCM,1,18974,1011,310,16,310,25,1433,6,6,6,6,6,NA,NA,NA,NA,2011-02-07 14:52:00,0
2011-02-07 16:00:00,WIND,600702,1,HCM,1,18974,1011,310,17,310,26,1500,6,6,6,6,6,NA,NA,NA,NA,2011-02-07 15:52:00,0
2011-02-07 17:00:00,WIND,600702,1,HCM,1,18974,1011,290,15,290,32,1621,6,6,6,6,6,NA,NA,NA,NA,2011-02-07 16:52:00,0
2011-02-07 18:00:00,WIND,600702,1,HCM,1,18974,1011,290,17,300,26,1708,6,6,6,6,6,NA,NA,NA,NA,2011-02-07 17:52:00,0
2011-02-07 19:00:00,WIND,600702,1,HCM,1,18974,1011,290,17,300,33,1817,6,6,6,6,6,NA,NA,NA,NA,2011-02-07 18:52:00,0
2011-02-07 20:00:00,WIND,600702,1,HCM,1,18974,1011,290,14,300,24,1916,6,6,6,6,6,NA,NA,NA,NA,2011-02-07 19:52:00,0
2011-02-07 21:00:00,WIND,600702,1,HCM,1,18974,1011,290,15,290,27,2047,6,6,6,6,6,NA,NA,NA,NA,2011-02-07 20:54:00,0
2011-02-07 22:00:00,WIND,600702,1,HCM,1,18974,1011,290,14,280,20,2146,6,6,6,6,6,NA,NA,NA,NA,2011-02-07 21:52:00,0
2011-02-07 23:00:00,WIND,600702,1,HCM,1,18974,1011,290,16,290,24,2238,6,6,6,6,6,NA,NA,NA,NA,2011-02-07 22:52:00,0
2011-02-08 00:00:00,WIND,600702,1,HCM,1,18974,1011,270,15,270,23,2330,6,6,6,6,6,NA,NA,NA,NA,2011-02-07 23:52:00,0
2011-02-08 01:00:00,WIND,600702,1,HCM,1,18974,1011,280,13,270,25,21,6,6,6,6,6,NA,NA,NA,NA,2011-02-08 00:52:00,0
2011-02-08 02:00:00,WIND,600702,1,HCM,1,18974,1011,280,7,290,11,52,6,6,6,6,6,NA,NA,NA,NA,2011-02-08 01:52:00,0
2011-02-08 03:00:00,WIND,600702,1,HCM,1,18974,1011,280,10,290,17,213,6,6,6,6,6,NA,NA,NA,NA,2011-02-08 02:52:00,0
2011-02-08 04:00:00,WIND,600702,1,HCM,1,18974,1011,260,7,300,10,250,6,6,6,6,6,NA,NA,NA,NA,2011-02-08 03:52:00,0
2011-02-08 05:00:00,WIND,600702,1,HCM,1,18974,1011,240,10,240,21,403,6,6,6,6,6,NA,NA,NA,NA,2011-02-08 04:51:00,0
2011-02-08 06:00:00,WIND,600702,1,HCM,1,18974,1011,250,7,300,15,458,6,6,6,6,6,NA,NA,NA,NA,2011-02-08 05:52:00,0
2011-02-08 07:00:00,WIND,600702,1,HCM,1,18974,1011,230,8,230,16,609,6,6,6,6,6,NA,NA,NA,NA,2011-02-08 06:51:00,0
2011-02-08 08:00:00,WIND,600702,1,HCM,1,18974,1011,210,7,210,11,747,6,6,6,6,6,NA,NA,NA,NA,2011-02-08 07:51:00,0
2011-02-08 09:00:00,WIND,600702,1,HCM,1,18974,1011,210,12,190,18,843,6,6,6,6,6,NA,NA,NA,NA,2011-02-08 08:56:00,0
2011-02-08 10:00:00,WIND,600702,1,HCM,1,18974,1011,200,14,190,22,936,6,6,6,6,6,NA,NA,NA,NA,2011-02-08 09:52:00,0
2011-02-08 11:00:00,WIND,600702,1,HCM,1,18974,1011,190,18,190,25,1004,6,6,6,6,6,NA,NA,NA,NA,2011-02-08 10:52:00,0
2011-02-08 12:00:00,WIND,600702,1,HCM,1,18974,1011,190,21,190,27,1114,6,6,6,6,6,NA,NA,NA,NA,2011-02-08 11:52:00,0
2011-02-08 13:00:00,WIND,600702,1,HCM,1,18974,1011,190,22,180,29,1225,6,6,6,6,6,NA,NA,NA,NA,2011-02-08 12:52:00,0
2011-02-08 14:00:00,WIND,600702,1,HCM,1,18974,1011,180,21,180,28,1343,6,6,6,6,6,NA,NA,NA,NA,2011-02-08 13:52:00,0
2011-02-08 15:00:00,WIND,600702,1,HCM,1,18974,1011,170,21,170,28,1448,6,6,6,6,6,NA,NA,NA,NA,2011-02-08 14:52:00,0
2011-02-08 16:00:00,WIND,600702,1,HCM,1,18974,1011,170,23,180,33,1540,6,6,6,6,6,NA,NA,NA,NA,2011-02-08 15:52:00,0
2011-02-08 17:00:00,WIND,600702,1,HCM,1,18974,1011,170,24,170,35,1555,6,6,6,6,6,NA,NA,NA,NA,2011-02-08 16:52:00,0
2011-02-08 18:00:00,WIND,600702,1,HCM,1,18974,1011,170,24,170,32,1725,6,6,6,6,6,NA,NA,NA,NA,2011-02-08 17:52:00,0
2011-02-08 19:00:00,WIND,600702,1,HCM,1,18974,1011,170,25,170,36,1837,6,6,6,6,6,NA,NA,NA,NA,2011-02-08 18:51:00,0
2011-02-08 20:00:00,WIND,600702,1,HCM,1,18974,1011,160,27,170,37,1942,6,6,6,6,6,NA,NA,NA,NA,2011-02-08 19:51:00,0
2011-02-08 21:00:00,WIND,600702,1,HCM,1,18974,1011,160,29,160,40,2007,6,6,6,6,6,NA,NA,NA,NA,2011-02-08 20:54:00,0
2011-02-08 22:00:00,WIND,600702,1,HCM,1,18974,1011,150,26,160,34,2050,6,6,6,6,6,NA,NA,NA,NA,2011-02-08 21:52:00,0
2011-02-08 23:00:00,WIND,600702,1,HCM,1,18974,1011,150,26,150,36,2242,6,6,6,6,6,NA,NA,NA,NA,2011-02-08 22:51:00,0
2011-02-09 00:00:00,WIND,600702,1,HCM,1,18974,1011,150,29,150,40,2337,6,6,6,6,6,NA,NA,NA,NA,2011-02-08 23:52:00,0
2011-02-09 01:00:00,WIND,600702,1,HCM,1,18974,1011,150,30,150,39,9,6,6,6,6,6,NA,NA,NA,NA,2011-02-09 00:52:00,0
2011-02-09 02:00:00,WIND,600702,1,HCM,1,18974,1011,140,28,140,39,112,6,6,6,6,6,NA,NA,NA,NA,2011-02-09 01:51:00,0
2011-02-09 03:00:00,WIND,600702,1,HCM,1,18974,1011,140,24,140,34,155,6,6,6,6,6,NA,NA,NA,NA,2011-02-09 02:52:00,0
2011-02-09 04:00:00,WIND,600702,1,HCM,1,18974,1011,170,21,160,31,313,6,6,6,6,6,NA,NA,NA,NA,2011-02-09 03:52:00,0
2011-02-09 05:00:00,WIND,600702,1,HCM,1,18974,1011,180,18,180,24,358,6,6,6,6,6,NA,NA,NA,NA,2011-02-09 04:52:00,0
2011-02-09 06:00:00,WIND,600702,1,HCM,1,18974,1011,180,18,180,23,509,6,6,6,6,6,NA,NA,NA,NA,2011-02-09 05:52:00,0
2011-02-09 07:00:00,WIND,600702,1,HCM,1,18974,1011,190,18,200,24,643,6,6,6,6,6,NA,NA,NA,NA,2011-02-09 06:52:00,0
2011-02-09 08:00:00,WIND,600702,1,HCM,1,18974,1011,190,17,200,23,730,6,6,6,6,6,NA,NA,NA,NA,2011-02-09 07:52:00,0
2011-02-09 09:00:00,WIND,600702,1,HCM,1,18974,1011,190,15,190,21,806,6,6,6,6,6,NA,NA,NA,NA,2011-02-09 08:54:00,0
2011-02-09 10:00:00,WIND,600702,1,HCM,1,18974,1011,190,15,190,20,944,6,6,6,6,6,NA,NA,NA,NA,2011-02-09 09:52:00,0
2011-02-09 11:00:00,WIND,600702,1,HCM,1,18974,1011,190,15,190,21,1031,6,6,6,6,6,NA,NA,NA,NA,2011-02-09 10:52:00,0
2011-02-09 12:00:00,WIND,600702,1,HCM,1,18974,1011,200,14,200,19,1055,6,6,6,6,6,NA,NA,NA,NA,2011-02-09 11:52:00,0
2011-02-09 13:00:00,WIND,600702,1,HCM,1,18974,1011,200,12,200,17,1211,6,6,6,6,6,NA,NA,NA,NA,2011-02-09 12:53:00,0
2011-02-09 14:00:00,WIND,600702,1,HCM,1,18974,1011,200,12,210,17,1328,6,6,6,6,6,NA,NA,NA,NA,2011-02-09 13:52:00,0
2011-02-09 15:00:00,WIND,600702,1,HCM,1,18974,1011,210,11,210,17,1447,6,6,6,6,6,NA,NA,NA,NA,2011-02-09 14:52:00,0
2011-02-09 16:00:00,WIND,600702,1,HCM,1,18974,1011,210,11,220,17,1530,6,6,6,6,6,NA,NA,NA,NA,2011-02-09 15:52:00,0
2011-02-09 17:00:00,WIND,600702,1,HCM,1,18974,1011,220,10,230,15,1626,6,6,6,6,6,NA,NA,NA,NA,2011-02-09 16:52:00,0
2011-02-09 18:00:00,WIND,600702,1,HCM,1,18974,1011,260,9,270,19,1655,6,6,6,6,6,NA,NA,NA,NA,2011-02-09 17:51:00,0
2011-02-09 19:00:00,WIND,600702,1,HCM,1,18974,1011,220,5,230,11,1804,6,6,6,6,6,NA,NA,NA,NA,2011-02-09 18:51:00,0
2011-02-09 20:00:00,WIND,600702,1,HCM,1,18974,1011,220,7,220,9,1937,6,6,6,6,6,NA,NA,NA,NA,2011-02-09 19:51:00,0
2011-02-09 21:00:00,WIND,600702,1,HCM,1,18974,1011,280,7,290,16,2010,6,6,6,6,6,NA,NA,NA,NA,2011-02-09 20:54:00,0
2011-02-09 22:00:00,WIND,600702,1,HCM,1,18974,1011,280,6,270,9,2138,6,6,6,6,6,NA,NA,NA,NA,2011-02-09 21:52:00,0
2011-02-09 23:00:00,WIND,600702,1,HCM,1,18974,1011,290,9,300,20,2209,6,6,6,6,6,NA,NA,NA,NA,2011-02-09 22:51:00,0
2011-02-10 00:00:00,WIND,600702,1,HCM,1,18974,1011,290,9,290,13,2313,6,6,6,6,6,NA,NA,NA,NA,2011-02-09 23:52:00,0
2011-02-10 01:00:00,WIND,600702,1,HCM,1,18974,1011,290,9,290,13,2353,6,6,6,6,6,NA,NA,NA,NA,2011-02-10 00:51:00,0
2011-02-10 02:00:00,WIND,600702,1,HCM,1,18974,1011,300,10,310,15,121,6,6,6,6,6,NA,NA,NA,NA,2011-02-10 01:52:00,0
2011-02-10 03:00:00,WIND,600702,1,HCM,1,18974,1011,300,8,300,10,234,6,6,6,6,6,NA,NA,NA,NA,2011-02-10 02:52:00,0
2011-02-10 04:00:00,WIND,600702,1,HCM,1,18974,1011,300,7,290,10,255,6,6,6,6,6,NA,NA,NA,NA,2011-02-10 03:52:00,0
2011-02-10 05:00:00,WIND,600702,1,HCM,1,18974,1011,300,7,300,9,427,6,6,6,6,6,NA,NA,NA,NA,2011-02-10 04:52:00,0
2011-02-10 06:00:00,WIND,600702,1,HCM,1,18974,1011,300,7,320,10,547,6,6,6,6,6,NA,NA,NA,NA,2011-02-10 05:52:00,0
2011-02-10 07:00:00,WIND,600702,1,HCM,1,18974,1011,320,8,280,19,641,6,6,6,6,6,NA,NA,NA,NA,2011-02-10 06:52:00,0
2011-02-10 08:00:00,WIND,600702,1,HCM,1,18974,1011,300,3,300,6,650,6,6,6,6,6,NA,NA,NA,NA,2011-02-10 07:51:00,0
2011-02-10 09:00:00,WIND,600702,1,HCM,1,18974,1011,280,3,300,4,841,6,6,6,6,6,NA,NA,NA,NA,2011-02-10 08:55:00,0
2011-02-10 10:00:00,WIND,600702,1,HCM,1,18974,1011,250,1,300,3,850,6,6,6,6,6,NA,NA,NA,NA,2011-02-10 09:52:00,0
2011-02-10 11:00:00,WIND,600702,1,HCM,1,18974,1011,170,2,150,3,1049,6,6,6,6,6,NA,NA,NA,NA,2011-02-10 10:52:00,0
2011-02-10 12:00:00,WIND,600702,1,HCM,1,18974,1011,160,4,150,6,1145,6,6,6,6,6,NA,NA,NA,NA,2011-02-10 11:52:00,0
2011-02-10 13:00:00,WIND,600702,1,HCM,1,18974,1011,160,7,150,11,1245,6,6,6,6,6,NA,NA,NA,NA,2011-02-10 12:53:00,0
2011-02-10 14:00:00,WIND,600702,1,HCM,1,18974,1011,160,10,150,13,1336,6,6,6,6,6,NA,NA,NA,NA,2011-02-10 13:53:00,0
2011-02-10 15:00:00,WIND,600702,1,HCM,1,18974,1011,160,11,150,14,1434,6,6,6,6,6,NA,NA,NA,NA,2011-02-10 14:52:00,0
2011-02-10 16:00:00,WIND,600702,1,HCM,1,18974,1011,150,11,160,15,1500,6,6,6,6,6,NA,NA,NA,NA,2011-02-10 15:52:00,0
2011-02-10 17:00:00,WIND,600702,1,HCM,1,18974,1011,130,10,140,14,1557,6,6,6,6,6,NA,NA,NA,NA,2011-02-10 16:52:00,0
2011-02-10 18:00:00,WIND,600702,1,HCM,1,18974,1011,140,13,140,17,1744,6,6,6,6,6,NA,NA,NA,NA,2011-02-10 17:52:00,0
2011-02-10 19:00:00,WIND,600702,1,HCM,1,18974,1011,150,13,150,18,1806,6,6,6,6,6,NA,NA,NA,NA,2011-02-10 18:52:00,0
2011-02-10 20:00:00,WIND,600702,1,HCM,1,18974,1011,160,15,160,19,1947,6,6,6,6,6,NA,NA,NA,NA,2011-02-10 19:52:00,0
2011-02-10 21:00:00,WIND,600702,1,HCM,1,18974,1011,150,14,150,18,2021,6,6,6,6,6,NA,NA,NA,NA,2011-02-10 20:55:00,0
2011-02-10 22:00:00,WIND,600702,1,HCM,1,18974,1011,140,15,140,21,2144,6,6,6,6,6,NA,NA,NA,NA,2011-02-10 21:52:00,0
2011-02-10 23:00:00,WIND,600702,1,HCM,1,18974,1011,130,17,130,23,2151,6,6,6,6,6,NA,NA,NA,NA,2011-02-10 22:52:00,0
2011-02-11 00:00:00,WIND,600702,1,HCM,1,18974,1011,130,18,130,24,2340,6,6,6,6,6,NA,NA,NA,NA,2011-02-10 23:52:00,0
2011-02-11 01:00:00,WIND,600702,1,HCM,1,18974,1011,130,20,130,25,48,6,6,6,6,6,NA,NA,NA,NA,2011-02-11 00:52:00,0
2011-02-11 02:00:00,WIND,600702,1,HCM,1,18974,1011,130,20,120,26,53,6,6,6,6,6,NA,NA,NA,NA,2011-02-11 01:52:00,0
2011-02-11 03:00:00,WIND,600702,1,HCM,1,18974,1011,130,21,130,26,233,6,6,6,6,6,NA,NA,NA,NA,2011-02-11 02:52:00,0
2011-02-11 04:00:00,WIND,600702,1,HCM,1,18974,1011,130,21,130,28,307,6,6,6,6,6,NA,NA,NA,NA,2011-02-11 03:52:00,0
2011-02-11 05:00:00,WIND,600702,1,HCM,1,18974,1011,130,22,130,29,422,6,6,6,6,6,NA,NA,NA,NA,2011-02-11 04:52:00,0
2011-02-11 06:00:00,WIND,600702,1,HCM,1,18974,1011,130,23,130,30,545,6,6,6,6,6,NA,NA,NA,NA,2011-02-11 05:52:00,0
2011-02-11 07:00:00,WIND,600702,1,HCM,1,18974,1011,130,23,140,30,601,6,6,6,6,6,NA,NA,NA,NA,2011-02-11 06:52:00,0
2011-02-11 08:00:00,WIND,600702,1,HCM,1,18974,1011,130,23,140,31,719,6,6,6,6,6,NA,NA,NA,NA,2011-02-11 07:52:00,0
2011-02-11 09:00:00,WIND,600702,1,HCM,1,18974,1011,140,25,140,33,825,6,6,6,6,6,NA,NA,NA,NA,2011-02-11 08:57:00,0
2011-02-11 10:00:00,WIND,600702,1,HCM,1,18974,1011,140,26,140,33,926,6,6,6,6,6,NA,NA,NA,NA,2011-02-11 09:52:00,0
2011-02-11 11:00:00,WIND,600702,1,HCM,1,18974,1011,140,25,130,33,955,6,6,6,6,6,NA,NA,NA,NA,2011-02-11 10:52:00,0
2011-02-11 12:00:00,WIND,600702,1,HCM,1,18974,1011,140,24,130,30,1105,6,6,6,6,6,NA,NA,NA,NA,2011-02-11 11:52:00,0
2011-02-11 13:00:00,WIND,600702,1,HCM,1,18974,1011,130,24,130,30,1219,6,6,6,6,6,NA,NA,NA,NA,2011-02-11 12:53:00,0
2011-02-11 14:00:00,WIND,600702,1,HCM,1,18974,1011,130,24,130,30,1315,6,6,6,6,6,NA,NA,NA,NA,2011-02-11 13:53:00,0
2011-02-11 15:00:00,WIND,600702,1,HCM,1,18974,1011,130,24,130,30,1433,6,6,6,6,6,NA,NA,NA,NA,2011-02-11 14:53:00,0
2011-02-11 16:00:00,WIND,600702,1,HCM,1,18974,1011,130,23,140,30,1451,6,6,6,6,6,NA,NA,NA,NA,2011-02-11 15:53:00,0
2011-02-11 17:00:00,WIND,600702,1,HCM,1,18974,1011,140,22,140,28,1558,6,6,6,6,6,NA,NA,NA,NA,2011-02-11 16:52:00,0
2011-02-11 18:00:00,WIND,600702,1,HCM,1,18974,1011,140,22,140,28,1653,6,6,6,6,6,NA,NA,NA,NA,2011-02-11 17:51:00,0
2011-02-11 19:00:00,WIND,600702,1,HCM,1,18974,1011,140,22,140,29,1825,6,6,6,6,6,NA,NA,NA,NA,2011-02-11 18:51:00,0
2011-02-11 20:00:00,WIND,600702,1,HCM,1,18974,1011,150,20,140,27,1857,6,6,6,6,6,NA,NA,NA,NA,2011-02-11 19:51:00,0
2011-02-11 21:00:00,WIND,600702,1,HCM,1,18974,1011,150,19,140,25,1951,6,6,6,6,6,NA,NA,NA,NA,2011-02-11 20:54:00,0
2011-02-11 22:00:00,WIND,600702,1,HCM,1,18974,1011,150,18,150,24,2130,6,6,6,6,6,NA,NA,NA,NA,2011-02-11 21:52:00,0
2011-02-11 23:00:00,WIND,600702,1,HCM,1,18974,1011,150,12,150,20,2223,6,6,6,6,6,NA,NA,NA,NA,2011-02-11 22:51:00,0
2011-02-12 00:00:00,WIND,600702,1,HCM,1,18974,1011,160,8,160,14,2254,6,6,6,6,6,NA,NA,NA,NA,2011-02-11 23:52:00,0
2011-02-12 01:00:00,WIND,600702,1,HCM,1,18974,1011,160,7,150,12,2,6,6,6,6,6,NA,NA,NA,NA,2011-02-12 00:51:00,0
2011-02-12 02:00:00,WIND,600702,1,HCM,1,18974,1011,210,3,160,6,51,6,6,6,6,6,NA,NA,NA,NA,2011-02-12 01:52:00,0
2011-02-12 03:00:00,WIND,600702,1,HCM,1,18974,1011,250,4,260,6,154,6,6,6,6,6,NA,NA,NA,NA,2011-02-12 02:52:00,0
2011-02-12 04:00:00,WIND,600702,1,HCM,1,18974,1011,250,6,260,16,320,6,6,6,6,6,NA,NA,NA,NA,2011-02-12 03:52:00,0
2011-02-12 05:00:00,WIND,600702,1,HCM,1,18974,1011,210,8,220,16,410,6,6,6,6,6,NA,NA,NA,NA,2011-02-12 04:52:00,0
2011-02-12 06:00:00,WIND,600702,1,HCM,1,18974,1011,190,5,200,8,547,6,6,6,6,6,NA,NA,NA,NA,2011-02-12 05:52:00,0
2011-02-12 07:00:00,WIND,600702,1,HCM,1,18974,1011,190,6,150,12,647,6,6,6,6,6,NA,NA,NA,NA,2011-02-12 06:52:00,0
2011-02-12 08:00:00,WIND,600702,1,HCM,1,18974,1011,190,9,150,13,701,6,6,6,6,6,NA,NA,NA,NA,2011-02-12 07:52:00,0
2011-02-12 09:00:00,WIND,600702,1,HCM,1,18974,1011,240,6,220,11,849,6,6,6,6,6,NA,NA,NA,NA,2011-02-12 08:54:00,0
2011-02-12 10:00:00,WIND,600702,1,HCM,1,18974,1011,210,9,210,16,944,6,6,6,6,6,NA,NA,NA,NA,2011-02-12 09:51:00,0
2011-02-12 11:00:00,WIND,600702,1,HCM,1,18974,1011,210,11,200,17,1038,6,6,6,6,6,NA,NA,NA,NA,2011-02-12 10:52:00,0
2011-02-12 12:00:00,WIND,600702,1,HCM,1,18974,1011,200,13,190,19,1132,6,6,6,6,6,NA,NA,NA,NA,2011-02-12 11:52:00,0
2011-02-12 13:00:00,WIND,600702,1,HCM,1,18974,1011,180,15,190,20,1215,6,6,6,6,6,NA,NA,NA,NA,2011-02-12 12:52:00,0
2011-02-12 14:00:00,WIND,600702,1,HCM,1,18974,1011,180,17,190,22,1346,6,6,6,6,6,NA,NA,NA,NA,2011-02-12 13:52:00,0
2011-02-12 15:00:00,WIND,600702,1,HCM,1,18974,1011,180,19,180,25,1443,6,6,6,6,6,NA,NA,NA,NA,2011-02-12 14:52:00,0
2011-02-12 16:00:00,WIND,600702,1,HCM,1,18974,1011,170,22,170,30,1533,6,6,6,6,6,NA,NA,NA,NA,2011-02-12 15:52:00,0
2011-02-12 17:00:00,WIND,600702,1,HCM,1,18974,1011,170,24,160,33,1649,6,6,6,6,6,NA,NA,NA,NA,2011-02-12 16:52:00,0
2011-02-12 18:00:00,WIND,600702,1,HCM,1,18974,1011,160,26,160,35,1651,6,6,6,6,6,NA,NA,NA,NA,2011-02-12 17:52:00,0
2011-02-12 19:00:00,WIND,600702,1,HCM,1,18974,1011,160,29,150,38,1823,6,6,6,6,6,NA,NA,NA,NA,2011-02-12 18:52:00,0
2011-02-12 20:00:00,WIND,600702,1,HCM,1,18974,1011,160,29,160,38,1944,6,6,6,6,6,NA,NA,NA,NA,2011-02-12 19:52:00,0
2011-02-12 21:00:00,WIND,600702,1,HCM,1,18974,1011,160,31,140,42,2041,6,6,6,6,6,NA,NA,NA,NA,2011-02-12 20:54:00,0
2011-02-12 22:00:00,WIND,600702,1,HCM,1,18974,1011,150,31,140,41,2111,6,6,6,6,6,NA,NA,NA,NA,2011-02-12 21:52:00,0
2011-02-12 23:00:00,WIND,600702,1,HCM,1,18974,1011,150,33,150,44,2220,6,6,6,6,6,NA,NA,NA,NA,2011-02-12 22:52:00,0
2011-02-13 00:00:00,WIND,600702,1,HCM,1,18974,1011,150,31,160,46,2314,6,6,6,6,6,NA,NA,NA,NA,2011-02-12 23:52:00,0
2011-02-13 01:00:00,WIND,600702,1,HCM,1,18974,1011,150,32,150,45,42,6,6,6,6,6,NA,NA,NA,NA,2011-02-13 00:52:00,0
2011-02-13 02:00:00,WIND,600702,1,HCM,1,18974,1011,160,30,150,43,109,6,6,6,6,6,NA,NA,NA,NA,2011-02-13 01:52:00,0
2011-02-13 03:00:00,WIND,600702,1,HCM,1,18974,1011,180,25,170,35,153,6,6,6,6,6,NA,NA,NA,NA,2011-02-13 02:52:00,0
2011-02-13 04:00:00,WIND,600702,1,HCM,1,18974,1011,200,20,190,34,251,6,6,6,6,6,NA,NA,NA,NA,2011-02-13 03:52:00,0
2011-02-13 05:00:00,WIND,600702,1,HCM,1,18974,1011,220,11,190,19,401,6,6,6,6,6,NA,NA,NA,NA,2011-02-13 04:52:00,0
2011-02-13 06:00:00,WIND,600702,1,HCM,1,18974,1011,240,4,260,8,450,6,6,6,6,6,NA,NA,NA,NA,2011-02-13 05:52:00,0
2011-02-13 07:00:00,WIND,600702,1,HCM,1,18974,1011,200,1,210,2,552,6,6,6,6,6,NA,NA,NA,NA,2011-02-13 06:52:00,0
2011-02-13 08:00:00,WIND,600702,1,HCM,1,18974,1011,330,4,350,7,740,6,6,6,6,6,NA,NA,NA,NA,2011-02-13 07:52:00,0
2011-02-13 09:00:00,WIND,600702,1,HCM,1,18974,1011,360,8,360,11,817,6,6,6,6,6,NA,NA,NA,NA,2011-02-13 08:54:00,0
2011-02-13 10:00:00,WIND,600702,1,HCM,1,18974,1011,90,7,120,12,914,6,6,6,6,6,NA,NA,NA,NA,2011-02-13 09:52:00,0
2011-02-13 11:00:00,WIND,600702,1,HCM,1,18974,1011,100,3,90,5,1002,6,6,6,6,6,NA,NA,NA,NA,2011-02-13 10:52:00,0
2011-02-13 12:00:00,WIND,600702,1,HCM,1,18974,1011,80,2,90,5,1103,6,6,6,6,6,NA,NA,NA,NA,2011-02-13 11:52:00,0
2011-02-13 13:00:00,WIND,600702,1,HCM,1,18974,1011,10,5,10,9,1247,6,6,6,6,6,NA,NA,NA,NA,2011-02-13 12:52:00,0
2011-02-13 14:00:00,WIND,600702,1,HCM,1,18974,1011,20,8,10,12,1311,6,6,6,6,6,NA,NA,NA,NA,2011-02-13 13:52:00,0
2011-02-13 15:00:00,WIND,600702,1,HCM,1,18974,1011,20,7,30,10,1350,6,6,6,6,6,NA,NA,NA,NA,2011-02-13 14:52:00,0
2011-02-13 16:00:00,WIND,600702,1,HCM,1,18974,1011,360,8,20,13,1547,6,6,6,6,6,NA,NA,NA,NA,2011-02-13 15:52:00,0
2011-02-13 17:00:00,WIND,600702,1,HCM,1,18974,1011,20,8,20,13,1551,6,6,6,6,6,NA,NA,NA,NA,2011-02-13 16:52:00,0
2011-02-13 18:00:00,WIND,600702,1,HCM,1,18974,1011,350,5,10,8,1654,6,6,6,6,6,NA,NA,NA,NA,2011-02-13 17:53:00,0
2011-02-13 19:00:00,WIND,600702,1,HCM,1,18974,1011,350,5,360,6,1833,6,6,6,6,6,NA,NA,NA,NA,2011-02-13 18:52:00,0
2011-02-13 20:00:00,WIND,600702,1,HCM,1,18974,1011,10,3,360,5,1855,6,6,6,6,6,NA,NA,NA,NA,2011-02-13 19:52:00,0
2011-02-13 21:00:00,WIND,600702,1,HCM,1,18974,1011,10,3,10,5,1953,6,6,6,6,6,NA,NA,NA,NA,2011-02-13 20:54:00,0
2011-02-13 22:00:00,WIND,600702,1,HCM,1,18974,1011,20,3,20,4,2118,6,6,6,6,6,NA,NA,NA,NA,2011-02-13 21:52:00,0
2011-02-13 23:00:00,WIND,600702,1,HCM,1,18974,1011,30,3,50,5,2236,6,6,6,6,6,NA,NA,NA,NA,2011-02-13 22:52:00,0
2011-02-14 00:00:00,WIND,600702,1,HCM,1,18974,1011,50,4,50,6,2312,6,6,6,6,6,NA,NA,NA,NA,2011-02-13 23:52:00,0
2011-02-14 01:00:00,WIND,600702,1,HCM,1,18974,1011,70,4,70,5,28,6,6,6,6,6,NA,NA,NA,NA,2011-02-14 00:52:00,0
2011-02-14 02:00:00,WIND,600702,1,HCM,1,18974,1011,80,4,70,5,120,6,6,6,6,6,NA,NA,NA,NA,2011-02-14 01:52:00,0
2011-02-14 03:00:00,WIND,600702,1,HCM,1,18974,1011,80,3,80,5,245,6,6,6,6,6,NA,NA,NA,NA,2011-02-14 02:52:00,0
2011-02-14 04:00:00,WIND,600702,1,HCM,1,18974,1011,90,5,80,6,323,6,6,6,6,6,NA,NA,NA,NA,2011-02-14 03:52:00,0
2011-02-14 05:00:00,WIND,600702,1,HCM,1,18974,1011,80,5,80,7,400,6,6,6,6,6,NA,NA,NA,NA,2011-02-14 04:52:00,0
2011-02-14 06:00:00,WIND,600702,1,HCM,1,18974,1011,70,6,60,9,537,6,6,6,6,6,NA,NA,NA,NA,2011-02-14 05:52:00,0
2011-02-14 07:00:00,WIND,600702,1,HCM,1,18974,1011,70,7,60,9,556,6,6,6,6,6,NA,NA,NA,NA,2011-02-14 06:52:00,0
2011-02-14 08:00:00,WIND,600702,1,HCM,1,18974,1011,60,7,60,10,722,6,6,6,6,6,NA,NA,NA,NA,2011-02-14 07:52:00,0
2011-02-14 09:00:00,WIND,600702,1,HCM,1,18974,1011,80,6,80,8,803,6,6,6,6,6,NA,NA,NA,NA,2011-02-14 08:55:00,0
2011-02-14 10:00:00,WIND,600702,1,HCM,1,18974,1011,90,6,100,12,947,6,6,6,6,6,NA,NA,NA,NA,2011-02-14 09:52:00,0
2011-02-14 11:00:00,WIND,600702,1,HCM,1,18974,1011,120,9,130,15,1049,6,6,6,6,6,NA,NA,NA,NA,2011-02-14 10:52:00,0
2011-02-14 12:00:00,WIND,600702,1,HCM,1,18974,1011,130,11,130,16,1057,6,6,6,6,6,NA,NA,NA,NA,2011-02-14 11:52:00,0
2011-02-14 13:00:00,WIND,600702,1,HCM,1,18974,1011,130,12,140,17,1206,6,6,6,6,6,NA,NA,NA,NA,2011-02-14 12:52:00,0
2011-02-14 14:00:00,WIND,600702,1,HCM,1,18974,1011,140,11,130,16,1254,6,6,6,6,6,NA,NA,NA,NA,2011-02-14 13:54:00,0
2011-02-14 15:00:00,WIND,600702,1,HCM,1,18974,1011,170,12,190,18,1443,6,6,6,6,6,NA,NA,NA,NA,2011-02-14 14:52:00,0
2011-02-14 16:00:00,WIND,600702,1,HCM,1,18974,1011,190,13,180,18,1513,6,6,6,6,6,NA,NA,NA,NA,2011-02-14 15:52:00,0
2011-02-14 17:00:00,WIND,600702,1,HCM,1,18974,1011,180,11,180,16,1600,6,6,6,6,6,NA,NA,NA,NA,2011-02-14 16:52:00,0
2011-02-14 18:00:00,WIND,600702,1,HCM,1,18974,1011,170,11,160,18,1727,6,6,6,6,6,NA,NA,NA,NA,2011-02-14 17:52:00,0
2011-02-14 19:00:00,WIND,600702,1,HCM,1,18974,1011,190,11,190,16,1803,6,6,6,6,6,NA,NA,NA,NA,2011-02-14 18:52:00,0
2011-02-14 20:00:00,WIND,600702,1,HCM,1,18974,1011,190,10,180,16,1850,6,6,6,6,6,NA,NA,NA,NA,2011-02-14 19:52:00,0
2011-02-14 21:00:00,WIND,600702,1,HCM,1,18974,1011,190,9,170,13,2020,6,6,6,6,6,NA,NA,NA,NA,2011-02-14 20:54:00,0
2011-02-14 22:00:00,WIND,600702,1,HCM,1,18974,1011,210,7,220,17,2058,6,6,6,6,6,NA,NA,NA,NA,2011-02-14 21:52:00,0
2011-02-14 23:00:00,WIND,600702,1,HCM,1,18974,1011,220,14,240,26,2249,6,6,6,6,6,NA,NA,NA,NA,2011-02-14 22:52:00,0
2011-02-15 00:00:00,WIND,600702,1,HCM,1,18974,1011,220,16,220,28,2324,6,6,6,6,6,NA,NA,NA,NA,2011-02-14 23:52:00,0
2011-02-15 01:00:00,WIND,600702,1,HCM,1,18974,1011,220,16,210,25,21,6,6,6,6,6,NA,NA,NA,NA,2011-02-15 00:52:00,0
2011-02-15 02:00:00,WIND,600702,1,HCM,1,18974,1011,210,15,210,24,104,6,6,6,6,6,NA,NA,NA,NA,2011-02-15 01:52:00,0
2011-02-15 03:00:00,WIND,600702,1,HCM,1,18974,1011,190,16,190,24,243,6,6,6,6,6,NA,NA,NA,NA,2011-02-15 02:52:00,0
2011-02-15 04:00:00,WIND,600702,1,HCM,1,18974,1011,180,17,180,23,307,6,6,6,6,6,NA,NA,NA,NA,2011-02-15 03:52:00,0
2011-02-15 05:00:00,WIND,600702,1,HCM,1,18974,1011,160,17,160,23,412,6,6,6,6,6,NA,NA,NA,NA,2011-02-15 04:51:00,0
2011-02-15 06:00:00,WIND,600702,1,HCM,1,18974,1011,150,19,140,26,547,6,6,6,6,6,NA,NA,NA,NA,2011-02-15 05:51:00,0
2011-02-15 07:00:00,WIND,600702,1,HCM,1,18974,1011,140,21,140,27,638,6,6,6,6,6,NA,NA,NA,NA,2011-02-15 06:52:00,0
2011-02-15 08:00:00,WIND,600702,1,HCM,1,18974,1011,140,22,140,29,653,6,6,6,6,6,NA,NA,NA,NA,2011-02-15 07:52:00,0
2011-02-15 09:00:00,WIND,600702,1,HCM,1,18974,1011,130,22,130,28,835,6,6,6,6,6,NA,NA,NA,NA,2011-02-15 08:54:00,0
2011-02-15 10:00:00,WIND,600702,1,HCM,1,18974,1011,130,23,120,29,937,6,6,6,6,6,NA,NA,NA,NA,2011-02-15 09:52:00,0
2011-02-15 11:00:00,WIND,600702,1,HCM,1,18974,1011,120,22,130,29,1020,6,6,6,6,6,NA,NA,NA,NA,2011-02-15 10:52:00,0
2011-02-15 12:00:00,WIND,600702,1,HCM,1,18974,1011,120,21,120,28,1056,6,6,6,6,6,NA,NA,NA,NA,2011-02-15 11:52:00,0
2011-02-15 13:00:00,WIND,600702,1,HCM,1,18974,1011,120,21,110,28,1237,6,6,6,6,6,NA,NA,NA,NA,2011-02-15 12:52:00,0
2011-02-15 14:00:00,WIND,600702,1,HCM,1,18974,1011,120,23,110,32,1344,6,6,6,6,6,NA,NA,NA,NA,2011-02-15 13:52:00,0
2011-02-15 15:00:00,WIND,600702,1,HCM,1,18974,1011,110,23,110,31,1406,6,6,6,6,6,NA,NA,NA,NA,2011-02-15 14:53:00,0
2011-02-15 16:00:00,WIND,600702,1,HCM,1,18974,1011,110,24,110,32,1514,6,6,6,6,6,NA,NA,NA,NA,2011-02-15 15:52:00,0
2011-02-15 17:00:00,WIND,600702,1,HCM,1,18974,1011,110,24,110,32,1604,6,6,6,6,6,NA,NA,NA,NA,2011-02-15 16:52:00,0
2011-02-15 18:00:00,WIND,600702,1,HCM,1,18974,1011,110,23,110,34,1714,6,6,6,6,6,NA,NA,NA,NA,2011-02-15 17:51:00,0
2011-02-15 19:00:00,WIND,600702,1,HCM,1,18974,1011,110,22,120,29,1847,6,6,6,6,6,NA,NA,NA,NA,2011-02-15 18:51:00,0
2011-02-15 20:00:00,WIND,600702,1,HCM,1,18974,1011,110,24,110,31,1923,6,6,6,6,6,NA,NA,NA,NA,2011-02-15 19:51:00,0
2011-02-15 21:00:00,WIND,600702,1,HCM,1,18974,1011,110,23,110,32,2028,6,6,6,6,6,NA,NA,NA,NA,2011-02-15 20:54:00,0
2011-02-15 22:00:00,WIND,600702,1,HCM,1,18974,1011,110,23,110,30,2114,6,6,6,6,6,NA,NA,NA,NA,2011-02-15 21:51:00,0
2011-02-15 23:00:00,WIND,600702,1,HCM,1,18974,1011,110,20,120,29,2246,6,6,6,6,6,NA,NA,NA,NA,2011-02-15 22:52:00,0
2011-02-16 00:00:00,WIND,600702,1,HCM,1,18974,1011,120,25,110,35,2343,6,6,6,6,6,NA,NA,NA,NA,2011-02-15 23:52:00,0
2011-02-16 01:00:00,WIND,600702,1,HCM,1,18974,1011,120,26,120,34,15,6,6,6,6,6,NA,NA,NA,NA,2011-02-16 00:52:00,0
2011-02-16 02:00:00,WIND,600702,1,HCM,1,18974,1011,110,23,120,34,53,6,6,6,6,6,NA,NA,NA,NA,2011-02-16 01:52:00,0
2011-02-16 03:00:00,WIND,600702,1,HCM,1,18974,1011,110,21,110,27,206,6,6,6,6,6,NA,NA,NA,NA,2011-02-16 02:51:00,0
2011-02-16 04:00:00,WIND,600702,1,HCM,1,18974,1011,100,18,100,25,344,6,6,6,6,6,NA,NA,NA,NA,2011-02-16 03:52:00,0
2011-02-16 05:00:00,WIND,600702,1,HCM,1,18974,1011,100,19,100,26,425,6,6,6,6,6,NA,NA,NA,NA,2011-02-16 04:52:00,0
2011-02-16 06:00:00,WIND,600702,1,HCM,1,18974,1011,100,19,90,26,523,6,6,6,6,6,NA,NA,NA,NA,2011-02-16 05:52:00,0
2011-02-16 07:00:00,WIND,600702,1,HCM,1,18974,1011,110,19,110,27,634,6,6,6,6,6,NA,NA,NA,NA,2011-02-16 06:52:00,0
2011-02-16 08:00:00,WIND,600702,1,HCM,1,18974,1011,120,20,110,28,707,6,6,6,6,6,NA,NA,NA,NA,2011-02-16 07:52:00,0
2011-02-16 09:00:00,WIND,600702,1,HCM,1,18974,1011,120,22,120,29,839,6,6,6,6,6,NA,NA,NA,NA,2011-02-16 08:54:00,0
2011-02-16 10:00:00,WIND,600702,1,HCM,1,18974,1011,130,21,130,29,853,6,6,6,6,6,NA,NA,NA,NA,2011-02-16 09:52:00,0
2011-02-16 11:00:00,WIND,600702,1,HCM,1,18974,1011,150,19,160,26,1026,6,6,6,6,6,NA,NA,NA,NA,2011-02-16 10:52:00,0
2011-02-16 12:00:00,WIND,600702,1,HCM,1,18974,1011,160,17,160,23,1104,6,6,6,6,6,NA,NA,NA,NA,2011-02-16 11:52:00,0
2011-02-16 13:00:00,WIND,600702,1,HCM,1,18974,1011,170,15,170,20,1159,6,6,6,6,6,NA,NA,NA,NA,2011-02-16 12:52:00,0
2011-02-16 14:00:00,WIND,600702,1,HCM,1,18974,1011,160,13,170,18,1256,6,6,6,6,6,NA,NA,NA,NA,2011-02-16 13:53:00,0
2011-02-16 15:00:00,WIND,600702,1,HCM,1,18974,1011,170,11,160,15,1352,6,6,6,6,6,NA,NA,NA,NA,2011-02-16 14:52:00,0
2011-02-16 16:00:00,WIND,600702,1,HCM,1,18974,1011,170,9,170,13,1545,6,6,6,6,6,NA,NA,NA,NA,2011-02-16 15:52:00,0
2011-02-16 17:00:00,WIND,600702,1,HCM,1,18974,1011,170,8,170,11,1556,6,6,6,6,6,NA,NA,NA,NA,2011-02-16 16:52:00,0
2011-02-16 18:00:00,WIND,600702,1,HCM,1,18974,1011,160,6,160,8,1651,6,6,6,6,6,NA,NA,NA,NA,2011-02-16 17:51:00,0
2011-02-16 19:00:00,WIND,600702,1,HCM,1,18974,1011,150,7,150,9,1835,6,6,6,6,6,NA,NA,NA,NA,2011-02-16 18:51:00,0
2011-02-16 20:00:00,WIND,600702,1,HCM,1,18974,1011,150,6,150,8,1850,6,6,6,6,6,NA,NA,NA,NA,2011-02-16 19:52:00,0
2011-02-16 21:00:00,WIND,600702,1,HCM,1,18974,1011,150,6,160,8,2031,6,6,6,6,6,NA,NA,NA,NA,2011-02-16 20:54:00,0
2011-02-16 22:00:00,WIND,600702,1,HCM,1,18974,1011,170,7,160,9,2108,6,6,6,6,6,NA,NA,NA,NA,2011-02-16 21:52:00,0
2011-02-16 23:00:00,WIND,600702,1,HCM,1,18974,1011,160,9,160,11,2218,6,6,6,6,6,NA,NA,NA,NA,2011-02-16 22:52:00,0
2011-02-17 00:00:00,WIND,600702,1,HCM,1,18974,1011,140,9,140,13,2349,6,6,6,6,6,NA,NA,NA,NA,2011-02-16 23:51:00,0
2011-02-17 01:00:00,WIND,600702,1,HCM,1,18974,1011,150,11,160,15,40,6,6,6,6,6,NA,NA,NA,NA,2011-02-17 00:52:00,0
2011-02-17 02:00:00,WIND,600702,1,HCM,1,18974,1011,170,10,160,14,57,6,6,6,6,6,NA,NA,NA,NA,2011-02-17 01:51:00,0
2011-02-17 03:00:00,WIND,600702,1,HCM,1,18974,1011,170,10,150,14,249,6,6,6,6,6,NA,NA,NA,NA,2011-02-17 02:52:00,0
2011-02-17 04:00:00,WIND,600702,1,HCM,1,18974,1011,160,11,160,13,321,6,6,6,6,6,NA,NA,NA,NA,2011-02-17 03:52:00,0
2011-02-17 05:00:00,WIND,600702,1,HCM,1,18974,1011,150,11,150,14,350,6,6,6,6,6,NA,NA,NA,NA,2011-02-17 04:52:00,0
2011-02-17 06:00:00,WIND,600702,1,HCM,1,18974,1011,160,9,160,12,450,6,6,6,6,6,NA,NA,NA,NA,2011-02-17 05:52:00,0
2011-02-17 07:00:00,WIND,600702,1,HCM,1,18974,1011,170,9,160,12,624,6,6,6,6,6,NA,NA,NA,NA,2011-02-17 06:52:00,0
2011-02-17 08:00:00,WIND,600702,1,HCM,1,18974,1011,150,8,150,11,700,6,6,6,6,6,NA,NA,NA,NA,2011-02-17 07:52:00,0
2011-02-17 09:00:00,WIND,600702,1,HCM,1,18974,1011,150,9,150,12,849,6,6,6,6,6,NA,NA,NA,NA,2011-02-17 08:54:00,0
2011-02-17 10:00:00,WIND,600702,1,HCM,1,18974,1011,140,10,150,14,850,6,6,6,6,6,NA,NA,NA,NA,2011-02-17 09:52:00,0
2011-02-17 11:00:00,WIND,600702,1,HCM,1,18974,1011,140,10,140,14,1034,6,6,6,6,6,NA,NA,NA,NA,2011-02-17 10:52:00,0
2011-02-17 12:00:00,WIND,600702,1,HCM,1,18974,1011,140,11,140,14,1108,6,6,6,6,6,NA,NA,NA,NA,2011-02-17 11:52:00,0
2011-02-17 13:00:00,WIND,600702,1,HCM,1,18974,1011,160,11,150,15,1238,6,6,6,6,6,NA,NA,NA,NA,2011-02-17 12:53:00,0
2011-02-17 14:00:00,WIND,600702,1,HCM,1,18974,1011,150,12,150,16,1310,6,6,6,6,6,NA,NA,NA,NA,2011-02-17 13:53:00,0
2011-02-17 15:00:00,WIND,600702,1,HCM,1,18974,1011,150,13,140,16,1443,6,6,6,6,6,NA,NA,NA,NA,2011-02-17 14:52:00,0
2011-02-17 16:00:00,WIND,600702,1,HCM,1,18974,1011,140,14,140,18,1533,6,6,6,6,6,NA,NA,NA,NA,2011-02-17 15:52:00,0
2011-02-17 17:00:00,WIND,600702,1,HCM,1,18974,1011,140,13,140,18,1556,6,6,6,6,6,NA,NA,NA,NA,2011-02-17 16:52:00,0
2011-02-17 18:00:00,WIND,600702,1,HCM,1,18974,1011,140,12,140,16,1655,6,6,6,6,6,NA,NA,NA,NA,2011-02-17 17:52:00,0
2011-02-17 19:00:00,WIND,600702,1,HCM,1,18974,1011,140,12,140,15,1846,6,6,6,6,6,NA,NA,NA,NA,2011-02-17 18:52:00,0
2011-02-17 20:00:00,WIND,600702,1,HCM,1,18974,1011,140,12,140,15,1913,6,6,6,6,6,NA,NA,NA,NA,2011-02-17 19:52:00,0
2011-02-17 21:00:00,WIND,600702,1,HCM,1,18974,1011,140,13,130,18,2047,6,6,6,6,6,NA,NA,NA,NA,2011-02-17 20:55:00,0
2011-02-17 22:00:00,WIND,600702,1,HCM,1,18974,1011,140,15,140,19,2138,6,6,6,6,6,NA,NA,NA,NA,2011-02-17 21:52:00,0
2011-02-17 23:00:00,WIND,600702,1,HCM,1,18974,1011,140,16,140,22,2246,6,6,6,6,6,NA,NA,NA,NA,2011-02-17 22:52:00,0
2011-02-18 00:00:00,WIND,600702,1,HCM,1,18974,1011,130,17,140,22,2254,6,6,6,6,6,NA,NA,NA,NA,2011-02-17 23:52:00,0
2011-02-18 01:00:00,WIND,600702,1,HCM,1,18974,1011,130,18,140,23,26,6,6,6,6,6,NA,NA,NA,NA,2011-02-18 00:52:00,0
2011-02-18 02:00:00,WIND,600702,1,HCM,1,18974,1011,140,18,130,23,112,6,6,6,6,6,NA,NA,NA,NA,2011-02-18 01:52:00,0
2011-02-18 03:00:00,WIND,600702,1,HCM,1,18974,1011,140,19,150,25,236,6,6,6,6,6,NA,NA,NA,NA,2011-02-18 02:52:00,0
2011-02-18 04:00:00,WIND,600702,1,HCM,1,18974,1011,150,18,150,24,257,6,6,6,6,6,NA,NA,NA,NA,2011-02-18 03:52:00,0
2011-02-18 05:00:00,WIND,600702,1,HCM,1,18974,1011,140,17,150,22,350,6,6,6,6,6,NA,NA,NA,NA,2011-02-18 04:52:00,0
2011-02-18 06:00:00,WIND,600702,1,HCM,1,18974,1011,140,16,130,21,523,6,6,6,6,6,NA,NA,NA,NA,2011-02-18 05:52:00,0
2011-02-18 07:00:00,WIND,600702,1,HCM,1,18974,1011,140,18,140,23,645,6,6,6,6,6,NA,NA,NA,NA,2011-02-18 06:52:00,0
2011-02-18 08:00:00,WIND,600702,1,HCM,1,18974,1011,140,19,140,27,745,6,6,6,6,6,NA,NA,NA,NA,2011-02-18 07:52:00,0
2011-02-18 09:00:00,WIND,600702,1,HCM,1,18974,1011,140,20,140,27,843,6,6,6,6,6,NA,NA,NA,NA,2011-02-18 08:54:00,0
2011-02-18 10:00:00,WIND,600702,1,HCM,1,18974,1011,140,21,140,29,941,6,6,6,6,6,NA,NA,NA,NA,2011-02-18 09:52:00,0
2011-02-18 11:00:00,WIND,600702,1,HCM,1,18974,1011,140,23,150,30,1039,6,6,6,6,6,NA,NA,NA,NA,2011-02-18 10:52:00,0
2011-02-18 12:00:00,WIND,600702,1,HCM,1,18974,1011,140,25,140,31,1117,6,6,6,6,6,NA,NA,NA,NA,2011-02-18 11:52:00,0
2011-02-18 13:00:00,WIND,600702,1,HCM,1,18974,1011,140,25,140,33,1245,6,6,6,6,6,NA,NA,NA,NA,2011-02-18 12:52:00,0
2011-02-18 14:00:00,WIND,600702,1,HCM,1,18974,1011,140,27,130,37,1342,6,6,6,6,6,NA,NA,NA,NA,2011-02-18 13:52:00,0
2011-02-18 15:00:00,WIND,600702,1,HCM,1,18974,1011,140,25,140,33,1357,6,6,6,6,6,NA,NA,NA,NA,2011-02-18 14:52:00,0
2011-02-18 16:00:00,WIND,600702,1,HCM,1,18974,1011,140,27,140,37,1545,6,6,6,6,6,NA,NA,NA,NA,2011-02-18 15:53:00,0
2011-02-18 17:00:00,WIND,600702,1,HCM,1,18974,1011,140,28,130,36,1627,6,6,6,6,6,NA,NA,NA,NA,2011-02-18 16:53:00,0
2011-02-18 18:00:00,WIND,600702,1,HCM,1,18974,1011,140,28,140,38,1720,6,6,6,6,6,NA,NA,NA,NA,2011-02-18 17:52:00,0
2011-02-18 19:00:00,WIND,600702,1,HCM,1,18974,1011,140,29,130,38,1825,6,6,6,6,6,NA,NA,NA,NA,2011-02-18 18:52:00,0
2011-02-18 20:00:00,WIND,600702,1,HCM,1,18974,1011,140,29,140,39,1857,6,6,6,6,6,NA,NA,NA,NA,2011-02-18 19:52:00,0
2011-02-18 21:00:00,WIND,600702,1,HCM,1,18974,1011,130,29,140,39,2038,6,6,6,6,6,NA,NA,NA,NA,2011-02-18 20:54:00,0
2011-02-18 22:00:00,WIND,600702,1,HCM,1,18974,1011,140,30,140,41,2127,6,6,6,6,6,NA,NA,NA,NA,2011-02-18 21:52:00,0
2011-02-18 23:00:00,WIND,600702,1,HCM,1,18974,1011,140,31,140,41,2238,6,6,6,6,6,NA,NA,NA,NA,2011-02-18 22:52:00,0
2011-02-19 00:00:00,WIND,600702,1,HCM,1,18974,1011,140,31,140,42,2318,6,6,6,6,6,NA,NA,NA,NA,2011-02-18 23:52:00,0
2011-02-19 01:00:00,WIND,600702,1,HCM,1,18974,1011,140,33,140,43,38,6,6,6,6,6,NA,NA,NA,NA,2011-02-19 00:51:00,0
2011-02-19 02:00:00,WIND,600702,1,HCM,1,18974,1011,140,32,130,42,127,6,6,6,6,6,NA,NA,NA,NA,2011-02-19 01:51:00,0
2011-02-19 03:00:00,WIND,600702,1,HCM,1,18974,1011,140,31,140,41,207,6,6,6,6,6,NA,NA,NA,NA,2011-02-19 02:52:00,0
2011-02-19 04:00:00,WIND,600702,1,HCM,1,18974,1011,140,30,140,42,345,6,6,6,6,6,NA,NA,NA,NA,2011-02-19 03:52:00,0
2011-02-19 05:00:00,WIND,600702,1,HCM,1,18974,1011,140,30,150,38,442,6,6,6,6,6,NA,NA,NA,NA,2011-02-19 04:52:00,0
2011-02-19 06:00:00,WIND,600702,1,HCM,1,18974,1011,150,29,150,39,540,6,6,6,6,6,NA,NA,NA,NA,2011-02-19 05:52:00,0
2011-02-19 07:00:00,WIND,600702,1,HCM,1,18974,1011,150,29,140,37,554,6,6,6,6,6,NA,NA,NA,NA,2011-02-19 06:52:00,0
2011-02-19 08:00:00,WIND,600702,1,HCM,1,18974,1011,140,27,140,36,744,6,6,6,6,6,NA,NA,NA,NA,2011-02-19 07:52:00,0
2011-02-19 09:00:00,WIND,600702,1,HCM,1,18974,1011,140,28,140,35,817,6,6,6,6,6,NA,NA,NA,NA,2011-02-19 08:54:00,0
2011-02-19 10:00:00,WIND,600702,1,HCM,1,18974,1011,140,27,140,34,855,6,6,6,6,6,NA,NA,NA,NA,2011-02-19 09:52:00,0
2011-02-19 11:00:00,WIND,600702,1,HCM,1,18974,1011,150,25,150,33,1009,6,6,6,6,6,NA,NA,NA,NA,2011-02-19 10:52:00,0
2011-02-19 12:00:00,WIND,600702,1,HCM,1,18974,1011,150,24,150,32,1146,6,6,6,6,6,NA,NA,NA,NA,2011-02-19 11:51:00,0
2011-02-19 13:00:00,WIND,600702,1,HCM,1,18974,1011,150,24,150,31,1211,6,6,6,6,6,NA,NA,NA,NA,2011-02-19 12:52:00,0
2011-02-19 14:00:00,WIND,600702,1,HCM,1,18974,1011,140,21,150,27,1309,6,6,6,6,6,NA,NA,NA,NA,2011-02-19 13:52:00,0
2011-02-19 15:00:00,WIND,600702,1,HCM,1,18974,1011,150,19,140,26,1353,6,6,6,6,6,NA,NA,NA,NA,2011-02-19 14:52:00,0
2011-02-19 16:00:00,WIND,600702,1,HCM,1,18974,1011,150,20,150,27,1523,6,6,6,6,6,NA,NA,NA,NA,2011-02-19 15:52:00,0
2011-02-19 17:00:00,WIND,600702,1,HCM,1,18974,1011,150,21,150,27,1639,6,6,6,6,6,NA,NA,NA,NA,2011-02-19 16:51:00,0
2011-02-19 18:00:00,WIND,600702,1,HCM,1,18974,1011,150,22,150,29,1749,6,6,6,6,6,NA,NA,NA,NA,2011-02-19 17:52:00,0
2011-02-19 19:00:00,WIND,600702,1,HCM,1,18974,1011,150,23,150,30,1839,6,6,6,6,6,NA,NA,NA,NA,2011-02-19 18:52:00,0
2011-02-19 20:00:00,WIND,600702,1,HCM,1,18974,1011,150,24,150,31,1902,6,6,6,6,6,NA,NA,NA,NA,2011-02-19 19:51:00,0
2011-02-19 21:00:00,WIND,600702,1,HCM,1,18974,1011,150,24,150,31,2049,6,6,6,6,6,NA,NA,NA,NA,2011-02-19 20:54:00,0
2011-02-19 22:00:00,WIND,600702,1,HCM,1,18974,1011,150,24,150,32,2102,6,6,6,6,6,NA,NA,NA,NA,2011-02-19 21:52:00,0
2011-02-19 23:00:00,WIND,600702,1,HCM,1,18974,1011,150,23,150,30,2153,6,6,6,6,6,NA,NA,NA,NA,2011-02-19 22:52:00,0
2011-02-20 00:00:00,WIND,600702,1,HCM,1,18974,1011,150,25,150,33,2336,6,6,6,6,6,NA,NA,NA,NA,2011-02-19 23:52:00,0
2011-02-20 01:00:00,WIND,600702,1,HCM,1,18974,1011,150,24,160,32,33,6,6,6,6,6,NA,NA,NA,NA,2011-02-20 00:52:00,0
2011-02-20 02:00:00,WIND,600702,1,HCM,1,18974,1011,150,25,150,34,135,6,6,6,6,6,NA,NA,NA,NA,2011-02-20 01:52:00,0
2011-02-20 03:00:00,WIND,600702,1,HCM,1,18974,1011,140,26,140,34,249,6,6,6,6,6,NA,NA,NA,NA,2011-02-20 02:52:00,0
2011-02-20 04:00:00,WIND,600702,1,HCM,1,18974,1011,140,26,140,34,313,6,6,6,6,6,NA,NA,NA,NA,2011-02-20 03:52:00,0
2011-02-20 05:00:00,WIND,600702,1,HCM,1,18974,1011,140,27,140,34,445,6,6,6,6,6,NA,NA,NA,NA,2011-02-20 04:52:00,0
2011-02-20 06:00:00,WIND,600702,1,HCM,1,18974,1011,150,27,150,34,520,6,6,6,6,6,NA,NA,NA,NA,2011-02-20 05:52:00,0
2011-02-20 07:00:00,WIND,600702,1,HCM,1,18974,1011,150,28,140,37,612,6,6,6,6,6,NA,NA,NA,NA,2011-02-20 06:52:00,0
2011-02-20 08:00:00,WIND,600702,1,HCM,1,18974,1011,140,28,140,37,740,6,6,6,6,6,NA,NA,NA,NA,2011-02-20 07:52:00,0
2011-02-20 09:00:00,WIND,600702,1,HCM,1,18974,1011,150,28,140,37,813,6,6,6,6,6,NA,NA,NA,NA,2011-02-20 08:54:00,0
2011-02-20 10:00:00,WIND,600702,1,HCM,1,18974,1011,140,28,150,38,948,6,6,6,6,6,NA,NA,NA,NA,2011-02-20 09:52:00,0
2011-02-20 11:00:00,WIND,600702,1,HCM,1,18974,1011,150,29,150,37,955,6,6,6,6,6,NA,NA,NA,NA,2011-02-20 10:52:00,0
2011-02-20 12:00:00,WIND,600702,1,HCM,1,18974,1011,150,28,150,37,1113,6,6,6,6,6,NA,NA,NA,NA,2011-02-20 11:52:00,0
2011-02-20 13:00:00,WIND,600702,1,HCM,1,18974,1011,150,30,140,41,1155,6,6,6,6,6,NA,NA,NA,NA,2011-02-20 12:52:00,0
2011-02-20 14:00:00,WIND,600702,1,HCM,1,18974,1011,150,29,150,39,1329,6,6,6,6,6,NA,NA,NA,NA,2011-02-20 13:52:00,0
2011-02-20 15:00:00,WIND,600702,1,HCM,1,18974,1011,150,29,150,41,1414,6,6,6,6,6,NA,NA,NA,NA,2011-02-20 14:52:00,0
2011-02-20 16:00:00,WIND,600702,1,HCM,1,18974,1011,150,30,140,40,1520,6,6,6,6,6,NA,NA,NA,NA,2011-02-20 15:52:00,0
2011-02-20 17:00:00,WIND,600702,1,HCM,1,18974,1011,150,29,150,40,1555,6,6,6,6,6,NA,NA,NA,NA,2011-02-20 16:52:00,0
2011-02-20 18:00:00,WIND,600702,1,HCM,1,18974,1011,150,28,150,37,1709,6,6,6,6,6,NA,NA,NA,NA,2011-02-20 17:52:00,0
2011-02-20 19:00:00,WIND,600702,1,HCM,1,18974,1011,140,32,150,42,1834,6,6,6,6,6,NA,NA,NA,NA,2011-02-20 18:52:00,0
2011-02-20 20:00:00,WIND,600702,1,HCM,1,18974,1011,140,32,150,42,1906,6,6,6,6,6,NA,NA,NA,NA,2011-02-20 19:52:00,0
2011-02-20 21:00:00,WIND,600702,1,HCM,1,18974,1011,150,32,150,42,2013,6,6,6,6,6,NA,NA,NA,NA,2011-02-20 20:55:00,0
2011-02-20 22:00:00,WIND,600702,1,HCM,1,18974,1011,140,31,140,42,2121,6,6,6,6,6,NA,NA,NA,NA,2011-02-20 21:52:00,0
2011-02-20 23:00:00,WIND,600702,1,HCM,1,18974,1011,140,30,140,38,2235,6,6,6,6,6,NA,NA,NA,NA,2011-02-20 22:52:00,0
2011-02-21 00:00:00,WIND,600702,1,HCM,1,18974,1011,140,31,150,41,2345,6,6,6,6,6,NA,NA,NA,NA,2011-02-20 23:52:00,0
2011-02-21 01:00:00,WIND,600702,1,HCM,1,18974,1011,140,31,140,39,2355,6,6,6,6,6,NA,NA,NA,NA,2011-02-21 00:52:00,0
2011-02-21 02:00:00,WIND,600702,1,HCM,1,18974,1011,140,30,140,39,135,6,6,6,6,6,NA,NA,NA,NA,2011-02-21 01:52:00,0
2011-02-21 03:00:00,WIND,600702,1,HCM,1,18974,1011,150,29,150,38,158,6,6,6,6,6,NA,NA,NA,NA,2011-02-21 02:52:00,0
2011-02-21 04:00:00,WIND,600702,1,HCM,1,18974,1011,150,29,150,39,255,6,6,6,6,6,NA,NA,NA,NA,2011-02-21 03:52:00,0
2011-02-21 05:00:00,WIND,600702,1,HCM,1,18974,1011,140,30,140,38,418,6,6,6,6,6,NA,NA,NA,NA,2011-02-21 04:52:00,0
2011-02-21 06:00:00,WIND,600702,1,HCM,1,18974,1011,140,27,140,37,542,6,6,6,6,6,NA,NA,NA,NA,2011-02-21 05:52:00,0
2011-02-21 07:00:00,WIND,600702,1,HCM,1,18974,1011,140,28,140,37,620,6,6,6,6,6,NA,NA,NA,NA,2011-02-21 06:52:00,0
2011-02-21 08:00:00,WIND,600702,1,HCM,1,18974,1011,150,27,140,34,738,6,6,6,6,6,NA,NA,NA,NA,2011-02-21 07:52:00,0
2011-02-21 09:00:00,WIND,600702,1,HCM,1,18974,1011,140,25,140,34,804,6,6,6,6,6,NA,NA,NA,NA,2011-02-21 08:54:00,0
2011-02-21 10:00:00,WIND,600702,1,HCM,1,18974,1011,150,26,140,36,933,6,6,6,6,6,NA,NA,NA,NA,2011-02-21 09:52:00,0
2011-02-21 11:00:00,WIND,600702,1,HCM,1,18974,1011,140,25,150,32,1005,6,6,6,6,6,NA,NA,NA,NA,2011-02-21 10:52:00,0
2011-02-21 12:00:00,WIND,600702,1,HCM,1,18974,1011,140,25,140,31,1059,6,6,6,6,6,NA,NA,NA,NA,2011-02-21 11:52:00,0
2011-02-21 13:00:00,WIND,600702,1,HCM,1,18974,1011,140,24,150,31,1247,6,6,6,6,6,NA,NA,NA,NA,2011-02-21 12:54:00,0
2011-02-21 14:00:00,WIND,600702,1,HCM,1,18974,1011,150,23,140,31,1253,6,6,6,6,6,NA,NA,NA,NA,2011-02-21 13:52:00,0
2011-02-21 15:00:00,WIND,600702,1,HCM,1,18974,1011,150,23,160,29,1430,6,6,6,6,6,NA,NA,NA,NA,2011-02-21 14:54:00,0
2011-02-21 16:00:00,WIND,600702,1,HCM,1,18974,1011,150,22,150,28,1454,6,6,6,6,6,NA,NA,NA,NA,2011-02-21 15:52:00,0
2011-02-21 17:00:00,WIND,600702,1,HCM,1,18974,1011,150,21,150,27,1639,6,6,6,6,6,NA,NA,NA,NA,2011-02-21 16:52:00,0
2011-02-21 18:00:00,WIND,600702,1,HCM,1,18974,1011,150,19,150,25,1704,6,6,6,6,6,NA,NA,NA,NA,2011-02-21 17:52:00,0
2011-02-21 19:00:00,WIND,600702,1,HCM,1,18974,1011,160,19,160,24,1839,6,6,6,6,6,NA,NA,NA,NA,2011-02-21 18:52:00,0
2011-02-21 20:00:00,WIND,600702,1,HCM,1,18974,1011,160,18,160,24,1857,6,6,6,6,6,NA,NA,NA,NA,2011-02-21 19:52:00,0
2011-02-21 21:00:00,WIND,600702,1,HCM,1,18974,1011,160,19,160,26,2028,6,6,6,6,6,NA,NA,NA,NA,2011-02-21 20:54:00,0
2011-02-21 22:00:00,WIND,600702,1,HCM,1,18974,1011,160,19,160,25,2059,6,6,6,6,6,NA,NA,NA,NA,2011-02-21 21:52:00,0
2011-02-21 23:00:00,WIND,600702,1,HCM,1,18974,1011,160,19,160,24,2157,6,6,6,6,6,NA,NA,NA,NA,2011-02-21 22:52:00,0
2011-02-22 00:00:00,WIND,600702,1,HCM,1,18974,1011,150,19,150,24,2257,6,6,6,6,6,NA,NA,NA,NA,2011-02-21 23:52:00,0
2011-02-22 01:00:00,WIND,600702,1,HCM,1,18974,1011,150,18,140,24,1,6,6,6,6,6,NA,NA,NA,NA,2011-02-22 00:52:00,0
2011-02-22 02:00:00,WIND,600702,1,HCM,1,18974,1011,150,19,150,24,109,6,6,6,6,6,NA,NA,NA,NA,2011-02-22 01:52:00,0
2011-02-22 03:00:00,WIND,600702,1,HCM,1,18974,1011,150,19,150,24,205,6,6,6,6,6,NA,NA,NA,NA,2011-02-22 02:51:00,0
2011-02-22 04:00:00,WIND,600702,1,HCM,1,18974,1011,150,19,160,24,332,6,6,6,6,6,NA,NA,NA,NA,2011-02-22 03:52:00,0
2011-02-22 05:00:00,WIND,600702,1,HCM,1,18974,1011,150,19,160,26,351,6,6,6,6,6,NA,NA,NA,NA,2011-02-22 04:52:00,0
2011-02-22 06:00:00,WIND,600702,1,HCM,1,18974,1011,160,19,160,27,458,6,6,6,6,6,NA,NA,NA,NA,2011-02-22 05:52:00,0
2011-02-22 07:00:00,WIND,600702,1,HCM,1,18974,1011,160,19,160,25,615,6,6,6,6,6,NA,NA,NA,NA,2011-02-22 06:52:00,0
2011-02-22 08:00:00,WIND,600702,1,HCM,1,18974,1011,160,18,160,24,652,6,6,6,6,6,NA,NA,NA,NA,2011-02-22 07:52:00,0
2011-02-22 09:00:00,WIND,600702,1,HCM,1,18974,1011,160,18,160,23,842,6,6,6,6,6,NA,NA,NA,NA,2011-02-22 08:54:00,0
2011-02-22 10:00:00,WIND,600702,1,HCM,1,18974,1011,160,18,170,23,858,6,6,6,6,6,NA,NA,NA,NA,2011-02-22 09:52:00,0
2011-02-22 11:00:00,WIND,600702,1,HCM,1,18974,1011,170,15,170,23,957,6,6,6,6,6,NA,NA,NA,NA,2011-02-22 10:52:00,0
2011-02-22 12:00:00,WIND,600702,1,HCM,1,18974,1011,180,14,180,18,1137,6,6,6,6,6,NA,NA,NA,NA,2011-02-22 11:51:00,0
2011-02-22 13:00:00,WIND,600702,1,HCM,1,18974,1011,180,13,180,18,1235,6,6,6,6,6,NA,NA,NA,NA,2011-02-22 12:53:00,0
2011-02-22 14:00:00,WIND,600702,1,HCM,1,18974,1011,180,13,180,18,1344,6,6,6,6,6,NA,NA,NA,NA,2011-02-22 13:52:00,0
2011-02-22 15:00:00,WIND,600702,1,HCM,1,18974,1011,180,15,170,20,1355,6,6,6,6,6,NA,NA,NA,NA,2011-02-22 14:52:00,0
2011-02-22 16:00:00,WIND,600702,1,HCM,1,18974,1011,170,14,160,19,1547,6,6,6,6,6,NA,NA,NA,NA,2011-02-22 15:52:00,0
2011-02-22 17:00:00,WIND,600702,1,HCM,1,18974,1011,170,14,160,19,1636,6,6,6,6,6,NA,NA,NA,NA,2011-02-22 16:51:00,0
2011-02-22 18:00:00,WIND,600702,1,HCM,1,18974,1011,160,14,160,21,1749,6,6,6,6,6,NA,NA,NA,NA,2011-02-22 17:52:00,0
2011-02-22 19:00:00,WIND,600702,1,HCM,1,18974,1011,160,17,160,23,1824,6,6,6,6,6,NA,NA,NA,NA,2011-02-22 18:52:00,0
2011-02-22 20:00:00,WIND,600702,1,HCM,1,18974,1011,160,18,160,23,1948,6,6,6,6,6,NA,NA,NA,NA,2011-02-22 19:52:00,0
2011-02-22 21:00:00,WIND,600702,1,HCM,1,18974,1011,160,18,160,23,1954,6,6,6,6,6,NA,NA,NA,NA,2011-02-22 20:54:00,0
2011-02-22 22:00:00,WIND,600702,1,HCM,1,18974,1011,160,16,170,21,2135,6,6,6,6,6,NA,NA,NA,NA,2011-02-22 21:51:00,0
2011-02-22 23:00:00,WIND,600702,1,HCM,1,18974,1011,170,17,170,22,2235,6,6,6,6,6,NA,NA,NA,NA,2011-02-22 22:52:00,0
2011-02-23 00:00:00,WIND,600702,1,HCM,1,18974,1011,170,18,170,24,2345,6,6,6,6,6,NA,NA,NA,NA,2011-02-22 23:52:00,0
2011-02-23 01:00:00,WIND,600702,1,HCM,1,18974,1011,190,18,180,25,2354,6,6,6,6,6,NA,NA,NA,NA,2011-02-23 00:52:00,0
2011-02-23 02:00:00,WIND,600702,1,HCM,1,18974,1011,200,16,200,22,123,6,6,6,6,6,NA,NA,NA,NA,2011-02-23 01:51:00,0
2011-02-23 03:00:00,WIND,600702,1,HCM,1,18974,1011,200,15,190,21,205,6,6,6,6,6,NA,NA,NA,NA,2011-02-23 02:51:00,0
2011-02-23 04:00:00,WIND,600702,1,HCM,1,18974,1011,210,15,210,24,311,6,6,6,6,6,NA,NA,NA,NA,2011-02-23 03:52:00,0
2011-02-23 05:00:00,WIND,600702,1,HCM,1,18974,1011,210,15,210,24,445,6,6,6,6,6,NA,NA,NA,NA,2011-02-23 04:52:00,0
2011-02-23 06:00:00,WIND,600702,1,HCM,1,18974,1011,200,15,210,22,452,6,6,6,6,6,NA,NA,NA,NA,2011-02-23 05:52:00,0
2011-02-23 07:00:00,WIND,600702,1,HCM,1,18974,1011,210,18,210,26,621,6,6,6,6,6,NA,NA,NA,NA,2011-02-23 06:51:00,0
2011-02-23 08:00:00,WIND,600702,1,HCM,1,18974,1011,200,16,210,23,651,6,6,6,6,6,NA,NA,NA,NA,2011-02-23 07:52:00,0
2011-02-23 09:00:00,WIND,600702,1,HCM,1,18974,1011,200,15,210,26,817,6,6,6,6,6,NA,NA,NA,NA,2011-02-23 08:55:00,0
2011-02-23 10:00:00,WIND,600702,1,HCM,1,18974,1011,190,16,200,24,906,6,6,6,6,6,NA,NA,NA,NA,2011-02-23 09:51:00,0
2011-02-23 11:00:00,WIND,600702,1,HCM,1,18974,1011,190,19,190,27,1020,6,6,6,6,6,NA,NA,NA,NA,2011-02-23 10:51:00,0
2011-02-23 12:00:00,WIND,600702,1,HCM,1,18974,1011,190,20,190,28,1136,6,6,6,6,6,NA,NA,NA,NA,2011-02-23 11:52:00,0
2011-02-23 13:00:00,WIND,600702,1,HCM,1,18974,1011,210,20,210,31,1226,6,6,6,6,6,NA,NA,NA,NA,2011-02-23 12:53:00,0
2011-02-23 14:00:00,WIND,600702,1,HCM,1,18974,1011,220,20,220,29,1317,6,6,6,6,6,NA,NA,NA,NA,2011-02-23 13:53:00,0
2011-02-23 15:00:00,WIND,600702,1,HCM,1,18974,1011,230,18,230,28,1432,6,6,6,6,6,NA,NA,NA,NA,2011-02-23 14:53:00,0
2011-02-23 16:00:00,WIND,600702,1,HCM,1,18974,1011,230,18,230,27,1516,6,6,6,6,6,NA,NA,NA,NA,2011-02-23 15:52:00,0
2011-02-23 17:00:00,WIND,600702,1,HCM,1,18974,1011,230,17,230,25,1603,6,6,6,6,6,NA,NA,NA,NA,2011-02-23 16:52:00,0
2011-02-23 18:00:00,WIND,600702,1,HCM,1,18974,1011,220,16,230,23,1701,6,6,6,6,6,NA,NA,NA,NA,2011-02-23 17:52:00,0
2011-02-23 19:00:00,WIND,600702,1,HCM,1,18974,1011,220,16,210,23,1847,6,6,6,6,6,NA,NA,NA,NA,2011-02-23 18:52:00,0
2011-02-23 20:00:00,WIND,600702,1,HCM,1,18974,1011,210,17,220,25,1941,6,6,6,6,6,NA,NA,NA,NA,2011-02-23 19:52:00,0
2011-02-23 21:00:00,WIND,600702,1,HCM,1,18974,1011,210,17,220,24,2007,6,6,6,6,6,NA,NA,NA,NA,2011-02-23 20:54:00,0
2011-02-23 22:00:00,WIND,600702,1,HCM,1,18974,1011,210,17,210,23,2114,6,6,6,6,6,NA,NA,NA,NA,2011-02-23 21:52:00,0
2011-02-23 23:00:00,WIND,600702,1,HCM,1,18974,1011,200,17,210,25,2245,6,6,6,6,6,NA,NA,NA,NA,2011-02-23 22:52:00,0
2011-02-24 00:00:00,WIND,600702,1,HCM,1,18974,1011,200,18,200,25,2333,6,6,6,6,6,NA,NA,NA,NA,2011-02-23 23:52:00,0
2011-02-24 01:00:00,WIND,600702,1,HCM,1,18974,1011,200,19,200,25,2,6,6,6,6,6,NA,NA,NA,NA,2011-02-24 00:52:00,0
2011-02-24 02:00:00,WIND,600702,1,HCM,1,18974,1011,210,20,210,29,143,6,6,6,6,6,NA,NA,NA,NA,2011-02-24 01:52:00,0
2011-02-24 03:00:00,WIND,600702,1,HCM,1,18974,1011,210,20,210,28,236,6,6,6,6,6,NA,NA,NA,NA,2011-02-24 02:52:00,0
2011-02-24 04:00:00,WIND,600702,1,HCM,1,18974,1011,210,20,200,29,346,6,6,6,6,6,NA,NA,NA,NA,2011-02-24 03:52:00,0
2011-02-24 05:00:00,WIND,600702,1,HCM,1,18974,1011,210,21,210,29,357,6,6,6,6,6,NA,NA,NA,NA,2011-02-24 04:52:00,0
2011-02-24 06:00:00,WIND,600702,1,HCM,1,18974,1011,220,22,210,31,510,6,6,6,6,6,NA,NA,NA,NA,2011-02-24 05:52:00,0
2011-02-24 07:00:00,WIND,600702,1,HCM,1,18974,1011,220,22,220,31,605,6,6,6,6,6,NA,NA,NA,NA,2011-02-24 06:52:00,0
2011-02-24 08:00:00,WIND,600702,1,HCM,1,18974,1011,220,22,220,31,705,6,6,6,6,6,NA,NA,NA,NA,2011-02-24 07:52:00,0
2011-02-24 09:00:00,WIND,600702,1,HCM,1,18974,1011,220,22,210,30,802,6,6,6,6,6,NA,NA,NA,NA,2011-02-24 08:55:00,0
2011-02-24 10:00:00,WIND,600702,1,HCM,1,18974,1011,220,21,230,32,856,6,6,6,6,6,NA,NA,NA,NA,2011-02-24 09:52:00,0
2011-02-24 11:00:00,WIND,600702,1,HCM,1,18974,1011,220,20,210,28,953,6,6,6,6,6,NA,NA,NA,NA,2011-02-24 10:52:00,0
2011-02-24 12:00:00,WIND,600702,1,HCM,1,18974,1011,220,19,220,27,1126,6,6,6,6,6,NA,NA,NA,NA,2011-02-24 11:52:00,0
2011-02-24 13:00:00,WIND,600702,1,HCM,1,18974,1011,210,18,220,27,1207,6,6,6,6,6,NA,NA,NA,NA,2011-02-24 12:52:00,0
2011-02-24 14:00:00,WIND,600702,1,HCM,1,18974,1011,200,16,220,24,1250,6,6,6,6,6,NA,NA,NA,NA,2011-02-24 13:52:00,0
2011-02-24 15:00:00,WIND,600702,1,HCM,1,18974,1011,180,17,190,23,1359,6,6,6,6,6,NA,NA,NA,NA,2011-02-24 14:52:00,0
2011-02-24 16:00:00,WIND,600702,1,HCM,1,18974,1011,180,15,180,21,1455,6,6,6,6,6,NA,NA,NA,NA,2011-02-24 15:52:00,0
2011-02-24 17:00:00,WIND,600702,1,HCM,1,18974,1011,170,17,170,23,1649,6,6,6,6,6,NA,NA,NA,NA,2011-02-24 16:52:00,0
2011-02-24 18:00:00,WIND,600702,1,HCM,1,18974,1011,180,19,190,28,1708,6,6,6,6,6,NA,NA,NA,NA,2011-02-24 17:52:00,0
2011-02-24 19:00:00,WIND,600702,1,HCM,1,18974,1011,170,20,170,29,1838,6,6,6,6,6,NA,NA,NA,NA,2011-02-24 18:52:00,0
2011-02-24 20:00:00,WIND,600702,1,HCM,1,18974,1011,170,21,160,29,1923,6,6,6,6,6,NA,NA,NA,NA,2011-02-24 19:52:00,0
2011-02-24 21:00:00,WIND,600702,1,HCM,1,18974,1011,170,20,160,29,2031,6,6,6,6,6,NA,NA,NA,NA,2011-02-24 20:54:00,0
2011-02-24 22:00:00,WIND,600702,1,HCM,1,18974,1011,180,20,170,28,2142,6,6,6,6,6,NA,NA,NA,NA,2011-02-24 21:52:00,0
2011-02-24 23:00:00,WIND,600702,1,HCM,1,18974,1011,170,21,180,30,2154,6,6,6,6,6,NA,NA,NA,NA,2011-02-24 22:52:00,0
2011-02-25 00:00:00,WIND,600702,1,HCM,1,18974,1011,180,22,170,28,2320,6,6,6,6,6,NA,NA,NA,NA,2011-02-24 23:52:00,0
2011-02-25 01:00:00,WIND,600702,1,HCM,1,18974,1011,190,20,180,27,12,6,6,6,6,6,NA,NA,NA,NA,2011-02-25 00:52:00,0
2011-02-25 02:00:00,WIND,600702,1,HCM,1,18974,1011,180,19,190,25,142,6,6,6,6,6,NA,NA,NA,NA,2011-02-25 01:52:00,0
2011-02-25 03:00:00,WIND,600702,1,HCM,1,18974,1011,180,21,190,28,213,6,6,6,6,6,NA,NA,NA,NA,2011-02-25 02:52:00,0
2011-02-25 04:00:00,WIND,600702,1,HCM,1,18974,1011,180,21,190,29,347,6,6,6,6,6,NA,NA,NA,NA,2011-02-25 03:52:00,0
2011-02-25 05:00:00,WIND,600702,1,HCM,1,18974,1011,220,16,180,26,350,6,6,6,6,6,NA,NA,NA,NA,2011-02-25 04:52:00,0
2011-02-25 06:00:00,WIND,600702,1,HCM,1,18974,1011,220,16,230,26,503,6,6,6,6,6,NA,NA,NA,NA,2011-02-25 05:52:00,0
2011-02-25 07:00:00,WIND,600702,1,HCM,1,18974,1011,210,18,210,27,641,6,6,6,6,6,NA,NA,NA,NA,2011-02-25 06:52:00,0
2011-02-25 08:00:00,WIND,600702,1,HCM,1,18974,1011,220,18,210,27,651,6,6,6,6,6,NA,NA,NA,NA,2011-02-25 07:52:00,0
2011-02-25 09:00:00,WIND,600702,1,HCM,1,18974,1011,220,21,220,35,849,6,6,6,6,6,NA,NA,NA,NA,2011-02-25 08:55:00,0
2011-02-25 10:00:00,WIND,600702,1,HCM,1,18974,1011,220,19,230,33,850,6,6,6,6,6,NA,NA,NA,NA,2011-02-25 09:53:00,0
2011-02-25 11:00:00,WIND,600702,1,HCM,1,18974,1011,220,20,210,32,1046,6,6,6,6,6,NA,NA,NA,NA,2011-02-25 10:52:00,0
2011-02-25 12:00:00,WIND,600702,1,HCM,1,18974,1011,220,21,220,33,1132,6,6,6,6,6,NA,NA,NA,NA,2011-02-25 11:52:00,0
2011-02-25 13:00:00,WIND,600702,1,HCM,1,18974,1011,230,21,220,32,1225,6,6,6,6,6,NA,NA,NA,NA,2011-02-25 12:52:00,0
2011-02-25 14:00:00,WIND,600702,1,HCM,1,18974,1011,220,21,230,33,1255,6,6,6,6,6,NA,NA,NA,NA,2011-02-25 13:52:00,0
2011-02-25 15:00:00,WIND,600702,1,HCM,1,18974,1011,220,20,230,30,1350,6,6,6,6,6,NA,NA,NA,NA,2011-02-25 14:52:00,0
2011-02-25 16:00:00,WIND,600702,1,HCM,1,18974,1011,220,21,220,31,1507,6,6,6,6,6,NA,NA,NA,NA,2011-02-25 15:52:00,0
2011-02-25 17:00:00,WIND,600702,1,HCM,1,18974,1011,220,20,230,28,1553,6,6,6,6,6,NA,NA,NA,NA,2011-02-25 16:52:00,0
2011-02-25 18:00:00,WIND,600702,1,HCM,1,18974,1011,220,19,230,36,1740,6,6,6,6,6,NA,NA,NA,NA,2011-02-25 17:52:00,0
2011-02-25 19:00:00,WIND,600702,1,HCM,1,18974,1011,220,16,210,23,1849,6,6,6,6,6,NA,NA,NA,NA,2011-02-25 18:51:00,0
2011-02-25 20:00:00,WIND,600702,1,HCM,1,18974,1011,220,18,220,31,1908,6,6,6,6,6,NA,NA,NA,NA,2011-02-25 19:52:00,0
2011-02-25 21:00:00,WIND,600702,1,HCM,1,18974,1011,220,17,220,29,2017,6,6,6,6,6,NA,NA,NA,NA,2011-02-25 20:55:00,0
2011-02-25 22:00:00,WIND,600702,1,HCM,1,18974,1011,230,16,220,28,2142,6,6,6,6,6,NA,NA,NA,NA,2011-02-25 21:52:00,0
2011-02-25 23:00:00,WIND,600702,1,HCM,1,18974,1011,240,20,240,32,2213,6,6,6,6,6,NA,NA,NA,NA,2011-02-25 22:52:00,0
2011-02-26 00:00:00,WIND,600702,1,HCM,1,18974,1011,240,11,240,21,2251,6,6,6,6,6,NA,NA,NA,NA,2011-02-25 23:52:00,0
2011-02-26 01:00:00,WIND,600702,1,HCM,1,18974,1011,230,12,240,19,24,6,6,6,6,6,NA,NA,NA,NA,2011-02-26 00:51:00,0
2011-02-26 02:00:00,WIND,600702,1,HCM,1,18974,1011,220,9,230,13,55,6,6,6,6,6,NA,NA,NA,NA,2011-02-26 01:52:00,0
2011-02-26 03:00:00,WIND,600702,1,HCM,1,18974,1011,280,7,260,17,205,6,6,6,6,6,NA,NA,NA,NA,2011-02-26 02:52:00,0
2011-02-26 04:00:00,WIND,600702,1,HCM,1,18974,1011,230,6,220,9,336,6,6,6,6,6,NA,NA,NA,NA,2011-02-26 03:52:00,0
2011-02-26 05:00:00,WIND,600702,1,HCM,1,18974,1011,250,6,280,13,358,6,6,6,6,6,NA,NA,NA,NA,2011-02-26 04:52:00,0
2011-02-26 06:00:00,WIND,600702,1,HCM,1,18974,1011,230,5,250,8,546,6,6,6,6,6,NA,NA,NA,NA,2011-02-26 05:52:00,0
2011-02-26 07:00:00,WIND,600702,1,HCM,1,18974,1011,280,7,290,14,613,6,6,6,6,6,NA,NA,NA,NA,2011-02-26 06:51:00,0
2011-02-26 08:00:00,WIND,600702,1,HCM,1,18974,1011,280,7,290,10,713,6,6,6,6,6,NA,NA,NA,NA,2011-02-26 07:52:00,0
2011-02-26 09:00:00,WIND,600702,1,HCM,1,18974,1011,270,7,290,11,832,6,6,6,6,6,NA,NA,NA,NA,2011-02-26 08:54:00,0
2011-02-26 10:00:00,WIND,600702,1,HCM,1,18974,1011,290,10,290,19,946,6,6,6,6,6,NA,NA,NA,NA,2011-02-26 09:52:00,0
2011-02-26 11:00:00,WIND,600702,1,HCM,1,18974,1011,290,11,290,18,950,6,6,6,6,6,NA,NA,NA,NA,2011-02-26 10:52:00,0
2011-02-26 12:00:00,WIND,600702,1,HCM,1,18974,1011,310,12,320,25,1126,6,6,6,6,6,NA,NA,NA,NA,2011-02-26 11:52:00,0
2011-02-26 13:00:00,WIND,600702,1,HCM,1,18974,1011,290,10,300,17,1245,6,6,6,6,6,NA,NA,NA,NA,2011-02-26 12:52:00,0
2011-02-26 14:00:00,WIND,600702,1,HCM,1,18974,1011,300,14,310,19,1318,6,6,6,6,6,NA,NA,NA,NA,2011-02-26 13:52:00,0
2011-02-26 15:00:00,WIND,600702,1,HCM,1,18974,1011,290,13,300,26,1412,6,6,6,6,6,NA,NA,NA,NA,2011-02-26 14:52:00,0
2011-02-26 16:00:00,WIND,600702,1,HCM,1,18974,1011,300,13,300,21,1522,6,6,6,6,6,NA,NA,NA,NA,2011-02-26 15:52:00,0
2011-02-26 17:00:00,WIND,600702,1,HCM,1,18974,1011,300,10,300,15,1612,6,6,6,6,6,NA,NA,NA,NA,2011-02-26 16:52:00,0
2011-02-26 18:00:00,WIND,600702,1,HCM,1,18974,1011,290,9,280,14,1748,6,6,6,6,6,NA,NA,NA,NA,2011-02-26 17:52:00,0
2011-02-26 19:00:00,WIND,600702,1,HCM,1,18974,1011,290,10,280,15,1750,6,6,6,6,6,NA,NA,NA,NA,2011-02-26 18:52:00,0
2011-02-26 20:00:00,WIND,600702,1,HCM,1,18974,1011,280,9,280,12,1919,6,6,6,6,6,NA,NA,NA,NA,2011-02-26 19:52:00,0
2011-02-26 21:00:00,WIND,600702,1,HCM,1,18974,1011,260,7,250,10,2046,6,6,6,6,6,NA,NA,NA,NA,2011-02-26 20:55:00,0
2011-02-26 22:00:00,WIND,600702,1,HCM,1,18974,1011,240,8,240,12,2139,6,6,6,6,6,NA,NA,NA,NA,2011-02-26 21:52:00,0
2011-02-26 23:00:00,WIND,600702,1,HCM,1,18974,1011,240,10,240,15,2209,6,6,6,6,6,NA,NA,NA,NA,2011-02-26 22:52:00,0
2011-02-27 00:00:00,WIND,600702,1,HCM,1,18974,1011,230,10,230,20,2343,6,6,6,6,6,NA,NA,NA,NA,2011-02-26 23:52:00,0
2011-02-27 01:00:00,WIND,600702,1,HCM,1,18974,1011,230,14,240,27,35,6,6,6,6,6,NA,NA,NA,NA,2011-02-27 00:52:00,0
2011-02-27 02:00:00,WIND,600702,1,HCM,1,18974,1011,240,13,270,30,134,6,6,6,6,6,NA,NA,NA,NA,2011-02-27 01:52:00,0
2011-02-27 03:00:00,WIND,600702,1,HCM,1,18974,1011,280,16,270,29,202,6,6,6,6,6,NA,NA,NA,NA,2011-02-27 02:52:00,0
2011-02-27 04:00:00,WIND,600702,1,HCM,1,18974,1011,300,15,290,25,323,6,6,6,6,6,NA,NA,NA,NA,2011-02-27 03:52:00,0
2011-02-27 05:00:00,WIND,600702,1,HCM,1,18974,1011,310,11,290,20,356,6,6,6,6,6,NA,NA,NA,NA,2011-02-27 04:52:00,0
2011-02-27 06:00:00,WIND,600702,1,HCM,1,18974,1011,320,11,330,22,525,6,6,6,6,6,NA,NA,NA,NA,2011-02-27 05:52:00,0
2011-02-27 07:00:00,WIND,600702,1,HCM,1,18974,1011,320,15,330,24,640,6,6,6,6,6,NA,NA,NA,NA,2011-02-27 06:52:00,0
2011-02-27 08:00:00,WIND,600702,1,HCM,1,18974,1011,330,17,320,25,656,6,6,6,6,6,NA,NA,NA,NA,2011-02-27 07:52:00,0
2011-02-27 09:00:00,WIND,600702,1,HCM,1,18974,1011,330,16,330,27,828,6,6,6,6,6,NA,NA,NA,NA,2011-02-27 08:54:00,0
2011-02-27 10:00:00,WIND,600702,1,HCM,1,18974,1011,330,16,330,24,913,6,6,6,6,6,NA,NA,NA,NA,2011-02-27 09:52:00,0
2011-02-27 11:00:00,WIND,600702,1,HCM,1,18974,1011,340,17,330,26,1001,6,6,6,6,6,NA,NA,NA,NA,2011-02-27 10:52:00,0
2011-02-27 12:00:00,WIND,600702,1,HCM,1,18974,1011,340,16,340,24,1056,6,6,6,6,6,NA,NA,NA,NA,2011-02-27 11:52:00,0
2011-02-27 13:00:00,WIND,600702,1,HCM,1,18974,1011,340,15,330,31,1204,6,6,6,6,6,NA,NA,NA,NA,2011-02-27 12:52:00,0
2011-02-27 14:00:00,WIND,600702,1,HCM,1,18974,1011,340,14,340,20,1348,6,6,6,6,6,NA,NA,NA,NA,2011-02-27 13:52:00,0
2011-02-27 15:00:00,WIND,600702,1,HCM,1,18974,1011,340,16,330,21,1419,6,6,6,6,6,NA,NA,NA,NA,2011-02-27 14:52:00,0
2011-02-27 16:00:00,WIND,600702,1,HCM,1,18974,1011,360,13,360,25,1543,6,6,6,6,6,NA,NA,NA,NA,2011-02-27 15:52:00,0
2011-02-27 17:00:00,WIND,600702,1,HCM,1,18974,1011,360,11,340,15,1557,6,6,6,6,6,NA,NA,NA,NA,2011-02-27 16:52:00,0
2011-02-27 18:00:00,WIND,600702,1,HCM,1,18974,1011,360,10,360,14,1706,6,6,6,6,6,NA,NA,NA,NA,2011-02-27 17:52:00,0
2011-02-27 19:00:00,WIND,600702,1,HCM,1,18974,1011,360,9,360,12,1756,6,6,6,6,6,NA,NA,NA,NA,2011-02-27 18:52:00,0
2011-02-27 20:00:00,WIND,600702,1,HCM,1,18974,1011,360,8,350,11,1855,6,6,6,6,6,NA,NA,NA,NA,2011-02-27 19:52:00,0
2011-02-27 21:00:00,WIND,600702,1,HCM,1,18974,1011,360,7,360,10,1959,6,6,6,6,6,NA,NA,NA,NA,2011-02-27 20:55:00,0
2011-02-27 22:00:00,WIND,600702,1,HCM,1,18974,1011,350,7,350,9,2106,6,6,6,6,6,NA,NA,NA,NA,2011-02-27 21:52:00,0
2011-02-27 23:00:00,WIND,600702,1,HCM,1,18974,1011,360,3,350,5,2155,6,6,6,6,6,NA,NA,NA,NA,2011-02-27 22:52:00,0
2011-02-28 00:00:00,WIND,600702,1,HCM,1,18974,1011,20,2,30,2,2250,6,6,6,6,6,NA,NA,NA,NA,2011-02-27 23:52:00,0
2011-02-28 01:00:00,WIND,600702,1,HCM,1,18974,1011,10,1,280,4,41,6,6,6,6,6,NA,NA,NA,NA,2011-02-28 00:52:00,0
2011-02-28 02:00:00,WIND,600702,1,HCM,1,18974,1011,290,3,270,4,55,6,6,6,6,6,NA,NA,NA,NA,2011-02-28 01:52:00,0
2011-02-28 03:00:00,WIND,600702,1,HCM,1,18974,1011,300,3,280,4,226,6,6,6,6,6,NA,NA,NA,NA,2011-02-28 02:52:00,0
2011-02-28 04:00:00,WIND,600702,1,HCM,1,18974,1011,290,2,280,3,339,6,6,6,6,6,NA,NA,NA,NA,2011-02-28 03:52:00,0
2011-02-28 05:00:00,WIND,600702,1,HCM,1,18974,1011,260,2,200,3,447,6,6,6,6,6,NA,NA,NA,NA,2011-02-28 04:52:00,0
2011-02-28 06:00:00,WIND,600702,1,HCM,1,18974,1011,170,2,160,3,532,6,6,6,6,6,NA,NA,NA,NA,2011-02-28 05:52:00,0
2011-02-28 07:00:00,WIND,600702,1,HCM,1,18974,1011,150,4,160,5,637,6,6,6,6,6,NA,NA,NA,NA,2011-02-28 06:52:00,0
2011-02-28 08:00:00,WIND,600702,1,HCM,1,18974,1011,180,6,170,9,749,6,6,6,6,6,NA,NA,NA,NA,2011-02-28 07:52:00,0
2011-02-28 09:00:00,WIND,600702,1,HCM,1,18974,1011,160,10,160,13,835,6,6,6,6,6,NA,NA,NA,NA,2011-02-28 08:54:00,0
2011-02-28 10:00:00,WIND,600702,1,HCM,1,18974,1011,160,12,160,16,947,6,6,6,6,6,NA,NA,NA,NA,2011-02-28 09:52:00,0
2011-02-28 11:00:00,WIND,600702,1,HCM,1,18974,1011,170,12,170,15,1027,6,6,6,6,6,NA,NA,NA,NA,2011-02-28 10:52:00,0
2011-02-28 12:00:00,WIND,600702,1,HCM,1,18974,1011,170,12,170,16,1137,6,6,6,6,6,NA,NA,NA,NA,2011-02-28 11:52:00,0
2011-02-28 13:00:00,WIND,600702,1,HCM,1,18974,1011,170,11,160,15,1151,6,6,6,6,6,NA,NA,NA,NA,2011-02-28 12:52:00,0
2011-02-28 14:00:00,WIND,600702,1,HCM,1,18974,1011,190,12,190,16,1341,6,6,6,6,6,NA,NA,NA,NA,2011-02-28 13:52:00,0
2011-02-28 15:00:00,WIND,600702,1,HCM,1,18974,1011,200,11,220,16,1416,6,6,6,6,6,NA,NA,NA,NA,2011-02-28 14:52:00,0
2011-02-28 16:00:00,WIND,600702,1,HCM,1,18974,1011,200,11,190,15,1457,6,6,6,6,6,NA,NA,NA,NA,2011-02-28 15:52:00,0
2011-02-28 17:00:00,WIND,600702,1,HCM,1,18974,1011,210,10,210,15,1555,6,6,6,6,6,NA,NA,NA,NA,2011-02-28 16:52:00,0
2011-02-28 18:00:00,WIND,600702,1,HCM,1,18974,1011,210,8,210,11,1701,6,6,6,6,6,NA,NA,NA,NA,2011-02-28 17:52:00,0
2011-02-28 19:00:00,WIND,600702,1,HCM,1,18974,1011,200,8,190,11,1816,6,6,6,6,6,NA,NA,NA,NA,2011-02-28 18:52:00,0
2011-02-28 20:00:00,WIND,600702,1,HCM,1,18974,1011,190,9,200,12,1936,6,6,6,6,6,NA,NA,NA,NA,2011-02-28 19:52:00,0
2011-02-28 21:00:00,WIND,600702,1,HCM,1,18974,1011,180,12,170,17,2038,6,6,6,6,6,NA,NA,NA,NA,2011-02-28 20:54:00,0
2011-02-28 22:00:00,WIND,600702,1,HCM,1,18974,1011,190,12,180,18,2108,6,6,6,6,6,NA,NA,NA,NA,2011-02-28 21:52:00,0
2011-02-28 23:00:00,WIND,600702,1,HCM,1,18974,1011,220,11,200,17,2200,6,6,6,6,6,NA,NA,NA,NA,2011-02-28 22:52:00,0
2011-03-01 00:00:00,WIND,600702,1,HCM,1,18974,1011,220,11,220,16,2338,6,6,6,6,6,NA,NA,NA,NA,2011-02-28 23:52:00,0
2011-03-01 01:00:00,WIND,600702,1,HCM,1,18974,1011,220,11,220,16,47,6,6,6,6,6,NA,NA,NA,NA,2011-03-01 00:52:00,0
2011-03-01 02:00:00,WIND,600702,1,HCM,1,18974,1011,230,11,220,17,128,6,6,6,6,6,NA,NA,NA,NA,2011-03-01 01:52:00,0
2011-03-01 03:00:00,WIND,600702,1,HCM,1,18974,1011,230,10,230,14,202,6,6,6,6,6,NA,NA,NA,NA,2011-03-01 02:52:00,0
2011-03-01 04:00:00,WIND,600702,1,HCM,1,18974,1011,240,8,230,13,250,6,6,6,6,6,NA,NA,NA,NA,2011-03-01 03:51:00,0
2011-03-01 05:00:00,WIND,600702,1,HCM,1,18974,1011,240,6,250,8,350,6,6,6,6,6,NA,NA,NA,NA,2011-03-01 04:51:00,0
2011-03-01 06:00:00,WIND,600702,1,HCM,1,18974,1011,230,7,220,9,512,6,6,6,6,6,NA,NA,NA,NA,2011-03-01 05:52:00,0
2011-03-01 07:00:00,WIND,600702,1,HCM,1,18974,1011,230,6,230,8,555,6,6,6,6,6,NA,NA,NA,NA,2011-03-01 06:52:00,0
2011-03-01 08:00:00,WIND,600702,1,HCM,1,18974,1011,240,5,240,7,746,6,6,6,6,6,NA,NA,NA,NA,2011-03-01 07:51:00,0
2011-03-01 09:00:00,WIND,600702,1,HCM,1,18974,1011,240,6,250,7,826,6,6,6,6,6,NA,NA,NA,NA,2011-03-01 08:55:00,0
2011-03-01 10:00:00,WIND,600702,1,HCM,1,18974,1011,240,5,240,9,942,6,6,6,6,6,NA,NA,NA,NA,2011-03-01 09:52:00,0
2011-03-01 11:00:00,WIND,600702,1,HCM,1,18974,1011,230,8,220,11,1009,6,6,6,6,6,NA,NA,NA,NA,2011-03-01 10:52:00,0
2011-03-01 12:00:00,WIND,600702,1,HCM,1,18974,1011,210,9,230,12,1109,6,6,6,6,6,NA,NA,NA,NA,2011-03-01 11:52:00,0
2011-03-01 13:00:00,WIND,600702,1,HCM,1,18974,1011,190,11,190,15,1233,6,6,6,6,6,NA,NA,NA,NA,2011-03-01 12:52:00,0
2011-03-01 14:00:00,WIND,600702,1,HCM,1,18974,1011,190,12,200,17,1349,6,6,6,6,6,NA,NA,NA,NA,2011-03-01 13:51:00,0
2011-03-01 15:00:00,WIND,600702,1,HCM,1,18974,1011,190,15,190,21,1440,6,6,6,6,6,NA,NA,NA,NA,2011-03-01 14:52:00,0
2011-03-01 16:00:00,WIND,600702,1,HCM,1,18974,1011,190,18,190,23,1544,6,6,6,6,6,NA,NA,NA,NA,2011-03-01 15:52:00,0
2011-03-01 17:00:00,WIND,600702,1,HCM,1,18974,1011,190,16,190,22,1552,6,6,6,6,6,NA,NA,NA,NA,2011-03-01 16:52:00,0
2011-03-01 18:00:00,WIND,600702,1,HCM,1,18974,1011,190,17,190,23,1749,6,6,6,6,6,NA,NA,NA,NA,2011-03-01 17:51:00,0
2011-03-01 19:00:00,WIND,600702,1,HCM,1,18974,1011,190,17,190,24,1813,6,6,6,6,6,NA,NA,NA,NA,2011-03-01 18:52:00,0
2011-03-01 20:00:00,WIND,600702,1,HCM,1,18974,1011,180,15,180,20,1944,6,6,6,6,6,NA,NA,NA,NA,2011-03-01 19:52:00,0
2011-03-01 21:00:00,WIND,600702,1,HCM,1,18974,1011,170,17,170,25,2037,6,6,6,6,6,NA,NA,NA,NA,2011-03-01 20:55:00,0
2011-03-01 22:00:00,WIND,600702,1,HCM,1,18974,1011,170,17,170,24,2053,6,6,6,6,6,NA,NA,NA,NA,2011-03-01 21:51:00,0
2011-03-01 23:00:00,WIND,600702,1,HCM,1,18974,1011,180,18,180,25,2220,6,6,6,6,6,NA,NA,NA,NA,2011-03-01 22:52:00,0
2011-03-02 00:00:00,WIND,600702,1,HCM,1,18974,1011,180,17,190,23,2255,6,6,6,6,6,NA,NA,NA,NA,2011-03-01 23:51:00,0
2011-03-02 01:00:00,WIND,600702,1,HCM,1,18974,1011,180,18,180,25,32,6,6,6,6,6,NA,NA,NA,NA,2011-03-02 00:52:00,0
2011-03-02 02:00:00,WIND,600702,1,HCM,1,18974,1011,180,19,180,25,136,6,6,6,6,6,NA,NA,NA,NA,2011-03-02 01:52:00,0
2011-03-02 03:00:00,WIND,600702,1,HCM,1,18974,1011,190,21,190,28,229,6,6,6,6,6,NA,NA,NA,NA,2011-03-02 02:52:00,0
2011-03-02 04:00:00,WIND,600702,1,HCM,1,18974,1011,180,22,180,30,314,6,6,6,6,6,NA,NA,NA,NA,2011-03-02 03:52:00,0
2011-03-02 05:00:00,WIND,600702,1,HCM,1,18974,1011,190,22,190,31,420,6,6,6,6,6,NA,NA,NA,NA,2011-03-02 04:52:00,0
2011-03-02 06:00:00,WIND,600702,1,HCM,1,18974,1011,190,21,190,30,505,6,6,6,6,6,NA,NA,NA,NA,2011-03-02 05:52:00,0
2011-03-02 07:00:00,WIND,600702,1,HCM,1,18974,1011,190,22,190,28,626,6,6,6,6,6,NA,NA,NA,NA,2011-03-02 06:52:00,0
2011-03-02 08:00:00,WIND,600702,1,HCM,1,18974,1011,190,21,190,28,744,6,6,6,6,6,NA,NA,NA,NA,2011-03-02 07:52:00,0
2011-03-02 09:00:00,WIND,600702,1,HCM,1,18974,1011,190,19,190,26,802,6,6,6,6,6,NA,NA,NA,NA,2011-03-02 08:55:00,0
2011-03-02 10:00:00,WIND,600702,1,HCM,1,18974,1011,190,18,190,25,911,6,6,6,6,6,NA,NA,NA,NA,2011-03-02 09:52:00,0
2011-03-02 11:00:00,WIND,600702,1,HCM,1,18974,1011,190,19,200,26,1017,6,6,6,6,6,NA,NA,NA,NA,2011-03-02 10:52:00,0
2011-03-02 12:00:00,WIND,600702,1,HCM,1,18974,1011,190,18,190,27,1105,6,6,6,6,6,NA,NA,NA,NA,2011-03-02 11:52:00,0
2011-03-02 13:00:00,WIND,600702,1,HCM,1,18974,1011,200,18,200,26,1210,6,6,6,6,6,NA,NA,NA,NA,2011-03-02 12:53:00,0
2011-03-02 14:00:00,WIND,600702,1,HCM,1,18974,1011,190,18,190,24,1337,6,6,6,6,6,NA,NA,NA,NA,2011-03-02 13:52:00,0
2011-03-02 15:00:00,WIND,600702,1,HCM,1,18974,1011,190,16,180,22,1356,6,6,6,6,6,NA,NA,NA,NA,2011-03-02 14:53:00,0
2011-03-02 16:00:00,WIND,600702,1,HCM,1,18974,1011,190,16,190,26,1452,6,6,6,6,6,NA,NA,NA,NA,2011-03-02 15:52:00,0
2011-03-02 17:00:00,WIND,600702,1,HCM,1,18974,1011,190,15,190,21,1601,6,6,6,6,6,NA,NA,NA,NA,2011-03-02 16:53:00,0
2011-03-02 18:00:00,WIND,600702,1,HCM,1,18974,1011,200,12,190,19,1650,6,6,6,6,6,NA,NA,NA,NA,2011-03-02 17:52:00,0
2011-03-02 19:00:00,WIND,600702,1,HCM,1,18974,1011,200,12,190,17,1818,6,6,6,6,6,NA,NA,NA,NA,2011-03-02 18:52:00,0
2011-03-02 20:00:00,WIND,600702,1,HCM,1,18974,1011,190,13,190,18,1934,6,6,6,6,6,NA,NA,NA,NA,2011-03-02 19:52:00,0
2011-03-02 21:00:00,WIND,600702,1,HCM,1,18974,1011,180,14,180,18,1954,6,6,6,6,6,NA,NA,NA,NA,2011-03-02 20:55:00,0
2011-03-02 22:00:00,WIND,600702,1,HCM,1,18974,1011,180,13,180,18,2100,6,6,6,6,6,NA,NA,NA,NA,2011-03-02 21:52:00,0
2011-03-02 23:00:00,WIND,600702,1,HCM,1,18974,1011,190,11,190,15,2246,6,6,6,6,6,NA,NA,NA,NA,2011-03-02 22:52:00,0
2011-03-03 00:00:00,WIND,600702,1,HCM,1,18974,1011,190,11,180,15,2329,6,6,6,6,6,NA,NA,NA,NA,2011-03-02 23:52:00,0
2011-03-03 01:00:00,WIND,600702,1,HCM,1,18974,1011,180,11,190,14,2350,6,6,6,6,6,NA,NA,NA,NA,2011-03-03 00:52:00,0
2011-03-03 02:00:00,WIND,600702,1,HCM,1,18974,1011,180,11,180,15,139,6,6,6,6,6,NA,NA,NA,NA,2011-03-03 01:52:00,0
2011-03-03 03:00:00,WIND,600702,1,HCM,1,18974,1011,180,11,180,15,242,6,6,6,6,6,NA,NA,NA,NA,2011-03-03 02:52:00,0
2011-03-03 04:00:00,WIND,600702,1,HCM,1,18974,1011,190,10,180,14,252,6,6,6,6,6,NA,NA,NA,NA,2011-03-03 03:52:00,0
2011-03-03 05:00:00,WIND,600702,1,HCM,1,18974,1011,190,9,180,13,437,6,6,6,6,6,NA,NA,NA,NA,2011-03-03 04:52:00,0
2011-03-03 06:00:00,WIND,600702,1,HCM,1,18974,1011,190,9,190,13,452,6,6,6,6,6,NA,NA,NA,NA,2011-03-03 05:52:00,0
2011-03-03 07:00:00,WIND,600702,1,HCM,1,18974,1011,200,8,190,11,554,6,6,6,6,6,NA,NA,NA,NA,2011-03-03 06:52:00,0
2011-03-03 08:00:00,WIND,600702,1,HCM,1,18974,1011,200,6,190,9,701,6,6,6,6,6,NA,NA,NA,NA,2011-03-03 07:52:00,0
2011-03-03 09:00:00,WIND,600702,1,HCM,1,18974,1011,200,5,200,9,750,6,6,6,6,6,NA,NA,NA,NA,2011-03-03 08:55:00,0
2011-03-03 10:00:00,WIND,600702,1,HCM,1,18974,1011,210,5,190,7,912,6,6,6,6,6,NA,NA,NA,NA,2011-03-03 09:52:00,0
2011-03-03 11:00:00,WIND,600702,1,HCM,1,18974,1011,190,7,180,9,1030,6,6,6,6,6,NA,NA,NA,NA,2011-03-03 10:52:00,0
2011-03-03 12:00:00,WIND,600702,1,HCM,1,18974,1011,190,7,190,9,1053,6,6,6,6,6,NA,NA,NA,NA,2011-03-03 11:52:00,0
2011-03-03 13:00:00,WIND,600702,1,HCM,1,18974,1011,180,8,180,11,1228,6,6,6,6,6,NA,NA,NA,NA,2011-03-03 12:52:00,0
2011-03-03 14:00:00,WIND,600702,1,HCM,1,18974,1011,180,8,180,10,1252,6,6,6,6,6,NA,NA,NA,NA,2011-03-03 13:53:00,0
2011-03-03 15:00:00,WIND,600702,1,HCM,1,18974,1011,180,7,180,8,1420,6,6,6,6,6,NA,NA,NA,NA,2011-03-03 14:52:00,0
2011-03-03 16:00:00,WIND,600702,1,HCM,1,18974,1011,190,7,190,9,1542,6,6,6,6,6,NA,NA,NA,NA,2011-03-03 15:52:00,0
2011-03-03 17:00:00,WIND,600702,1,HCM,1,18974,1011,190,6,180,8,1555,6,6,6,6,6,NA,NA,NA,NA,2011-03-03 16:53:00,0
2011-03-03 18:00:00,WIND,600702,1,HCM,1,18974,1011,230,4,190,6,1659,6,6,6,6,6,NA,NA,NA,NA,2011-03-03 17:52:00,0
2011-03-03 19:00:00,WIND,600702,1,HCM,1,18974,1011,300,2,310,4,1841,6,6,6,6,6,NA,NA,NA,NA,2011-03-03 18:52:00,0
2011-03-03 20:00:00,WIND,600702,1,HCM,1,18974,1011,260,2,260,4,1906,6,6,6,6,6,NA,NA,NA,NA,2011-03-03 19:52:00,0
2011-03-03 21:00:00,WIND,600702,1,HCM,1,18974,1011,230,3,180,6,2027,6,6,6,6,6,NA,NA,NA,NA,2011-03-03 20:55:00,0
2011-03-03 22:00:00,WIND,600702,1,HCM,1,18974,1011,200,2,200,3,2132,6,6,6,6,6,NA,NA,NA,NA,2011-03-03 21:52:00,0
2011-03-03 23:00:00,WIND,600702,1,HCM,1,18974,1011,170,3,140,5,2245,6,6,6,6,6,NA,NA,NA,NA,2011-03-03 22:52:00,0
2011-03-04 00:00:00,WIND,600702,1,HCM,1,18974,1011,140,3,130,4,2259,6,6,6,6,6,NA,NA,NA,NA,2011-03-03 23:52:00,0
2011-03-04 01:00:00,WIND,600702,1,HCM,1,18974,1011,140,2,140,4,2352,6,6,6,6,6,NA,NA,NA,NA,2011-03-04 00:52:00,0
2011-03-04 02:00:00,WIND,600702,1,HCM,1,18974,1011,130,3,150,4,143,6,6,6,6,6,NA,NA,NA,NA,2011-03-04 01:52:00,0
2011-03-04 03:00:00,WIND,600702,1,HCM,1,18974,1011,160,4,150,6,240,6,6,6,6,6,NA,NA,NA,NA,2011-03-04 02:52:00,0
2011-03-04 04:00:00,WIND,600702,1,HCM,1,18974,1011,170,5,180,8,348,6,6,6,6,6,NA,NA,NA,NA,2011-03-04 03:52:00,0
2011-03-04 05:00:00,WIND,600702,1,HCM,1,18974,1011,180,6,180,8,350,6,6,6,6,6,NA,NA,NA,NA,2011-03-04 04:52:00,0
2011-03-04 06:00:00,WIND,600702,1,HCM,1,18974,1011,200,4,190,7,501,6,6,6,6,6,NA,NA,NA,NA,2011-03-04 05:52:00,0
2011-03-04 07:00:00,WIND,600702,1,HCM,1,18974,1011,210,3,210,5,558,6,6,6,6,6,NA,NA,NA,NA,2011-03-04 06:52:00,0
2011-03-04 08:00:00,WIND,600702,1,HCM,1,18974,1011,210,1,240,3,739,6,6,6,6,6,NA,NA,NA,NA,2011-03-04 07:52:00,0
2011-03-04 09:00:00,WIND,600702,1,HCM,1,18974,1011,180,2,170,4,818,6,6,6,6,6,NA,NA,NA,NA,2011-03-04 08:54:00,0
2011-03-04 10:00:00,WIND,600702,1,HCM,1,18974,1011,180,4,170,6,945,6,6,6,6,6,NA,NA,NA,NA,2011-03-04 09:52:00,0
2011-03-04 11:00:00,WIND,600702,1,HCM,1,18974,1011,180,4,190,6,1017,6,6,6,6,6,NA,NA,NA,NA,2011-03-04 10:52:00,0
2011-03-04 12:00:00,WIND,600702,1,HCM,1,18974,1011,170,4,150,6,1108,6,6,6,6,6,NA,NA,NA,NA,2011-03-04 11:52:00,0
2011-03-04 13:00:00,WIND,600702,1,HCM,1,18974,1011,300,3,300,5,1218,6,6,6,6,6,NA,NA,NA,NA,2011-03-04 12:53:00,0
2011-03-04 14:00:00,WIND,600702,1,HCM,1,18974,1011,110,2,180,5,1349,6,6,6,6,6,NA,NA,NA,NA,2011-03-04 13:52:00,0
2011-03-04 15:00:00,WIND,600702,1,HCM,1,18974,1011,70,4,340,9,1443,6,6,6,6,6,NA,NA,NA,NA,2011-03-04 14:53:00,0
2011-03-04 16:00:00,WIND,600702,1,HCM,1,18974,1011,20,5,10,9,1450,6,6,6,6,6,NA,NA,NA,NA,2011-03-04 15:52:00,0
2011-03-04 17:00:00,WIND,600702,1,HCM,1,18974,1011,10,3,330,7,1618,6,6,6,6,6,NA,NA,NA,NA,2011-03-04 16:53:00,0
2011-03-04 18:00:00,WIND,600702,1,HCM,1,18974,1011,20,2,50,4,1651,6,6,6,6,6,NA,NA,NA,NA,2011-03-04 17:53:00,0
2011-03-04 19:00:00,WIND,600702,1,HCM,1,18974,1011,330,2,350,3,1809,6,6,6,6,6,NA,NA,NA,NA,2011-03-04 18:52:00,0
2011-03-04 20:00:00,WIND,600702,1,HCM,1,18974,1011,280,4,280,5,1944,6,6,6,6,6,NA,NA,NA,NA,2011-03-04 19:52:00,0
2011-03-04 21:00:00,WIND,600702,1,HCM,1,18974,1011,280,5,290,5,2048,6,6,6,6,6,NA,NA,NA,NA,2011-03-04 20:54:00,0
2011-03-04 22:00:00,WIND,600702,1,HCM,1,18974,1011,310,5,300,7,2117,6,6,6,6,6,NA,NA,NA,NA,2011-03-04 21:52:00,0
2011-03-04 23:00:00,WIND,600702,1,HCM,1,18974,1011,330,4,330,6,2202,6,6,6,6,6,NA,NA,NA,NA,2011-03-04 22:52:00,0
2011-03-05 00:00:00,WIND,600702,1,HCM,1,18974,1011,340,3,340,5,2257,6,6,6,6,6,NA,NA,NA,NA,2011-03-04 23:52:00,0
2011-03-05 01:00:00,WIND,600702,1,HCM,1,18974,1011,330,3,340,4,40,6,6,6,6,6,NA,NA,NA,NA,2011-03-05 00:52:00,0
2011-03-05 02:00:00,WIND,600702,1,HCM,1,18974,1011,310,2,310,3,57,6,6,6,6,6,NA,NA,NA,NA,2011-03-05 01:52:00,0
2011-03-05 03:00:00,WIND,600702,1,HCM,1,18974,1011,270,2,250,3,247,6,6,6,6,6,NA,NA,NA,NA,2011-03-05 02:52:00,0
2011-03-05 04:00:00,WIND,600702,1,HCM,1,18974,1011,260,2,280,5,348,6,6,6,6,6,NA,NA,NA,NA,2011-03-05 03:52:00,0
2011-03-05 05:00:00,WIND,600702,1,HCM,1,18974,1011,290,3,280,4,350,6,6,6,6,6,NA,NA,NA,NA,2011-03-05 04:52:00,0
2011-03-05 06:00:00,WIND,600702,1,HCM,1,18974,1011,40,3,60,5,548,6,6,6,6,6,NA,NA,NA,NA,2011-03-05 05:52:00,0
2011-03-05 07:00:00,WIND,600702,1,HCM,1,18974,1011,70,5,90,9,647,6,6,6,6,6,NA,NA,NA,NA,2011-03-05 06:52:00,0
2011-03-05 08:00:00,WIND,600702,1,HCM,1,18974,1011,90,8,90,11,702,6,6,6,6,6,NA,NA,NA,NA,2011-03-05 07:52:00,0
2011-03-05 09:00:00,WIND,600702,1,HCM,1,18974,1011,100,5,100,8,752,6,6,6,6,6,NA,NA,NA,NA,2011-03-05 08:54:00,0
2011-03-05 10:00:00,WIND,600702,1,HCM,1,18974,1011,140,5,160,8,947,6,6,6,6,6,NA,NA,NA,NA,2011-03-05 09:52:00,0
2011-03-05 11:00:00,WIND,600702,1,HCM,1,18974,1011,160,7,150,10,1037,6,6,6,6,6,NA,NA,NA,NA,2011-03-05 10:52:00,0
2011-03-05 12:00:00,WIND,600702,1,HCM,1,18974,1011,160,9,160,12,1138,6,6,6,6,6,NA,NA,NA,NA,2011-03-05 11:52:00,0
2011-03-05 13:00:00,WIND,600702,1,HCM,1,18974,1011,160,10,160,13,1219,6,6,6,6,6,NA,NA,NA,NA,2011-03-05 12:53:00,0
2011-03-05 14:00:00,WIND,600702,1,HCM,1,18974,1011,150,9,150,12,1307,6,6,6,6,6,NA,NA,NA,NA,2011-03-05 13:52:00,0
2011-03-05 15:00:00,WIND,600702,1,HCM,1,18974,1011,170,10,170,13,1428,6,6,6,6,6,NA,NA,NA,NA,2011-03-05 14:52:00,0
2011-03-05 16:00:00,WIND,600702,1,HCM,1,18974,1011,170,9,170,12,1450,6,6,6,6,6,NA,NA,NA,NA,2011-03-05 15:52:00,0
2011-03-05 17:00:00,WIND,600702,1,HCM,1,18974,1011,180,7,170,10,1551,6,6,6,6,6,NA,NA,NA,NA,2011-03-05 16:52:00,0
2011-03-05 18:00:00,WIND,600702,1,HCM,1,18974,1011,180,7,180,11,1743,6,6,6,6,6,NA,NA,NA,NA,2011-03-05 17:52:00,0
2011-03-05 19:00:00,WIND,600702,1,HCM,1,18974,1011,170,8,160,11,1845,6,6,6,6,6,NA,NA,NA,NA,2011-03-05 18:52:00,0
2011-03-05 20:00:00,WIND,600702,1,HCM,1,18974,1011,180,8,180,12,1900,6,6,6,6,6,NA,NA,NA,NA,2011-03-05 19:52:00,0
2011-03-05 21:00:00,WIND,600702,1,HCM,1,18974,1011,170,8,170,12,2047,6,6,6,6,6,NA,NA,NA,NA,2011-03-05 20:54:00,0
2011-03-05 22:00:00,WIND,600702,1,HCM,1,18974,1011,180,11,180,15,2130,6,6,6,6,6,NA,NA,NA,NA,2011-03-05 21:52:00,0
2011-03-05 23:00:00,WIND,600702,1,HCM,1,18974,1011,170,12,180,17,2209,6,6,6,6,6,NA,NA,NA,NA,2011-03-05 22:52:00,0
2011-03-06 00:00:00,WIND,600702,1,HCM,1,18974,1011,170,13,160,18,2342,6,6,6,6,6,NA,NA,NA,NA,2011-03-05 23:52:00,0
2011-03-06 01:00:00,WIND,600702,1,HCM,1,18974,1011,170,15,170,19,28,6,6,6,6,6,NA,NA,NA,NA,2011-03-06 00:52:00,0
2011-03-06 02:00:00,WIND,600702,1,HCM,1,18974,1011,160,15,170,20,141,6,6,6,6,6,NA,NA,NA,NA,2011-03-06 01:52:00,0
2011-03-06 03:00:00,WIND,600702,1,HCM,1,18974,1011,170,16,180,22,241,6,6,6,6,6,NA,NA,NA,NA,2011-03-06 02:51:00,0
2011-03-06 04:00:00,WIND,600702,1,HCM,1,18974,1011,180,19,180,27,336,6,6,6,6,6,NA,NA,NA,NA,2011-03-06 03:52:00,0
2011-03-06 05:00:00,WIND,600702,1,HCM,1,18974,1011,180,19,180,26,434,6,6,6,6,6,NA,NA,NA,NA,2011-03-06 04:52:00,0
2011-03-06 06:00:00,WIND,600702,1,HCM,1,18974,1011,180,19,180,24,502,6,6,6,6,6,NA,NA,NA,NA,2011-03-06 05:52:00,0
2011-03-06 07:00:00,WIND,600702,1,HCM,1,18974,1011,180,18,180,24,552,6,6,6,6,6,NA,NA,NA,NA,2011-03-06 06:52:00,0
2011-03-06 08:00:00,WIND,600702,1,HCM,1,18974,1011,180,19,180,23,741,6,6,6,6,6,NA,NA,NA,NA,2011-03-06 07:52:00,0
2011-03-06 09:00:00,WIND,600702,1,HCM,1,18974,1011,180,20,180,27,751,6,6,6,6,6,NA,NA,NA,NA,2011-03-06 08:54:00,0
2011-03-06 10:00:00,WIND,600702,1,HCM,1,18974,1011,170,19,170,25,949,6,6,6,6,6,NA,NA,NA,NA,2011-03-06 09:52:00,0
2011-03-06 11:00:00,WIND,600702,1,HCM,1,18974,1011,170,20,170,26,1003,6,6,6,6,6,NA,NA,NA,NA,2011-03-06 10:52:00,0
2011-03-06 12:00:00,WIND,600702,1,HCM,1,18974,1011,180,19,180,25,1124,6,6,6,6,6,NA,NA,NA,NA,2011-03-06 11:52:00,0
2011-03-06 13:00:00,WIND,600702,1,HCM,1,18974,1011,180,17,180,23,1159,6,6,6,6,6,NA,NA,NA,NA,2011-03-06 12:52:00,0
2011-03-06 14:00:00,WIND,600702,1,HCM,1,18974,1011,190,16,180,22,1256,6,6,6,6,6,NA,NA,NA,NA,2011-03-06 13:52:00,0
2011-03-06 15:00:00,WIND,600702,1,HCM,1,18974,1011,190,15,190,20,1352,6,6,6,6,6,NA,NA,NA,NA,2011-03-06 14:52:00,0
2011-03-06 16:00:00,WIND,600702,1,HCM,1,18974,1011,200,14,200,18,1454,6,6,6,6,6,NA,NA,NA,NA,2011-03-06 15:52:00,0
2011-03-06 17:00:00,WIND,600702,1,HCM,1,18974,1011,190,14,190,18,1626,6,6,6,6,6,NA,NA,NA,NA,2011-03-06 16:52:00,0
2011-03-06 18:00:00,WIND,600702,1,HCM,1,18974,1011,190,13,190,18,1651,6,6,6,6,6,NA,NA,NA,NA,2011-03-06 17:52:00,0
2011-03-06 19:00:00,WIND,600702,1,HCM,1,18974,1011,200,12,200,19,1755,6,6,6,6,6,NA,NA,NA,NA,2011-03-06 18:52:00,0
2011-03-06 20:00:00,WIND,600702,1,HCM,1,18974,1011,200,12,190,17,1925,6,6,6,6,6,NA,NA,NA,NA,2011-03-06 19:52:00,0
2011-03-06 21:00:00,WIND,600702,1,HCM,1,18974,1011,200,11,200,16,2038,6,6,6,6,6,NA,NA,NA,NA,2011-03-06 20:55:00,0
2011-03-06 22:00:00,WIND,600702,1,HCM,1,18974,1011,200,11,210,16,2056,6,6,6,6,6,NA,NA,NA,NA,2011-03-06 21:52:00,0
2011-03-06 23:00:00,WIND,600702,1,HCM,1,18974,1011,200,10,200,14,2154,6,6,6,6,6,NA,NA,NA,NA,2011-03-06 22:52:00,0
2011-03-07 00:00:00,WIND,600702,1,HCM,1,18974,1011,210,10,200,15,2335,6,6,6,6,6,NA,NA,NA,NA,2011-03-06 23:52:00,0
2011-03-07 01:00:00,WIND,600702,1,HCM,1,18974,1011,210,11,210,17,2350,6,6,6,6,6,NA,NA,NA,NA,2011-03-07 00:52:00,0
2011-03-07 02:00:00,WIND,600702,1,HCM,1,18974,1011,220,13,220,19,140,6,6,6,6,6,NA,NA,NA,NA,2011-03-07 01:52:00,0
2011-03-07 03:00:00,WIND,600702,1,HCM,1,18974,1011,210,14,220,20,151,6,6,6,6,6,NA,NA,NA,NA,2011-03-07 02:52:00,0
2011-03-07 04:00:00,WIND,600702,1,HCM,1,18974,1011,210,13,210,18,303,6,6,6,6,6,NA,NA,NA,NA,2011-03-07 03:52:00,0
2011-03-07 05:00:00,WIND,600702,1,HCM,1,18974,1011,200,11,210,16,429,6,6,6,6,6,NA,NA,NA,NA,2011-03-07 04:52:00,0
2011-03-07 06:00:00,WIND,600702,1,HCM,1,18974,1011,200,12,190,18,538,6,6,6,6,6,NA,NA,NA,NA,2011-03-07 05:52:00,0
2011-03-07 07:00:00,WIND,600702,1,HCM,1,18974,1011,200,13,210,19,639,6,6,6,6,6,NA,NA,NA,NA,2011-03-07 06:52:00,0
2011-03-07 08:00:00,WIND,600702,1,HCM,1,18974,1011,210,14,200,20,726,6,6,6,6,6,NA,NA,NA,NA,2011-03-07 07:52:00,0
2011-03-07 09:00:00,WIND,600702,1,HCM,1,18974,1011,210,13,210,20,815,6,6,6,6,6,NA,NA,NA,NA,2011-03-07 08:55:00,0
2011-03-07 10:00:00,WIND,600702,1,HCM,1,18974,1011,200,15,210,21,857,6,6,6,6,6,NA,NA,NA,NA,2011-03-07 09:52:00,0
2011-03-07 11:00:00,WIND,600702,1,HCM,1,18974,1011,200,15,190,20,955,6,6,6,6,6,NA,NA,NA,NA,2011-03-07 10:52:00,0
2011-03-07 12:00:00,WIND,600702,1,HCM,1,18974,1011,200,15,210,22,1149,6,6,6,6,6,NA,NA,NA,NA,2011-03-07 11:52:00,0
2011-03-07 13:00:00,WIND,600702,1,HCM,1,18974,1011,210,15,200,21,1206,6,6,6,6,6,NA,NA,NA,NA,2011-03-07 12:52:00,0
2011-03-07 14:00:00,WIND,600702,1,HCM,1,18974,1011,200,16,210,24,1336,6,6,6,6,6,NA,NA,NA,NA,2011-03-07 13:52:00,0
2011-03-07 15:00:00,WIND,600702,1,HCM,1,18974,1011,210,16,210,22,1432,6,6,6,6,6,NA,NA,NA,NA,2011-03-07 14:52:00,0
2011-03-07 16:00:00,WIND,600702,1,HCM,1,18974,1011,210,15,210,22,1504,6,6,6,6,6,NA,NA,NA,NA,2011-03-07 15:52:00,0
2011-03-07 17:00:00,WIND,600702,1,HCM,1,18974,1011,210,16,200,24,1636,6,6,6,6,6,NA,NA,NA,NA,2011-03-07 16:52:00,0
2011-03-07 18:00:00,WIND,600702,1,HCM,1,18974,1011,210,16,220,23,1716,6,6,6,6,6,NA,NA,NA,NA,2011-03-07 17:52:00,0
2011-03-07 19:00:00,WIND,600702,1,HCM,1,18974,1011,210,15,210,21,1849,6,6,6,6,6,NA,NA,NA,NA,2011-03-07 18:52:00,0
2011-03-07 20:00:00,WIND,600702,1,HCM,1,18974,1011,220,17,220,24,1941,6,6,6,6,6,NA,NA,NA,NA,2011-03-07 19:52:00,0
2011-03-07 21:00:00,WIND,600702,1,HCM,1,18974,1011,210,17,220,26,2044,6,6,6,6,6,NA,NA,NA,NA,2011-03-07 20:53:00,0
2011-03-07 22:00:00,WIND,600702,1,HCM,1,18974,1011,210,18,220,26,2051,6,6,6,6,6,NA,NA,NA,NA,2011-03-07 21:52:00,0
2011-03-07 23:00:00,WIND,600702,1,HCM,1,18974,1011,210,19,210,29,2245,6,6,6,6,6,NA,NA,NA,NA,2011-03-07 22:52:00,0
2011-03-08 00:00:00,WIND,600702,1,HCM,1,18974,1011,210,20,210,31,2312,6,6,6,6,6,NA,NA,NA,NA,2011-03-07 23:53:00,0
2011-03-08 01:00:00,WIND,600702,1,HCM,1,18974,1011,220,23,220,33,35,6,6,6,6,6,NA,NA,NA,NA,2011-03-08 00:52:00,0
2011-03-08 02:00:00,WIND,600702,1,HCM,1,18974,1011,210,22,220,34,57,6,6,6,6,6,NA,NA,NA,NA,2011-03-08 01:52:00,0
2011-03-08 03:00:00,WIND,600702,1,HCM,1,18974,1011,220,22,220,31,206,6,6,6,6,6,NA,NA,NA,NA,2011-03-08 02:52:00,0
2011-03-08 04:00:00,WIND,600702,1,HCM,1,18974,1011,220,23,210,36,332,6,6,6,6,6,NA,NA,NA,NA,2011-03-08 03:52:00,0
2011-03-08 05:00:00,WIND,600702,1,HCM,1,18974,1011,210,25,220,37,442,6,6,6,6,6,NA,NA,NA,NA,2011-03-08 04:52:00,0
2011-03-08 06:00:00,WIND,600702,1,HCM,1,18974,1011,220,27,220,38,457,6,6,6,6,6,NA,NA,NA,NA,2011-03-08 05:52:00,0
2011-03-08 07:00:00,WIND,600702,1,HCM,1,18974,1011,220,27,210,41,550,6,6,6,6,6,NA,NA,NA,NA,2011-03-08 06:52:00,0
2011-03-08 08:00:00,WIND,600702,1,HCM,1,18974,1011,230,25,210,40,719,6,6,6,6,6,NA,NA,NA,NA,2011-03-08 07:51:00,0
2011-03-08 09:00:00,WIND,600702,1,HCM,1,18974,1011,230,24,230,35,813,6,6,6,6,6,NA,NA,NA,NA,2011-03-08 08:53:00,0
2011-03-08 10:00:00,WIND,600702,1,HCM,1,18974,1011,230,26,230,38,925,6,6,6,6,6,NA,NA,NA,NA,2011-03-08 09:52:00,0
2011-03-08 11:00:00,WIND,600702,1,HCM,1,18974,1011,240,27,250,41,1017,6,6,6,6,6,NA,NA,NA,NA,2011-03-08 10:51:00,0
2011-03-08 12:00:00,WIND,600702,1,HCM,1,18974,1011,280,20,260,33,1051,6,6,6,6,6,NA,NA,NA,NA,2011-03-08 11:52:00,0
2011-03-08 13:00:00,WIND,600702,1,HCM,1,18974,1011,300,19,290,30,1221,6,6,6,6,6,NA,NA,NA,NA,2011-03-08 12:52:00,0
2011-03-08 14:00:00,WIND,600702,1,HCM,1,18974,1011,280,17,280,28,1344,6,6,6,6,6,NA,NA,NA,NA,2011-03-08 13:52:00,0
2011-03-08 15:00:00,WIND,600702,1,HCM,1,18974,1011,280,19,280,26,1431,6,6,6,6,6,NA,NA,NA,NA,2011-03-08 14:52:00,0
2011-03-08 16:00:00,WIND,600702,1,HCM,1,18974,1011,260,18,270,31,1500,6,6,6,6,6,NA,NA,NA,NA,2011-03-08 15:52:00,0
2011-03-08 17:00:00,WIND,600702,1,HCM,1,18974,1011,260,20,290,31,1608,6,6,6,6,6,NA,NA,NA,NA,2011-03-08 16:52:00,0
2011-03-08 18:00:00,WIND,600702,1,HCM,1,18974,1011,270,21,290,33,1718,6,6,6,6,6,NA,NA,NA,NA,2011-03-08 17:52:00,0
2011-03-08 19:00:00,WIND,600702,1,HCM,1,18974,1011,270,21,270,31,1807,6,6,6,6,6,NA,NA,NA,NA,2011-03-08 18:52:00,0
2011-03-08 20:00:00,WIND,600702,1,HCM,1,18974,1011,270,23,280,39,1906,6,6,6,6,6,NA,NA,NA,NA,2011-03-08 19:52:00,0
2011-03-08 21:00:00,WIND,600702,1,HCM,1,18974,1011,270,23,270,47,2039,6,6,6,6,6,NA,NA,NA,NA,2011-03-08 20:53:00,0
2011-03-08 22:00:00,WIND,600702,1,HCM,1,18974,1011,270,21,280,40,2135,6,6,6,6,6,NA,NA,NA,NA,2011-03-08 21:52:00,0
2011-03-08 23:00:00,WIND,600702,1,HCM,1,18974,1011,290,23,290,42,2216,6,6,6,6,6,NA,NA,NA,NA,2011-03-08 22:52:00,0
2011-03-09 00:00:00,WIND,600702,1,HCM,1,18974,1011,280,23,280,39,2324,6,6,6,6,6,NA,NA,NA,NA,2011-03-08 23:52:00,0
2011-03-09 01:00:00,WIND,600702,1,HCM,1,18974,1011,280,24,290,40,18,6,6,6,6,6,NA,NA,NA,NA,2011-03-09 00:52:00,0
2011-03-09 02:00:00,WIND,600702,1,HCM,1,18974,1011,290,23,310,36,143,6,6,6,6,6,NA,NA,NA,NA,2011-03-09 01:52:00,0
2011-03-09 03:00:00,WIND,600702,1,HCM,1,18974,1011,300,23,300,46,219,6,6,6,6,6,NA,NA,NA,NA,2011-03-09 02:52:00,0
2011-03-09 04:00:00,WIND,600702,1,HCM,1,18974,1011,300,24,310,43,319,6,6,6,6,6,NA,NA,NA,NA,2011-03-09 03:52:00,0
2011-03-09 05:00:00,WIND,600702,1,HCM,1,18974,1011,290,27,300,42,415,6,6,6,6,6,NA,NA,NA,NA,2011-03-09 04:52:00,0
2011-03-09 06:00:00,WIND,600702,1,HCM,1,18974,1011,310,22,310,39,452,6,6,6,6,6,NA,NA,NA,NA,2011-03-09 05:52:00,0
2011-03-09 07:00:00,WIND,600702,1,HCM,1,18974,1011,310,23,320,41,607,6,6,6,6,6,NA,NA,NA,NA,2011-03-09 06:52:00,0
2011-03-09 08:00:00,WIND,600702,1,HCM,1,18974,1011,290,21,300,36,718,6,6,6,6,6,NA,NA,NA,NA,2011-03-09 07:52:00,0
2011-03-09 09:00:00,WIND,600702,1,HCM,1,18974,1011,290,25,300,46,832,6,6,6,6,6,NA,NA,NA,NA,2011-03-09 08:53:00,0
2011-03-09 10:00:00,WIND,600702,1,HCM,1,18974,1011,280,24,290,36,944,6,6,6,6,6,NA,NA,NA,NA,2011-03-09 09:52:00,0
2011-03-09 11:00:00,WIND,600702,1,HCM,1,18974,1011,280,25,290,42,1015,6,6,6,6,6,NA,NA,NA,NA,2011-03-09 10:51:00,0
2011-03-09 12:00:00,WIND,600702,1,HCM,1,18974,1011,280,24,290,35,1135,6,6,6,6,6,NA,NA,NA,NA,2011-03-09 11:52:00,0
2011-03-09 13:00:00,WIND,600702,1,HCM,1,18974,1011,290,26,300,36,1246,6,6,6,6,6,NA,NA,NA,NA,2011-03-09 12:52:00,0
2011-03-09 14:00:00,WIND,600702,1,HCM,1,18974,1011,280,21,280,32,1251,6,6,6,6,6,NA,NA,NA,NA,2011-03-09 13:52:00,0
2011-03-09 15:00:00,WIND,600702,1,HCM,1,18974,1011,270,19,270,27,1422,6,6,6,6,6,NA,NA,NA,NA,2011-03-09 14:52:00,0
2011-03-09 16:00:00,WIND,600702,1,HCM,1,18974,1011,280,16,280,26,1454,6,6,6,6,6,NA,NA,NA,NA,2011-03-09 15:52:00,0
2011-03-09 17:00:00,WIND,600702,1,HCM,1,18974,1011,270,12,270,21,1600,6,6,6,6,6,NA,NA,NA,NA,2011-03-09 16:52:00,0
2011-03-09 18:00:00,WIND,600702,1,HCM,1,18974,1011,240,6,260,11,1701,6,6,6,6,6,NA,NA,NA,NA,2011-03-09 17:52:00,0
2011-03-09 19:00:00,WIND,600702,1,HCM,1,18974,1011,230,10,250,21,1828,6,6,6,6,6,NA,NA,NA,NA,2011-03-09 18:52:00,0
2011-03-09 20:00:00,WIND,600702,1,HCM,1,18974,1011,260,18,260,32,1929,6,6,6,6,6,NA,NA,NA,NA,2011-03-09 19:52:00,0
2011-03-09 21:00:00,WIND,600702,1,HCM,1,18974,1011,260,23,260,42,2029,6,6,6,6,6,NA,NA,NA,NA,2011-03-09 20:53:00,0
2011-03-09 22:00:00,WIND,600702,1,HCM,1,18974,1011,260,26,260,37,2124,6,6,6,6,6,NA,NA,NA,NA,2011-03-09 21:52:00,0
2011-03-09 23:00:00,WIND,600702,1,HCM,1,18974,1011,260,25,250,49,2214,6,6,6,6,6,NA,NA,NA,NA,2011-03-09 22:52:00,0
2011-03-10 00:00:00,WIND,600702,1,HCM,1,18974,1011,260,26,260,38,2347,6,6,6,6,6,NA,NA,NA,NA,2011-03-09 23:52:00,0
2011-03-10 01:00:00,WIND,600702,1,HCM,1,18974,1011,260,25,280,41,2355,6,6,6,6,6,NA,NA,NA,NA,2011-03-10 00:52:00,0
2011-03-10 02:00:00,WIND,600702,1,HCM,1,18974,1011,270,29,270,49,51,6,6,6,6,6,NA,NA,NA,NA,2011-03-10 01:52:00,0
2011-03-10 03:00:00,WIND,600702,1,HCM,1,18974,1011,270,33,280,51,234,6,6,6,6,6,NA,NA,NA,NA,2011-03-10 02:52:00,0
2011-03-10 04:00:00,WIND,600702,1,HCM,1,18974,1011,280,34,290,53,337,6,6,6,6,6,NA,NA,NA,NA,2011-03-10 03:52:00,0
2011-03-10 05:00:00,WIND,600702,1,HCM,1,18974,1011,280,37,280,54,411,6,6,6,6,6,NA,NA,NA,NA,2011-03-10 04:52:00,0
2011-03-10 06:00:00,WIND,600702,1,HCM,1,18974,1011,280,34,270,58,514,6,6,6,6,6,NA,NA,NA,NA,2011-03-10 05:52:00,0
2011-03-10 07:00:00,WIND,600702,1,HCM,1,18974,1011,280,33,270,48,643,6,6,6,6,6,NA,NA,NA,NA,2011-03-10 06:52:00,0
2011-03-10 08:00:00,WIND,600702,1,HCM,1,18974,1011,280,35,280,54,658,6,6,6,6,6,NA,NA,NA,NA,2011-03-10 07:52:00,0
2011-03-10 09:00:00,WIND,600702,1,HCM,1,18974,1011,280,32,270,51,845,6,6,6,6,6,NA,NA,NA,NA,2011-03-10 08:53:00,0
2011-03-10 10:00:00,WIND,600702,1,HCM,1,18974,1011,280,28,280,43,910,6,6,6,6,6,NA,NA,NA,NA,2011-03-10 09:51:00,0
2011-03-10 11:00:00,WIND,600702,1,HCM,1,18974,1011,290,29,300,50,1032,6,6,6,6,6,NA,NA,NA,NA,2011-03-10 10:51:00,0
2011-03-10 12:00:00,WIND,600702,1,HCM,1,18974,1011,290,30,280,51,1107,6,6,6,6,6,NA,NA,NA,NA,2011-03-10 11:51:00,0
2011-03-10 13:00:00,WIND,600702,1,HCM,1,18974,1011,290,31,290,50,1243,6,6,6,6,6,NA,NA,NA,NA,2011-03-10 12:52:00,0
2011-03-10 14:00:00,WIND,600702,1,HCM,1,18974,1011,280,30,300,45,1347,6,6,6,6,6,NA,NA,NA,NA,2011-03-10 13:52:00,0
2011-03-10 15:00:00,WIND,600702,1,HCM,1,18974,1011,290,31,280,44,1417,6,6,6,6,6,NA,NA,NA,NA,2011-03-10 14:52:00,0
2011-03-10 16:00:00,WIND,600702,1,HCM,1,18974,1011,290,30,290,43,1451,6,6,6,6,6,NA,NA,NA,NA,2011-03-10 15:52:00,0
2011-03-10 17:00:00,WIND,600702,1,HCM,1,18974,1011,290,27,280,42,1643,6,6,6,6,6,NA,NA,NA,NA,2011-03-10 16:52:00,0
2011-03-10 18:00:00,WIND,600702,1,HCM,1,18974,1011,290,25,280,37,1733,6,6,6,6,6,NA,NA,NA,NA,2011-03-10 17:52:00,0
2011-03-10 19:00:00,WIND,600702,1,HCM,1,18974,1011,280,24,280,41,1758,6,6,6,6,6,NA,NA,NA,NA,2011-03-10 18:52:00,0
2011-03-10 20:00:00,WIND,600702,1,HCM,1,18974,1011,280,24,300,37,1932,6,6,6,6,6,NA,NA,NA,NA,2011-03-10 19:52:00,0
2011-03-10 21:00:00,WIND,600702,1,HCM,1,18974,1011,280,23,270,38,2033,6,6,6,6,6,NA,NA,NA,NA,2011-03-10 20:55:00,0
2011-03-10 22:00:00,WIND,600702,1,HCM,1,18974,1011,290,23,300,40,2118,6,6,6,6,6,NA,NA,NA,NA,2011-03-10 21:52:00,0
2011-03-10 23:00:00,WIND,600702,1,HCM,1,18974,1011,280,25,290,38,2208,6,6,6,6,6,NA,NA,NA,NA,2011-03-10 22:52:00,0
2011-03-11 00:00:00,WIND,600702,1,HCM,1,18974,1011,280,24,300,39,2335,6,6,6,6,6,NA,NA,NA,NA,2011-03-10 23:52:00,0
2011-03-11 01:00:00,WIND,600702,1,HCM,1,18974,1011,290,21,270,33,25,6,6,6,6,6,NA,NA,NA,NA,2011-03-11 00:52:00,0
2011-03-11 02:00:00,WIND,600702,1,HCM,1,18974,1011,280,20,280,34,105,6,6,6,6,6,NA,NA,NA,NA,2011-03-11 01:52:00,0
2011-03-11 03:00:00,WIND,600702,1,HCM,1,18974,1011,270,23,270,47,215,6,6,6,6,6,NA,NA,NA,NA,2011-03-11 02:52:00,0
2011-03-11 04:00:00,WIND,600702,1,HCM,1,18974,1011,270,23,270,33,342,6,6,6,6,6,NA,NA,NA,NA,2011-03-11 03:52:00,0
2011-03-11 05:00:00,WIND,600702,1,HCM,1,18974,1011,270,22,260,43,408,6,6,6,6,6,NA,NA,NA,NA,2011-03-11 04:52:00,0
2011-03-11 06:00:00,WIND,600702,1,HCM,1,18974,1011,270,25,260,43,512,6,6,6,6,6,NA,NA,NA,NA,2011-03-11 05:52:00,0
2011-03-11 07:00:00,WIND,600702,1,HCM,1,18974,1011,270,20,270,33,600,6,6,6,6,6,NA,NA,NA,NA,2011-03-11 06:52:00,0
2011-03-11 08:00:00,WIND,600702,1,HCM,1,18974,1011,270,21,270,32,718,6,6,6,6,6,NA,NA,NA,NA,2011-03-11 07:52:00,0
2011-03-11 09:00:00,WIND,600702,1,HCM,1,18974,1011,270,21,270,40,758,6,6,6,6,6,NA,NA,NA,NA,2011-03-11 08:55:00,0
2011-03-11 10:00:00,WIND,600702,1,HCM,1,18974,1011,270,21,260,39,911,6,6,6,6,6,NA,NA,NA,NA,2011-03-11 09:52:00,0
2011-03-11 11:00:00,WIND,600702,1,HCM,1,18974,1011,290,14,300,25,950,6,6,6,6,6,NA,NA,NA,NA,2011-03-11 10:52:00,0
2011-03-11 12:00:00,WIND,600702,1,HCM,1,18974,1011,270,20,270,35,1148,6,6,6,6,6,NA,NA,NA,NA,2011-03-11 11:51:00,0
2011-03-11 13:00:00,WIND,600702,1,HCM,1,18974,1011,280,17,290,31,1153,6,6,6,6,6,NA,NA,NA,NA,2011-03-11 12:52:00,0
2011-03-11 14:00:00,WIND,600702,1,HCM,1,18974,1011,290,11,270,28,1337,6,6,6,6,6,NA,NA,NA,NA,2011-03-11 13:52:00,0
2011-03-11 15:00:00,WIND,600702,1,HCM,1,18974,1011,260,14,240,24,1430,6,6,6,6,6,NA,NA,NA,NA,2011-03-11 14:52:00,0
2011-03-11 16:00:00,WIND,600702,1,HCM,1,18974,1011,270,15,280,27,1508,6,6,6,6,6,NA,NA,NA,NA,2011-03-11 15:52:00,0
2011-03-11 17:00:00,WIND,600702,1,HCM,1,18974,1011,270,12,290,22,1558,6,6,6,6,6,NA,NA,NA,NA,2011-03-11 16:52:00,0
2011-03-11 18:00:00,WIND,600702,1,HCM,1,18974,1011,270,8,280,18,1727,6,6,6,6,6,NA,NA,NA,NA,2011-03-11 17:52:00,0
2011-03-11 19:00:00,WIND,600702,1,HCM,1,18974,1011,310,6,300,12,1750,6,6,6,6,6,NA,NA,NA,NA,2011-03-11 18:52:00,0
2011-03-11 20:00:00,WIND,600702,1,HCM,1,18974,1011,320,1,60,4,1948,6,6,6,6,6,NA,NA,NA,NA,2011-03-11 19:52:00,0
2011-03-11 21:00:00,WIND,600702,1,HCM,1,18974,1011,80,3,60,5,2018,6,6,6,6,6,NA,NA,NA,NA,2011-03-11 20:53:00,0
2011-03-11 22:00:00,WIND,600702,1,HCM,1,18974,1011,90,4,80,5,2050,6,6,6,6,6,NA,NA,NA,NA,2011-03-11 21:52:00,0
2011-03-11 23:00:00,WIND,600702,1,HCM,1,18974,1011,110,4,100,5,2242,6,6,6,6,6,NA,NA,NA,NA,2011-03-11 22:52:00,0
2011-03-12 00:00:00,WIND,600702,1,HCM,1,18974,1011,50,5,10,8,2328,6,6,6,6,6,NA,NA,NA,NA,2011-03-11 23:52:00,0
2011-03-12 01:00:00,WIND,600702,1,HCM,1,18974,1011,80,8,80,13,10,6,6,6,6,6,NA,NA,NA,NA,2011-03-12 00:52:00,0
2011-03-12 02:00:00,WIND,600702,1,HCM,1,18974,1011,100,7,100,9,102,6,6,6,6,6,NA,NA,NA,NA,2011-03-12 01:52:00,0
2011-03-12 03:00:00,WIND,600702,1,HCM,1,18974,1011,110,8,80,13,246,6,6,6,6,6,NA,NA,NA,NA,2011-03-12 02:52:00,0
2011-03-12 04:00:00,WIND,600702,1,HCM,1,18974,1011,100,12,90,18,317,6,6,6,6,6,NA,NA,NA,NA,2011-03-12 03:52:00,0
2011-03-12 05:00:00,WIND,600702,1,HCM,1,18974,1011,100,7,140,15,350,6,6,6,6,6,NA,NA,NA,NA,2011-03-12 04:52:00,0
2011-03-12 06:00:00,WIND,600702,1,HCM,1,18974,1011,110,6,90,10,453,6,6,6,6,6,NA,NA,NA,NA,2011-03-12 05:52:00,0
2011-03-12 07:00:00,WIND,600702,1,HCM,1,18974,1011,80,3,90,5,610,6,6,6,6,6,NA,NA,NA,NA,2011-03-12 06:52:00,0
2011-03-12 08:00:00,WIND,600702,1,HCM,1,18974,1011,80,8,100,15,747,6,6,6,6,6,NA,NA,NA,NA,2011-03-12 07:52:00,0
2011-03-12 09:00:00,WIND,600702,1,HCM,1,18974,1011,80,9,100,13,750,6,6,6,6,6,NA,NA,NA,NA,2011-03-12 08:53:00,0
2011-03-12 10:00:00,WIND,600702,1,HCM,1,18974,1011,60,10,60,15,945,6,6,6,6,6,NA,NA,NA,NA,2011-03-12 09:52:00,0
2011-03-12 11:00:00,WIND,600702,1,HCM,1,18974,1011,70,14,80,21,1047,6,6,6,6,6,NA,NA,NA,NA,2011-03-12 10:52:00,0
2011-03-12 12:00:00,WIND,600702,1,HCM,1,18974,1011,80,20,80,27,1133,6,6,6,6,6,NA,NA,NA,NA,2011-03-12 11:52:00,0
2011-03-12 13:00:00,WIND,600702,1,HCM,1,18974,1011,70,22,80,29,1207,6,6,6,6,6,NA,NA,NA,NA,2011-03-12 12:52:00,0
2011-03-12 14:00:00,WIND,600702,1,HCM,1,18974,1011,60,22,60,30,1341,6,6,6,6,6,NA,NA,NA,NA,2011-03-12 13:52:00,0
2011-03-12 15:00:00,WIND,600702,1,HCM,1,18974,1011,50,24,50,31,1415,6,6,6,6,6,NA,NA,NA,NA,2011-03-12 14:52:00,0
2011-03-12 16:00:00,WIND,600702,1,HCM,1,18974,1011,50,25,50,34,1541,6,6,6,6,6,NA,NA,NA,NA,2011-03-12 15:52:00,0
2011-03-12 17:00:00,WIND,600702,1,HCM,1,18974,1011,50,24,50,33,1554,6,6,6,6,6,NA,NA,NA,NA,2011-03-12 16:52:00,0
2011-03-12 18:00:00,WIND,600702,1,HCM,1,18974,1011,50,22,50,29,1720,6,6,6,6,6,NA,NA,NA,NA,2011-03-12 17:52:00,0
2011-03-12 19:00:00,WIND,600702,1,HCM,1,18974,1011,50,25,40,34,1821,6,6,6,6,6,NA,NA,NA,NA,2011-03-12 18:52:00,0
2011-03-12 20:00:00,WIND,600702,1,HCM,1,18974,1011,50,25,50,33,1855,6,6,6,6,6,NA,NA,NA,NA,2011-03-12 19:52:00,0
2011-03-12 21:00:00,WIND,600702,1,HCM,1,18974,1011,40,26,40,35,2049,6,6,6,6,6,NA,NA,NA,NA,2011-03-12 20:55:00,0
2011-03-12 22:00:00,WIND,600702,1,HCM,1,18974,1011,40,27,30,37,2142,6,6,6,6,6,NA,NA,NA,NA,2011-03-12 21:52:00,0
2011-03-12 23:00:00,WIND,600702,1,HCM,1,18974,1011,40,28,40,36,2153,6,6,6,6,6,NA,NA,NA,NA,2011-03-12 22:52:00,0
2011-03-13 00:00:00,WIND,600702,1,HCM,1,18974,1011,40,28,40,37,2323,6,6,6,6,6,NA,NA,NA,NA,2011-03-12 23:52:00,0
2011-03-13 01:00:00,WIND,600702,1,HCM,1,18974,1011,40,29,30,38,39,6,6,6,6,6,NA,NA,NA,NA,2011-03-13 00:52:00,0
2011-03-13 02:00:00,WIND,600702,1,HCM,1,18974,1011,30,29,40,38,55,6,6,6,6,6,NA,NA,NA,NA,2011-03-13 01:52:00,0
2011-03-13 03:00:00,WIND,600702,1,HCM,1,18974,1011,30,29,30,37,226,6,6,6,6,6,NA,NA,NA,NA,2011-03-13 02:52:00,0
2011-03-13 04:00:00,WIND,600702,1,HCM,1,18974,1011,30,28,30,37,328,6,6,6,6,6,NA,NA,NA,NA,2011-03-13 03:52:00,0
2011-03-13 05:00:00,WIND,600702,1,HCM,1,18974,1011,30,28,30,37,441,6,6,6,6,6,NA,NA,NA,NA,2011-03-13 04:52:00,0
2011-03-13 06:00:00,WIND,600702,1,HCM,1,18974,1011,30,28,20,38,539,6,6,6,6,6,NA,NA,NA,NA,2011-03-13 05:52:00,0
2011-03-13 07:00:00,WIND,600702,1,HCM,1,18974,1011,30,29,20,38,629,6,6,6,6,6,NA,NA,NA,NA,2011-03-13 06:52:00,0
2011-03-13 08:00:00,WIND,600702,1,HCM,1,18974,1011,30,28,30,41,749,6,6,6,6,6,NA,NA,NA,NA,2011-03-13 07:52:00,0
2011-03-13 09:00:00,WIND,600702,1,HCM,1,18974,1011,30,28,40,39,805,6,6,6,6,6,NA,NA,NA,NA,2011-03-13 08:53:00,0
2011-03-13 10:00:00,WIND,600702,1,HCM,1,18974,1011,30,28,40,37,936,6,6,6,6,6,NA,NA,NA,NA,2011-03-13 09:52:00,0
2011-03-13 11:00:00,WIND,600702,1,HCM,1,18974,1011,30,27,20,36,1038,6,6,6,6,6,NA,NA,NA,NA,2011-03-13 10:52:00,0
2011-03-13 12:00:00,WIND,600702,1,HCM,1,18974,1011,30,27,30,37,1107,6,6,6,6,6,NA,NA,NA,NA,2011-03-13 11:52:00,0
2011-03-13 13:00:00,WIND,600702,1,HCM,1,18974,1011,30,26,30,36,1245,6,6,6,6,6,NA,NA,NA,NA,2011-03-13 12:52:00,0
2011-03-13 14:00:00,WIND,600702,1,HCM,1,18974,1011,30,28,30,37,1340,6,6,6,6,6,NA,NA,NA,NA,2011-03-13 13:52:00,0
2011-03-13 15:00:00,WIND,600702,1,HCM,1,18974,1011,20,28,30,39,1449,6,6,6,6,6,NA,NA,NA,NA,2011-03-13 14:52:00,0
2011-03-13 16:00:00,WIND,600702,1,HCM,1,18974,1011,30,31,30,41,1547,6,6,6,6,6,NA,NA,NA,NA,2011-03-13 15:52:00,0
2011-03-13 17:00:00,WIND,600702,1,HCM,1,18974,1011,30,35,30,47,1616,6,6,6,6,6,NA,NA,NA,NA,2011-03-13 16:52:00,0
2011-03-13 18:00:00,WIND,600702,1,HCM,1,18974,1011,30,35,30,47,1738,6,6,6,6,6,NA,NA,NA,NA,2011-03-13 17:52:00,0
2011-03-13 19:00:00,WIND,600702,1,HCM,1,18974,1011,30,34,30,46,1809,6,6,6,6,6,NA,NA,NA,NA,2011-03-13 18:52:00,0
2011-03-13 20:00:00,WIND,600702,1,HCM,1,18974,1011,30,32,30,43,1904,6,6,6,6,6,NA,NA,NA,NA,2011-03-13 19:52:00,0
2011-03-13 21:00:00,WIND,600702,1,HCM,1,18974,1011,30,28,30,39,1957,6,6,6,6,6,NA,NA,NA,NA,2011-03-13 20:53:00,0
2011-03-13 22:00:00,WIND,600702,1,HCM,1,18974,1011,40,26,40,36,2129,6,6,6,6,6,NA,NA,NA,NA,2011-03-13 21:52:00,0
2011-03-13 23:00:00,WIND,600702,1,HCM,1,18974,1011,40,25,40,34,2159,6,6,6,6,6,NA,NA,NA,NA,2011-03-13 22:52:00,0
2011-03-14 00:00:00,WIND,600702,1,HCM,1,18974,1011,40,24,40,35,2254,6,6,6,6,6,NA,NA,NA,NA,2011-03-13 23:52:00,0
2011-03-14 01:00:00,WIND,600702,1,HCM,1,18974,1011,40,25,30,35,9,6,6,6,6,6,NA,NA,NA,NA,2011-03-14 00:52:00,0
2011-03-14 02:00:00,WIND,600702,1,HCM,1,18974,1011,40,25,40,36,123,6,6,6,6,6,NA,NA,NA,NA,2011-03-14 01:52:00,0
2011-03-14 03:00:00,WIND,600702,1,HCM,1,18974,1011,40,26,40,38,155,6,6,6,6,6,NA,NA,NA,NA,2011-03-14 02:52:00,0
2011-03-14 04:00:00,WIND,600702,1,HCM,1,18974,1011,50,25,50,36,332,6,6,6,6,6,NA,NA,NA,NA,2011-03-14 03:52:00,0
2011-03-14 05:00:00,WIND,600702,1,HCM,1,18974,1011,50,24,50,32,401,6,6,6,6,6,NA,NA,NA,NA,2011-03-14 04:52:00,0
2011-03-14 06:00:00,WIND,600702,1,HCM,1,18974,1011,50,19,40,27,451,6,6,6,6,6,NA,NA,NA,NA,2011-03-14 05:52:00,0
2011-03-14 07:00:00,WIND,600702,1,HCM,1,18974,1011,50,17,60,23,621,6,6,6,6,6,NA,NA,NA,NA,2011-03-14 06:52:00,0
2011-03-14 08:00:00,WIND,600702,1,HCM,1,18974,1011,60,17,60,25,740,6,6,6,6,6,NA,NA,NA,NA,2011-03-14 07:52:00,0
2011-03-14 09:00:00,WIND,600702,1,HCM,1,18974,1011,60,18,60,26,815,6,6,6,6,6,NA,NA,NA,NA,2011-03-14 08:53:00,0
2011-03-14 10:00:00,WIND,600702,1,HCM,1,18974,1011,70,17,60,23,922,6,6,6,6,6,NA,NA,NA,NA,2011-03-14 09:52:00,0
2011-03-14 11:00:00,WIND,600702,1,HCM,1,18974,1011,70,16,70,21,1026,6,6,6,6,6,NA,NA,NA,NA,2011-03-14 10:52:00,0
2011-03-14 12:00:00,WIND,600702,1,HCM,1,18974,1011,70,16,90,22,1137,6,6,6,6,6,NA,NA,NA,NA,2011-03-14 11:52:00,0
2011-03-14 13:00:00,WIND,600702,1,HCM,1,18974,1011,80,16,70,22,1215,6,6,6,6,6,NA,NA,NA,NA,2011-03-14 12:52:00,0
2011-03-14 14:00:00,WIND,600702,1,HCM,1,18974,1011,80,16,70,21,1301,6,6,6,6,6,NA,NA,NA,NA,2011-03-14 13:52:00,0
2011-03-14 15:00:00,WIND,600702,1,HCM,1,18974,1011,80,15,80,19,1421,6,6,6,6,6,NA,NA,NA,NA,2011-03-14 14:53:00,0
2011-03-14 16:00:00,WIND,600702,1,HCM,1,18974,1011,100,13,100,18,1510,6,6,6,6,6,NA,NA,NA,NA,2011-03-14 15:53:00,0
2011-03-14 17:00:00,WIND,600702,1,HCM,1,18974,1011,110,12,120,16,1609,6,6,6,6,6,NA,NA,NA,NA,2011-03-14 16:52:00,0
2011-03-14 18:00:00,WIND,600702,1,HCM,1,18974,1011,100,9,100,14,1700,6,6,6,6,6,NA,NA,NA,NA,2011-03-14 17:52:00,0
2011-03-14 19:00:00,WIND,600702,1,HCM,1,18974,1011,120,10,110,15,1816,6,6,6,6,6,NA,NA,NA,NA,2011-03-14 18:52:00,0
2011-03-14 20:00:00,WIND,600702,1,HCM,1,18974,1011,120,12,120,17,1949,6,6,6,6,6,NA,NA,NA,NA,2011-03-14 19:52:00,0
2011-03-14 21:00:00,WIND,600702,1,HCM,1,18974,1011,130,15,130,20,2021,6,6,6,6,6,NA,NA,NA,NA,2011-03-14 20:53:00,0
2011-03-14 22:00:00,WIND,600702,1,HCM,1,18974,1011,130,15,140,22,2127,6,6,6,6,6,NA,NA,NA,NA,2011-03-14 21:52:00,0
2011-03-14 23:00:00,WIND,600702,1,HCM,1,18974,1011,130,17,130,22,2237,6,6,6,6,6,NA,NA,NA,NA,2011-03-14 22:52:00,0
2011-03-15 00:00:00,WIND,600702,1,HCM,1,18974,1011,140,17,140,24,2345,6,6,6,6,6,NA,NA,NA,NA,2011-03-14 23:53:00,0
2011-03-15 01:00:00,WIND,600702,1,HCM,1,18974,1011,130,16,140,23,2350,6,6,6,6,6,NA,NA,NA,NA,2011-03-15 00:52:00,0
2011-03-15 02:00:00,WIND,600702,1,HCM,1,18974,1011,140,16,140,21,53,6,6,6,6,6,NA,NA,NA,NA,2011-03-15 01:52:00,0
2011-03-15 03:00:00,WIND,600702,1,HCM,1,18974,1011,150,17,150,23,222,6,6,6,6,6,NA,NA,NA,NA,2011-03-15 02:51:00,0
2011-03-15 04:00:00,WIND,600702,1,HCM,1,18974,1011,150,16,140,22,334,6,6,6,6,6,NA,NA,NA,NA,2011-03-15 03:52:00,0
2011-03-15 05:00:00,WIND,600702,1,HCM,1,18974,1011,160,17,150,24,435,6,6,6,6,6,NA,NA,NA,NA,2011-03-15 04:52:00,0
2011-03-15 06:00:00,WIND,600702,1,HCM,1,18974,1011,160,15,160,22,504,6,6,6,6,6,NA,NA,NA,NA,2011-03-15 05:51:00,0
2011-03-15 07:00:00,WIND,600702,1,HCM,1,18974,1011,150,15,150,23,625,6,6,6,6,6,NA,NA,NA,NA,2011-03-15 06:52:00,0
2011-03-15 08:00:00,WIND,600702,1,HCM,1,18974,1011,150,15,150,20,707,6,6,6,6,6,NA,NA,NA,NA,2011-03-15 07:51:00,0
2011-03-15 09:00:00,WIND,600702,1,HCM,1,18974,1011,140,14,130,19,806,6,6,6,6,6,NA,NA,NA,NA,2011-03-15 08:56:00,0
2011-03-15 10:00:00,WIND,600702,1,HCM,1,18974,1011,150,12,170,20,857,6,6,6,6,6,NA,NA,NA,NA,2011-03-15 09:52:00,0
2011-03-15 11:00:00,WIND,600702,1,HCM,1,18974,1011,150,12,150,18,1008,6,6,6,6,6,NA,NA,NA,NA,2011-03-15 10:52:00,0
2011-03-15 12:00:00,WIND,600702,1,HCM,1,18974,1011,160,12,160,16,1134,6,6,6,6,6,NA,NA,NA,NA,2011-03-15 11:52:00,0
2011-03-15 13:00:00,WIND,600702,1,HCM,1,18974,1011,160,13,160,17,1237,6,6,6,6,6,NA,NA,NA,NA,2011-03-15 12:52:00,0
2011-03-15 14:00:00,WIND,600702,1,HCM,1,18974,1011,160,12,160,17,1255,6,6,6,6,6,NA,NA,NA,NA,2011-03-15 13:53:00,0
2011-03-15 15:00:00,WIND,600702,1,HCM,1,18974,1011,170,11,160,14,1353,6,6,6,6,6,NA,NA,NA,NA,2011-03-15 14:52:00,0
2011-03-15 16:00:00,WIND,600702,1,HCM,1,18974,1011,180,9,170,13,1531,6,6,6,6,6,NA,NA,NA,NA,2011-03-15 15:52:00,0
2011-03-15 17:00:00,WIND,600702,1,HCM,1,18974,1011,190,9,190,13,1608,6,6,6,6,6,NA,NA,NA,NA,2011-03-15 16:52:00,0
2011-03-15 18:00:00,WIND,600702,1,HCM,1,18974,1011,200,8,220,12,1658,6,6,6,6,6,NA,NA,NA,NA,2011-03-15 17:52:00,0
2011-03-15 19:00:00,WIND,600702,1,HCM,1,18974,1011,190,7,200,10,1809,6,6,6,6,6,NA,NA,NA,NA,2011-03-15 18:52:00,0
2011-03-15 20:00:00,WIND,600702,1,HCM,1,18974,1011,180,7,180,10,1937,6,6,6,6,6,NA,NA,NA,NA,2011-03-15 19:51:00,0
2011-03-15 21:00:00,WIND,600702,1,HCM,1,18974,1011,180,7,170,10,2034,6,6,6,6,6,NA,NA,NA,NA,2011-03-15 20:53:00,0
2011-03-15 22:00:00,WIND,600702,1,HCM,1,18974,1011,170,9,170,12,2140,6,6,6,6,6,NA,NA,NA,NA,2011-03-15 21:52:00,0
2011-03-15 23:00:00,WIND,600702,1,HCM,1,18974,1011,170,10,170,14,2231,6,6,6,6,6,NA,NA,NA,NA,2011-03-15 22:52:00,0
2011-03-16 00:00:00,WIND,600702,1,HCM,1,18974,1011,170,11,160,15,2318,6,6,6,6,6,NA,NA,NA,NA,2011-03-15 23:52:00,0
2011-03-16 01:00:00,WIND,600702,1,HCM,1,18974,1011,180,10,180,14,49,6,6,6,6,6,NA,NA,NA,NA,2011-03-16 00:52:00,0
2011-03-16 02:00:00,WIND,600702,1,HCM,1,18974,1011,180,12,180,16,120,6,6,6,6,6,NA,NA,NA,NA,2011-03-16 01:52:00,0
2011-03-16 03:00:00,WIND,600702,1,HCM,1,18974,1011,190,12,180,16,203,6,6,6,6,6,NA,NA,NA,NA,2011-03-16 02:52:00,0
2011-03-16 04:00:00,WIND,600702,1,HCM,1,18974,1011,190,12,180,15,316,6,6,6,6,6,NA,NA,NA,NA,2011-03-16 03:52:00,0
2011-03-16 05:00:00,WIND,600702,1,HCM,1,18974,1011,190,12,190,16,434,6,6,6,6,6,NA,NA,NA,NA,2011-03-16 04:52:00,0
2011-03-16 06:00:00,WIND,600702,1,HCM,1,18974,1011,180,13,170,19,546,6,6,6,6,6,NA,NA,NA,NA,2011-03-16 05:52:00,0
2011-03-16 07:00:00,WIND,600702,1,HCM,1,18974,1011,170,14,170,20,632,6,6,6,6,6,NA,NA,NA,NA,2011-03-16 06:52:00,0
2011-03-16 08:00:00,WIND,600702,1,HCM,1,18974,1011,180,14,180,19,703,6,6,6,6,6,NA,NA,NA,NA,2011-03-16 07:52:00,0
2011-03-16 09:00:00,WIND,600702,1,HCM,1,18974,1011,180,15,180,22,848,6,6,6,6,6,NA,NA,NA,NA,2011-03-16 08:53:00,0
2011-03-16 10:00:00,WIND,600702,1,HCM,1,18974,1011,170,18,180,23,935,6,6,6,6,6,NA,NA,NA,NA,2011-03-16 09:53:00,0
2011-03-16 11:00:00,WIND,600702,1,HCM,1,18974,1011,180,19,180,25,1037,6,6,6,6,6,NA,NA,NA,NA,2011-03-16 10:52:00,0
2011-03-16 12:00:00,WIND,600702,1,HCM,1,18974,1011,180,20,180,26,1054,6,6,6,6,6,NA,NA,NA,NA,2011-03-16 11:52:00,0
2011-03-16 13:00:00,WIND,600702,1,HCM,1,18974,1011,180,19,180,25,1207,6,6,6,6,6,NA,NA,NA,NA,2011-03-16 12:52:00,0
2011-03-16 14:00:00,WIND,600702,1,HCM,1,18974,1011,180,18,170,24,1302,6,6,6,6,6,NA,NA,NA,NA,2011-03-16 13:52:00,0
2011-03-16 15:00:00,WIND,600702,1,HCM,1,18974,1011,180,18,180,25,1439,6,6,6,6,6,NA,NA,NA,NA,2011-03-16 14:52:00,0
2011-03-16 16:00:00,WIND,600702,1,HCM,1,18974,1011,180,18,180,25,1501,6,6,6,6,6,NA,NA,NA,NA,2011-03-16 15:52:00,0
2011-03-16 17:00:00,WIND,600702,1,HCM,1,18974,1011,170,18,170,24,1617,6,6,6,6,6,NA,NA,NA,NA,2011-03-16 16:52:00,0
2011-03-16 18:00:00,WIND,600702,1,HCM,1,18974,1011,170,17,170,24,1656,6,6,6,6,6,NA,NA,NA,NA,2011-03-16 17:52:00,0
2011-03-16 19:00:00,WIND,600702,1,HCM,1,18974,1011,170,16,170,25,1847,6,6,6,6,6,NA,NA,NA,NA,2011-03-16 18:52:00,0
2011-03-16 20:00:00,WIND,600702,1,HCM,1,18974,1011,170,20,160,27,1926,6,6,6,6,6,NA,NA,NA,NA,2011-03-16 19:52:00,0
2011-03-16 21:00:00,WIND,600702,1,HCM,1,18974,1011,170,19,170,25,1952,6,6,6,6,6,NA,NA,NA,NA,2011-03-16 20:54:00,0
2011-03-16 22:00:00,WIND,600702,1,HCM,1,18974,1011,180,19,180,26,2125,6,6,6,6,6,NA,NA,NA,NA,2011-03-16 21:52:00,0
2011-03-16 23:00:00,WIND,600702,1,HCM,1,18974,1011,180,19,180,26,2219,6,6,6,6,6,NA,NA,NA,NA,2011-03-16 22:52:00,0
2011-03-17 00:00:00,WIND,600702,1,HCM,1,18974,1011,200,17,190,26,2307,6,6,6,6,6,NA,NA,NA,NA,2011-03-16 23:52:00,0
2011-03-17 01:00:00,WIND,600702,1,HCM,1,18974,1011,220,12,190,21,19,6,6,6,6,6,NA,NA,NA,NA,2011-03-17 00:52:00,0
2011-03-17 02:00:00,WIND,600702,1,HCM,1,18974,1011,280,7,270,13,112,6,6,6,6,6,NA,NA,NA,NA,2011-03-17 01:52:00,0
2011-03-17 03:00:00,WIND,600702,1,HCM,1,18974,1011,220,5,220,10,249,6,6,6,6,6,NA,NA,NA,NA,2011-03-17 02:52:00,0
2011-03-17 04:00:00,WIND,600702,1,HCM,1,18974,1011,210,8,210,11,344,6,6,6,6,6,NA,NA,NA,NA,2011-03-17 03:52:00,0
2011-03-17 05:00:00,WIND,600702,1,HCM,1,18974,1011,220,8,270,15,449,6,6,6,6,6,NA,NA,NA,NA,2011-03-17 04:52:00,0
2011-03-17 06:00:00,WIND,600702,1,HCM,1,18974,1011,270,11,270,18,533,6,6,6,6,6,NA,NA,NA,NA,2011-03-17 05:52:00,0
2011-03-17 07:00:00,WIND,600702,1,HCM,1,18974,1011,270,12,280,19,630,6,6,6,6,6,NA,NA,NA,NA,2011-03-17 06:52:00,0
2011-03-17 08:00:00,WIND,600702,1,HCM,1,18974,1011,270,14,270,22,718,6,6,6,6,6,NA,NA,NA,NA,2011-03-17 07:52:00,0
2011-03-17 09:00:00,WIND,600702,1,HCM,1,18974,1011,280,16,290,27,822,6,6,6,6,6,NA,NA,NA,NA,2011-03-17 08:53:00,0
2011-03-17 10:00:00,WIND,600702,1,HCM,1,18974,1011,300,16,300,24,948,6,6,6,6,6,NA,NA,NA,NA,2011-03-17 09:52:00,0
2011-03-17 11:00:00,WIND,600702,1,HCM,1,18974,1011,300,17,300,26,1047,6,6,6,6,6,NA,NA,NA,NA,2011-03-17 10:52:00,0
2011-03-17 12:00:00,WIND,600702,1,HCM,1,18974,1011,290,16,290,27,1053,6,6,6,6,6,NA,NA,NA,NA,2011-03-17 11:52:00,0
2011-03-17 13:00:00,WIND,600702,1,HCM,1,18974,1011,300,15,290,22,1204,6,6,6,6,6,NA,NA,NA,NA,2011-03-17 12:52:00,0
2011-03-17 14:00:00,WIND,600702,1,HCM,1,18974,1011,300,16,300,23,1336,6,6,6,6,6,NA,NA,NA,NA,2011-03-17 13:52:00,0
2011-03-17 15:00:00,WIND,600702,1,HCM,1,18974,1011,310,13,320,19,1350,6,6,6,6,6,NA,NA,NA,NA,2011-03-17 14:52:00,0
2011-03-17 16:00:00,WIND,600702,1,HCM,1,18974,1011,290,14,280,22,1507,6,6,6,6,6,NA,NA,NA,NA,2011-03-17 15:52:00,0
2011-03-17 17:00:00,WIND,600702,1,HCM,1,18974,1011,290,13,270,19,1551,6,6,6,6,6,NA,NA,NA,NA,2011-03-17 16:52:00,0
2011-03-17 18:00:00,WIND,600702,1,HCM,1,18974,1011,310,11,300,22,1719,6,6,6,6,6,NA,NA,NA,NA,2011-03-17 17:52:00,0
2011-03-17 19:00:00,WIND,600702,1,HCM,1,18974,1011,280,5,290,8,1750,6,6,6,6,6,NA,NA,NA,NA,2011-03-17 18:51:00,0
2011-03-17 20:00:00,WIND,600702,1,HCM,1,18974,1011,270,5,280,8,1939,6,6,6,6,6,NA,NA,NA,NA,2011-03-17 19:51:00,0
2011-03-17 21:00:00,WIND,600702,1,HCM,1,18974,1011,280,7,300,11,2038,6,6,6,6,6,NA,NA,NA,NA,2011-03-17 20:53:00,0
2011-03-17 22:00:00,WIND,600702,1,HCM,1,18974,1011,280,6,270,9,2149,6,6,6,6,6,NA,NA,NA,NA,2011-03-17 21:52:00,0
2011-03-17 23:00:00,WIND,600702,1,HCM,1,18974,1011,220,4,270,9,2150,6,6,6,6,6,NA,NA,NA,NA,2011-03-17 22:52:00,0
2011-03-18 00:00:00,WIND,600702,1,HCM,1,18974,1011,240,6,250,8,2341,6,6,6,6,6,NA,NA,NA,NA,2011-03-17 23:52:00,0
2011-03-18 01:00:00,WIND,600702,1,HCM,1,18974,1011,240,8,240,10,27,6,6,6,6,6,NA,NA,NA,NA,2011-03-18 00:52:00,0
2011-03-18 02:00:00,WIND,600702,1,HCM,1,18974,1011,230,7,240,11,149,6,6,6,6,6,NA,NA,NA,NA,2011-03-18 01:52:00,0
2011-03-18 03:00:00,WIND,600702,1,HCM,1,18974,1011,230,9,240,12,218,6,6,6,6,6,NA,NA,NA,NA,2011-03-18 02:52:00,0
2011-03-18 04:00:00,WIND,600702,1,HCM,1,18974,1011,210,9,220,15,336,6,6,6,6,6,NA,NA,NA,NA,2011-03-18 03:52:00,0
2011-03-18 05:00:00,WIND,600702,1,HCM,1,18974,1011,220,12,220,18,409,6,6,6,6,6,NA,NA,NA,NA,2011-03-18 04:52:00,0
2011-03-18 06:00:00,WIND,600702,1,HCM,1,18974,1011,210,13,210,21,459,6,6,6,6,6,NA,NA,NA,NA,2011-03-18 05:52:00,0
2011-03-18 07:00:00,WIND,600702,1,HCM,1,18974,1011,210,15,210,23,639,6,6,6,6,6,NA,NA,NA,NA,2011-03-18 06:52:00,0
2011-03-18 08:00:00,WIND,600702,1,HCM,1,18974,1011,200,18,200,26,707,6,6,6,6,6,NA,NA,NA,NA,2011-03-18 07:52:00,0
2011-03-18 09:00:00,WIND,600702,1,HCM,1,18974,1011,210,19,200,29,835,6,6,6,6,6,NA,NA,NA,NA,2011-03-18 08:53:00,0
2011-03-18 10:00:00,WIND,600702,1,HCM,1,18974,1011,220,21,210,35,913,6,6,6,6,6,NA,NA,NA,NA,2011-03-18 09:52:00,0
2011-03-18 11:00:00,WIND,600702,1,HCM,1,18974,1011,230,21,230,33,1021,6,6,6,6,6,NA,NA,NA,NA,2011-03-18 10:52:00,0
2011-03-18 12:00:00,WIND,600702,1,HCM,1,18974,1011,230,20,230,29,1104,6,6,6,6,6,NA,NA,NA,NA,2011-03-18 11:52:00,0
2011-03-18 13:00:00,WIND,600702,1,HCM,1,18974,1011,230,17,230,25,1216,6,6,6,6,6,NA,NA,NA,NA,2011-03-18 12:52:00,0
2011-03-18 14:00:00,WIND,600702,1,HCM,1,18974,1011,250,13,270,28,1253,6,6,6,6,6,NA,NA,NA,NA,2011-03-18 13:52:00,0
2011-03-18 15:00:00,WIND,600702,1,HCM,1,18974,1011,280,15,270,22,1425,6,6,6,6,6,NA,NA,NA,NA,2011-03-18 14:52:00,0
2011-03-18 16:00:00,WIND,600702,1,HCM,1,18974,1011,290,15,280,21,1540,6,6,6,6,6,NA,NA,NA,NA,2011-03-18 15:52:00,0
2011-03-18 17:00:00,WIND,600702,1,HCM,1,18974,1011,280,12,270,19,1605,6,6,6,6,6,NA,NA,NA,NA,2011-03-18 16:52:00,0
2011-03-18 18:00:00,WIND,600702,1,HCM,1,18974,1011,280,7,300,11,1708,6,6,6,6,6,NA,NA,NA,NA,2011-03-18 17:52:00,0
2011-03-18 19:00:00,WIND,600702,1,HCM,1,18974,1011,280,8,300,25,1841,6,6,6,6,6,NA,NA,NA,NA,2011-03-18 18:52:00,0
2011-03-18 20:00:00,WIND,600702,1,HCM,1,18974,1011,300,5,310,11,1855,6,6,6,6,6,NA,NA,NA,NA,2011-03-18 19:52:00,0
2011-03-18 21:00:00,WIND,600702,1,HCM,1,18974,1011,250,4,290,5,1957,6,6,6,6,6,NA,NA,NA,NA,2011-03-18 20:53:00,0
2011-03-18 22:00:00,WIND,600702,1,HCM,1,18974,1011,280,6,280,14,2118,6,6,6,6,6,NA,NA,NA,NA,2011-03-18 21:52:00,0
2011-03-18 23:00:00,WIND,600702,1,HCM,1,18974,1011,330,4,330,10,2159,6,6,6,6,6,NA,NA,NA,NA,2011-03-18 22:52:00,0
2011-03-19 00:00:00,WIND,600702,1,HCM,1,18974,1011,240,3,200,4,2336,6,6,6,6,6,NA,NA,NA,NA,2011-03-18 23:52:00,0
2011-03-19 01:00:00,WIND,600702,1,HCM,1,18974,1011,200,5,230,15,31,6,6,6,6,6,NA,NA,NA,NA,2011-03-19 00:52:00,0
2011-03-19 02:00:00,WIND,600702,1,HCM,1,18974,1011,200,5,220,7,103,6,6,6,6,6,NA,NA,NA,NA,2011-03-19 01:52:00,0
2011-03-19 03:00:00,WIND,600702,1,HCM,1,18974,1011,210,6,220,9,235,6,6,6,6,6,NA,NA,NA,NA,2011-03-19 02:52:00,0
2011-03-19 04:00:00,WIND,600702,1,HCM,1,18974,1011,220,7,210,11,340,6,6,6,6,6,NA,NA,NA,NA,2011-03-19 03:52:00,0
2011-03-19 05:00:00,WIND,600702,1,HCM,1,18974,1011,210,11,220,17,419,6,6,6,6,6,NA,NA,NA,NA,2011-03-19 04:52:00,0
2011-03-19 06:00:00,WIND,600702,1,HCM,1,18974,1011,210,11,210,16,528,6,6,6,6,6,NA,NA,NA,NA,2011-03-19 05:52:00,0
2011-03-19 07:00:00,WIND,600702,1,HCM,1,18974,1011,210,13,210,20,619,6,6,6,6,6,NA,NA,NA,NA,2011-03-19 06:52:00,0
2011-03-19 08:00:00,WIND,600702,1,HCM,1,18974,1011,210,14,210,22,733,6,6,6,6,6,NA,NA,NA,NA,2011-03-19 07:52:00,0
2011-03-19 09:00:00,WIND,600702,1,HCM,1,18974,1011,210,15,210,22,752,6,6,6,6,6,NA,NA,NA,NA,2011-03-19 08:53:00,0
2011-03-19 10:00:00,WIND,600702,1,HCM,1,18974,1011,210,15,230,24,929,6,6,6,6,6,NA,NA,NA,NA,2011-03-19 09:52:00,0
2011-03-19 11:00:00,WIND,600702,1,HCM,1,18974,1011,210,18,210,25,1021,6,6,6,6,6,NA,NA,NA,NA,2011-03-19 10:52:00,0
2011-03-19 12:00:00,WIND,600702,1,HCM,1,18974,1011,210,18,200,26,1054,6,6,6,6,6,NA,NA,NA,NA,2011-03-19 11:52:00,0
2011-03-19 13:00:00,WIND,600702,1,HCM,1,18974,1011,210,18,210,25,1245,6,6,6,6,6,NA,NA,NA,NA,2011-03-19 12:52:00,0
2011-03-19 14:00:00,WIND,600702,1,HCM,1,18974,1011,210,18,200,25,1333,6,6,6,6,6,NA,NA,NA,NA,2011-03-19 13:52:00,0
2011-03-19 15:00:00,WIND,600702,1,HCM,1,18974,1011,200,17,190,25,1448,6,6,6,6,6,NA,NA,NA,NA,2011-03-19 14:52:00,0
2011-03-19 16:00:00,WIND,600702,1,HCM,1,18974,1011,200,18,190,25,1456,6,6,6,6,6,NA,NA,NA,NA,2011-03-19 15:52:00,0
2011-03-19 17:00:00,WIND,600702,1,HCM,1,18974,1011,210,15,200,24,1552,6,6,6,6,6,NA,NA,NA,NA,2011-03-19 16:52:00,0
2011-03-19 18:00:00,WIND,600702,1,HCM,1,18974,1011,200,11,210,17,1652,6,6,6,6,6,NA,NA,NA,NA,2011-03-19 17:52:00,0
2011-03-19 19:00:00,WIND,600702,1,HCM,1,18974,1011,200,11,200,15,1759,6,6,6,6,6,NA,NA,NA,NA,2011-03-19 18:52:00,0
2011-03-19 20:00:00,WIND,600702,1,HCM,1,18974,1011,200,10,200,16,1927,6,6,6,6,6,NA,NA,NA,NA,2011-03-19 19:52:00,0
2011-03-19 21:00:00,WIND,600702,1,HCM,1,18974,1011,200,9,190,15,1953,6,6,6,6,6,NA,NA,NA,NA,2011-03-19 20:53:00,0
2011-03-19 22:00:00,WIND,600702,1,HCM,1,18974,1011,180,11,180,19,2145,6,6,6,6,6,NA,NA,NA,NA,2011-03-19 21:52:00,0
2011-03-19 23:00:00,WIND,600702,1,HCM,1,18974,1011,190,13,180,19,2203,6,6,6,6,6,NA,NA,NA,NA,2011-03-19 22:52:00,0
2011-03-20 00:00:00,WIND,600702,1,HCM,1,18974,1011,190,11,190,15,2349,6,6,6,6,6,NA,NA,NA,NA,2011-03-19 23:52:00,0
2011-03-20 01:00:00,WIND,600702,1,HCM,1,18974,1011,190,14,190,18,11,6,6,6,6,6,NA,NA,NA,NA,2011-03-20 00:53:00,0
2011-03-20 02:00:00,WIND,600702,1,HCM,1,18974,1011,190,16,190,23,144,6,6,6,6,6,NA,NA,NA,NA,2011-03-20 01:53:00,0
2011-03-20 03:00:00,WIND,600702,1,HCM,1,18974,1011,190,18,180,24,246,6,6,6,6,6,NA,NA,NA,NA,2011-03-20 02:52:00,0
2011-03-20 04:00:00,WIND,600702,1,HCM,1,18974,1011,180,17,180,23,306,6,6,6,6,6,NA,NA,NA,NA,2011-03-20 03:52:00,0
2011-03-20 05:00:00,WIND,600702,1,HCM,1,18974,1011,180,18,180,23,351,6,6,6,6,6,NA,NA,NA,NA,2011-03-20 04:51:00,0
2011-03-20 06:00:00,WIND,600702,1,HCM,1,18974,1011,180,17,180,23,519,6,6,6,6,6,NA,NA,NA,NA,2011-03-20 05:52:00,0
2011-03-20 07:00:00,WIND,600702,1,HCM,1,18974,1011,180,15,180,20,554,6,6,6,6,6,NA,NA,NA,NA,2011-03-20 06:52:00,0
2011-03-20 08:00:00,WIND,600702,1,HCM,1,18974,1011,190,13,190,18,704,6,6,6,6,6,NA,NA,NA,NA,2011-03-20 07:52:00,0
2011-03-20 09:00:00,WIND,600702,1,HCM,1,18974,1011,190,11,180,16,801,6,6,6,6,6,NA,NA,NA,NA,2011-03-20 08:54:00,0
2011-03-20 10:00:00,WIND,600702,1,HCM,1,18974,1011,210,11,190,15,903,6,6,6,6,6,NA,NA,NA,NA,2011-03-20 09:52:00,0
2011-03-20 11:00:00,WIND,600702,1,HCM,1,18974,1011,240,12,240,20,1015,6,6,6,6,6,NA,NA,NA,NA,2011-03-20 10:52:00,0
2011-03-20 12:00:00,WIND,600702,1,HCM,1,18974,1011,240,14,240,23,1148,6,6,6,6,6,NA,NA,NA,NA,2011-03-20 11:52:00,0
2011-03-20 13:00:00,WIND,600702,1,HCM,1,18974,1011,240,16,240,23,1200,6,6,6,6,6,NA,NA,NA,NA,2011-03-20 12:52:00,0
2011-03-20 14:00:00,WIND,600702,1,HCM,1,18974,1011,230,15,230,22,1343,6,6,6,6,6,NA,NA,NA,NA,2011-03-20 13:52:00,0
2011-03-20 15:00:00,WIND,600702,1,HCM,1,18974,1011,230,15,230,22,1439,6,6,6,6,6,NA,NA,NA,NA,2011-03-20 14:52:00,0
2011-03-20 16:00:00,WIND,600702,1,HCM,1,18974,1011,230,15,230,23,1535,6,6,6,6,6,NA,NA,NA,NA,2011-03-20 15:52:00,0
2011-03-20 17:00:00,WIND,600702,1,HCM,1,18974,1011,230,16,230,25,1621,6,6,6,6,6,NA,NA,NA,NA,2011-03-20 16:52:00,0
2011-03-20 18:00:00,WIND,600702,1,HCM,1,18974,1011,230,17,230,25,1739,6,6,6,6,6,NA,NA,NA,NA,2011-03-20 17:52:00,0
2011-03-20 19:00:00,WIND,600702,1,HCM,1,18974,1011,230,18,230,25,1813,6,6,6,6,6,NA,NA,NA,NA,2011-03-20 18:52:00,0
2011-03-20 20:00:00,WIND,600702,1,HCM,1,18974,1011,230,19,240,29,1935,6,6,6,6,6,NA,NA,NA,NA,2011-03-20 19:52:00,0
2011-03-20 21:00:00,WIND,600702,1,HCM,1,18974,1011,230,18,230,28,2000,6,6,6,6,6,NA,NA,NA,NA,2011-03-20 20:53:00,0
2011-03-20 22:00:00,WIND,600702,1,HCM,1,18974,1011,230,17,240,25,2126,6,6,6,6,6,NA,NA,NA,NA,2011-03-20 21:52:00,0
2011-03-20 23:00:00,WIND,600702,1,HCM,1,18974,1011,220,18,230,26,2157,6,6,6,6,6,NA,NA,NA,NA,2011-03-20 22:52:00,0
2011-03-21 00:00:00,WIND,600702,1,HCM,1,18974,1011,220,18,220,26,2310,6,6,6,6,6,NA,NA,NA,NA,2011-03-20 23:52:00,0
2011-03-21 01:00:00,WIND,600702,1,HCM,1,18974,1011,220,17,220,25,41,6,6,6,6,6,NA,NA,NA,NA,2011-03-21 00:52:00,0
2011-03-21 02:00:00,WIND,600702,1,HCM,1,18974,1011,220,18,220,26,117,6,6,6,6,6,NA,NA,NA,NA,2011-03-21 01:52:00,0
2011-03-21 03:00:00,WIND,600702,1,HCM,1,18974,1011,220,16,230,24,152,6,6,6,6,6,NA,NA,NA,NA,2011-03-21 02:52:00,0
2011-03-21 04:00:00,WIND,600702,1,HCM,1,18974,1011,220,16,220,24,252,6,6,6,6,6,NA,NA,NA,NA,2011-03-21 03:52:00,0
2011-03-21 05:00:00,WIND,600702,1,HCM,1,18974,1011,220,15,230,22,432,6,6,6,6,6,NA,NA,NA,NA,2011-03-21 04:52:00,0
2011-03-21 06:00:00,WIND,600702,1,HCM,1,18974,1011,220,15,230,22,526,6,6,6,6,6,NA,NA,NA,NA,2011-03-21 05:52:00,0
2011-03-21 07:00:00,WIND,600702,1,HCM,1,18974,1011,220,16,220,23,629,6,6,6,6,6,NA,NA,NA,NA,2011-03-21 06:52:00,0
2011-03-21 08:00:00,WIND,600702,1,HCM,1,18974,1011,220,17,230,26,746,6,6,6,6,6,NA,NA,NA,NA,2011-03-21 07:52:00,0
2011-03-21 09:00:00,WIND,600702,1,HCM,1,18974,1011,230,20,230,30,814,6,6,6,6,6,NA,NA,NA,NA,2011-03-21 08:53:00,0
2011-03-21 10:00:00,WIND,600702,1,HCM,1,18974,1011,220,19,230,28,940,6,6,6,6,6,NA,NA,NA,NA,2011-03-21 09:52:00,0
2011-03-21 11:00:00,WIND,600702,1,HCM,1,18974,1011,230,20,230,28,1043,6,6,6,6,6,NA,NA,NA,NA,2011-03-21 10:52:00,0
2011-03-21 12:00:00,WIND,600702,1,HCM,1,18974,1011,230,18,230,27,1136,6,6,6,6,6,NA,NA,NA,NA,2011-03-21 11:52:00,0
2011-03-21 13:00:00,WIND,600702,1,HCM,1,18974,1011,230,19,230,25,1159,6,6,6,6,6,NA,NA,NA,NA,2011-03-21 12:52:00,0
2011-03-21 14:00:00,WIND,600702,1,HCM,1,18974,1011,230,19,230,27,1330,6,6,6,6,6,NA,NA,NA,NA,2011-03-21 13:52:00,0
2011-03-21 15:00:00,WIND,600702,1,HCM,1,18974,1011,220,19,230,28,1351,6,6,6,6,6,NA,NA,NA,NA,2011-03-21 14:52:00,0
2011-03-21 16:00:00,WIND,600702,1,HCM,1,18974,1011,220,18,220,27,1527,6,6,6,6,6,NA,NA,NA,NA,2011-03-21 15:52:00,0
2011-03-21 17:00:00,WIND,600702,1,HCM,1,18974,1011,220,18,220,26,1602,6,6,6,6,6,NA,NA,NA,NA,2011-03-21 16:52:00,0
2011-03-21 18:00:00,WIND,600702,1,HCM,1,18974,1011,230,17,230,25,1650,6,6,6,6,6,NA,NA,NA,NA,2011-03-21 17:52:00,0
2011-03-21 19:00:00,WIND,600702,1,HCM,1,18974,1011,230,17,220,24,1808,6,6,6,6,6,NA,NA,NA,NA,2011-03-21 18:52:00,0
2011-03-21 20:00:00,WIND,600702,1,HCM,1,18974,1011,230,17,230,25,1904,6,6,6,6,6,NA,NA,NA,NA,2011-03-21 19:52:00,0
2011-03-21 21:00:00,WIND,600702,1,HCM,1,18974,1011,230,17,230,24,2049,6,6,6,6,6,NA,NA,NA,NA,2011-03-21 20:54:00,0
2011-03-21 22:00:00,WIND,600702,1,HCM,1,18974,1011,230,17,230,24,2106,6,6,6,6,6,NA,NA,NA,NA,2011-03-21 21:52:00,0
2011-03-21 23:00:00,WIND,600702,1,HCM,1,18974,1011,230,17,230,24,2224,6,6,6,6,6,NA,NA,NA,NA,2011-03-21 22:52:00,0
2011-03-22 00:00:00,WIND,600702,1,HCM,1,18974,1011,230,17,230,25,2325,6,6,6,6,6,NA,NA,NA,NA,2011-03-21 23:52:00,0
2011-03-22 01:00:00,WIND,600702,1,HCM,1,18974,1011,230,18,230,24,38,6,6,6,6,6,NA,NA,NA,NA,2011-03-22 00:52:00,0
2011-03-22 02:00:00,WIND,600702,1,HCM,1,18974,1011,230,17,240,24,110,6,6,6,6,6,NA,NA,NA,NA,2011-03-22 01:52:00,0
2011-03-22 03:00:00,WIND,600702,1,HCM,1,18974,1011,240,18,230,25,226,6,6,6,6,6,NA,NA,NA,NA,2011-03-22 02:52:00,0
2011-03-22 04:00:00,WIND,600702,1,HCM,1,18974,1011,240,17,250,22,320,6,6,6,6,6,NA,NA,NA,NA,2011-03-22 03:52:00,0
2011-03-22 05:00:00,WIND,600702,1,HCM,1,18974,1011,250,17,240,24,436,6,6,6,6,6,NA,NA,NA,NA,2011-03-22 04:52:00,0
2011-03-22 06:00:00,WIND,600702,1,HCM,1,18974,1011,250,15,250,21,509,6,6,6,6,6,NA,NA,NA,NA,2011-03-22 05:52:00,0
2011-03-22 07:00:00,WIND,600702,1,HCM,1,18974,1011,270,12,250,18,554,6,6,6,6,6,NA,NA,NA,NA,2011-03-22 06:52:00,0
2011-03-22 08:00:00,WIND,600702,1,HCM,1,18974,1011,310,11,300,17,650,6,6,6,6,6,NA,NA,NA,NA,2011-03-22 07:52:00,0
2011-03-22 09:00:00,WIND,600702,1,HCM,1,18974,1011,320,7,330,13,752,6,6,6,6,6,NA,NA,NA,NA,2011-03-22 08:56:00,0
2011-03-22 10:00:00,WIND,600702,1,HCM,1,18974,1011,310,7,320,11,934,6,6,6,6,6,NA,NA,NA,NA,2011-03-22 09:52:00,0
2011-03-22 11:00:00,WIND,600702,1,HCM,1,18974,1011,340,7,330,11,950,6,6,6,6,6,NA,NA,NA,NA,2011-03-22 10:52:00,0
2011-03-22 12:00:00,WIND,600702,1,HCM,1,18974,1011,350,6,360,10,1111,6,6,6,6,6,NA,NA,NA,NA,2011-03-22 11:52:00,0
2011-03-22 13:00:00,WIND,600702,1,HCM,1,18974,1011,320,6,320,9,1233,6,6,6,6,6,NA,NA,NA,NA,2011-03-22 12:53:00,0
2011-03-22 14:00:00,WIND,600702,1,HCM,1,18974,1011,320,5,310,9,1346,6,6,6,6,6,NA,NA,NA,NA,2011-03-22 13:51:00,0
2011-03-22 15:00:00,WIND,600702,1,HCM,1,18974,1011,320,5,320,9,1351,6,6,6,6,6,NA,NA,NA,NA,2011-03-22 14:52:00,0
2011-03-22 16:00:00,WIND,600702,1,HCM,1,18974,1011,260,4,290,8,1504,6,6,6,6,6,NA,NA,NA,NA,2011-03-22 15:52:00,0
2011-03-22 17:00:00,WIND,600702,1,HCM,1,18974,1011,240,4,240,7,1632,6,6,6,6,6,NA,NA,NA,NA,2011-03-22 16:52:00,0
2011-03-22 18:00:00,WIND,600702,1,HCM,1,18974,1011,240,5,240,7,1714,6,6,6,6,6,NA,NA,NA,NA,2011-03-22 17:52:00,0
2011-03-22 19:00:00,WIND,600702,1,HCM,1,18974,1011,220,3,240,5,1845,6,6,6,6,6,NA,NA,NA,NA,2011-03-22 18:51:00,0
2011-03-22 20:00:00,WIND,600702,1,HCM,1,18974,1011,190,4,180,7,1948,6,6,6,6,6,NA,NA,NA,NA,2011-03-22 19:52:00,0
2011-03-22 21:00:00,WIND,600702,1,HCM,1,18974,1011,180,5,170,7,2012,6,6,6,6,6,NA,NA,NA,NA,2011-03-22 20:54:00,0
2011-03-22 22:00:00,WIND,600702,1,HCM,1,18974,1011,180,7,180,11,2126,6,6,6,6,6,NA,NA,NA,NA,2011-03-22 21:52:00,0
2011-03-22 23:00:00,WIND,600702,1,HCM,1,18974,1011,190,8,180,10,2150,6,6,6,6,6,NA,NA,NA,NA,2011-03-22 22:52:00,0
2011-03-23 00:00:00,WIND,600702,1,HCM,1,18974,1011,200,8,220,12,2320,6,6,6,6,6,NA,NA,NA,NA,2011-03-22 23:52:00,0
2011-03-23 01:00:00,WIND,600702,1,HCM,1,18974,1011,200,8,190,12,26,6,6,6,6,6,NA,NA,NA,NA,2011-03-23 00:52:00,0
2011-03-23 02:00:00,WIND,600702,1,HCM,1,18974,1011,200,8,200,12,128,6,6,6,6,6,NA,NA,NA,NA,2011-03-23 01:52:00,0
2011-03-23 03:00:00,WIND,600702,1,HCM,1,18974,1011,190,7,200,11,246,6,6,6,6,6,NA,NA,NA,NA,2011-03-23 02:52:00,0
2011-03-23 04:00:00,WIND,600702,1,HCM,1,18974,1011,200,8,200,12,348,6,6,6,6,6,NA,NA,NA,NA,2011-03-23 03:52:00,0
2011-03-23 05:00:00,WIND,600702,1,HCM,1,18974,1011,200,9,200,13,432,6,6,6,6,6,NA,NA,NA,NA,2011-03-23 04:52:00,0
2011-03-23 06:00:00,WIND,600702,1,HCM,1,18974,1011,200,9,210,12,525,6,6,6,6,6,NA,NA,NA,NA,2011-03-23 05:52:00,0
2011-03-23 07:00:00,WIND,600702,1,HCM,1,18974,1011,200,8,200,13,557,6,6,6,6,6,NA,NA,NA,NA,2011-03-23 06:52:00,0
2011-03-23 08:00:00,WIND,600702,1,HCM,1,18974,1011,190,7,200,11,711,6,6,6,6,6,NA,NA,NA,NA,2011-03-23 07:51:00,0
2011-03-23 09:00:00,WIND,600702,1,HCM,1,18974,1011,200,8,210,12,838,6,6,6,6,6,NA,NA,NA,NA,2011-03-23 08:55:00,0
2011-03-23 10:00:00,WIND,600702,1,HCM,1,18974,1011,210,7,200,11,859,6,6,6,6,6,NA,NA,NA,NA,2011-03-23 09:52:00,0
2011-03-23 11:00:00,WIND,600702,1,HCM,1,18974,1011,220,8,230,12,1035,6,6,6,6,6,NA,NA,NA,NA,2011-03-23 10:52:00,0
2011-03-23 12:00:00,WIND,600702,1,HCM,1,18974,1011,220,8,230,11,1053,6,6,6,6,6,NA,NA,NA,NA,2011-03-23 11:52:00,0
2011-03-23 13:00:00,WIND,600702,1,HCM,1,18974,1011,200,9,230,13,1238,6,6,6,6,6,NA,NA,NA,NA,2011-03-23 12:52:00,0
2011-03-23 14:00:00,WIND,600702,1,HCM,1,18974,1011,240,10,230,14,1257,6,6,6,6,6,NA,NA,NA,NA,2011-03-23 13:52:00,0
2011-03-23 15:00:00,WIND,600702,1,HCM,1,18974,1011,250,9,230,13,1426,6,6,6,6,6,NA,NA,NA,NA,2011-03-23 14:51:00,0
2011-03-23 16:00:00,WIND,600702,1,HCM,1,18974,1011,250,9,230,13,1511,6,6,6,6,6,NA,NA,NA,NA,2011-03-23 15:52:00,0
2011-03-23 17:00:00,WIND,600702,1,HCM,1,18974,1011,280,10,270,13,1610,6,6,6,6,6,NA,NA,NA,NA,2011-03-23 16:52:00,0
2011-03-23 18:00:00,WIND,600702,1,HCM,1,18974,1011,290,9,300,15,1655,6,6,6,6,6,NA,NA,NA,NA,2011-03-23 17:52:00,0
2011-03-23 19:00:00,WIND,600702,1,HCM,1,18974,1011,270,7,280,10,1845,6,6,6,6,6,NA,NA,NA,NA,2011-03-23 18:52:00,0
2011-03-23 20:00:00,WIND,600702,1,HCM,1,18974,1011,270,6,270,11,1900,6,6,6,6,6,NA,NA,NA,NA,2011-03-23 19:52:00,0
2011-03-23 21:00:00,WIND,600702,1,HCM,1,18974,1011,260,4,270,8,1950,6,6,6,6,6,NA,NA,NA,NA,2011-03-23 20:54:00,0
2011-03-23 22:00:00,WIND,600702,1,HCM,1,18974,1011,230,5,250,7,2101,6,6,6,6,6,NA,NA,NA,NA,2011-03-23 21:52:00,0
2011-03-23 23:00:00,WIND,600702,1,HCM,1,18974,1011,220,2,210,5,2223,6,6,6,6,6,NA,NA,NA,NA,2011-03-23 22:52:00,0
2011-03-24 00:00:00,WIND,600702,1,HCM,1,18974,1011,200,4,180,7,2334,6,6,6,6,6,NA,NA,NA,NA,2011-03-23 23:52:00,0
2011-03-24 01:00:00,WIND,600702,1,HCM,1,18974,1011,200,6,210,9,29,6,6,6,6,6,NA,NA,NA,NA,2011-03-24 00:52:00,0
2011-03-24 02:00:00,WIND,600702,1,HCM,1,18974,1011,220,5,230,9,126,6,6,6,6,6,NA,NA,NA,NA,2011-03-24 01:52:00,0
2011-03-24 03:00:00,WIND,600702,1,HCM,1,18974,1011,230,5,250,9,210,6,6,6,6,6,NA,NA,NA,NA,2011-03-24 02:52:00,0
2011-03-24 04:00:00,WIND,600702,1,HCM,1,18974,1011,230,5,220,8,309,6,6,6,6,6,NA,NA,NA,NA,2011-03-24 03:52:00,0
2011-03-24 05:00:00,WIND,600702,1,HCM,1,18974,1011,210,5,200,8,447,6,6,6,6,6,NA,NA,NA,NA,2011-03-24 04:52:00,0
2011-03-24 06:00:00,WIND,600702,1,HCM,1,18974,1011,210,5,230,8,530,6,6,6,6,6,NA,NA,NA,NA,2011-03-24 05:52:00,0
2011-03-24 07:00:00,WIND,600702,1,HCM,1,18974,1011,220,5,240,9,635,6,6,6,6,6,NA,NA,NA,NA,2011-03-24 06:52:00,0
2011-03-24 08:00:00,WIND,600702,1,HCM,1,18974,1011,210,5,250,9,657,6,6,6,6,6,NA,NA,NA,NA,2011-03-24 07:52:00,0
2011-03-24 09:00:00,WIND,600702,1,HCM,1,18974,1011,170,6,180,8,846,6,6,6,6,6,NA,NA,NA,NA,2011-03-24 08:54:00,0
2011-03-24 10:00:00,WIND,600702,1,HCM,1,18974,1011,190,7,180,8,947,6,6,6,6,6,NA,NA,NA,NA,2011-03-24 09:52:00,0
2011-03-24 11:00:00,WIND,600702,1,HCM,1,18974,1011,190,7,180,9,1031,6,6,6,6,6,NA,NA,NA,NA,2011-03-24 10:52:00,0
2011-03-24 12:00:00,WIND,600702,1,HCM,1,18974,1011,210,5,180,9,1115,6,6,6,6,6,NA,NA,NA,NA,2011-03-24 11:52:00,0
2011-03-24 13:00:00,WIND,600702,1,HCM,1,18974,1011,220,5,190,10,1246,6,6,6,6,6,NA,NA,NA,NA,2011-03-24 12:52:00,0
2011-03-24 14:00:00,WIND,600702,1,HCM,1,18974,1011,200,7,180,11,1307,6,6,6,6,6,NA,NA,NA,NA,2011-03-24 13:52:00,0
2011-03-24 15:00:00,WIND,600702,1,HCM,1,18974,1011,280,6,280,9,1404,6,6,6,6,6,NA,NA,NA,NA,2011-03-24 14:52:00,0
2011-03-24 16:00:00,WIND,600702,1,HCM,1,18974,1011,320,4,320,7,1547,6,6,6,6,6,NA,NA,NA,NA,2011-03-24 15:52:00,0
2011-03-24 17:00:00,WIND,600702,1,HCM,1,18974,1011,340,5,330,8,1554,6,6,6,6,6,NA,NA,NA,NA,2011-03-24 16:52:00,0
2011-03-24 18:00:00,WIND,600702,1,HCM,1,18974,1011,310,4,320,7,1732,6,6,6,6,6,NA,NA,NA,NA,2011-03-24 17:52:00,0
2011-03-24 19:00:00,WIND,600702,1,HCM,1,18974,1011,300,4,310,8,1845,6,6,6,6,6,NA,NA,NA,NA,2011-03-24 18:52:00,0
2011-03-24 20:00:00,WIND,600702,1,HCM,1,18974,1011,310,6,310,9,1929,6,6,6,6,6,NA,NA,NA,NA,2011-03-24 19:52:00,0
2011-03-24 21:00:00,WIND,600702,1,HCM,1,18974,1011,300,4,300,8,1952,6,6,6,6,6,NA,NA,NA,NA,2011-03-24 20:54:00,0
2011-03-24 22:00:00,WIND,600702,1,HCM,1,18974,1011,290,6,300,8,2126,6,6,6,6,6,NA,NA,NA,NA,2011-03-24 21:52:00,0
2011-03-24 23:00:00,WIND,600702,1,HCM,1,18974,1011,310,7,310,11,2241,6,6,6,6,6,NA,NA,NA,NA,2011-03-24 22:52:00,0
2011-03-25 00:00:00,WIND,600702,1,HCM,1,18974,1011,280,6,290,9,2251,6,6,6,6,6,NA,NA,NA,NA,2011-03-24 23:52:00,0
2011-03-25 01:00:00,WIND,600702,1,HCM,1,18974,1011,290,5,300,9,38,6,6,6,6,6,NA,NA,NA,NA,2011-03-25 00:52:00,0
2011-03-25 02:00:00,WIND,600702,1,HCM,1,18974,1011,300,6,290,9,124,6,6,6,6,6,NA,NA,NA,NA,2011-03-25 01:52:00,0
2011-03-25 03:00:00,WIND,600702,1,HCM,1,18974,1011,300,7,320,11,240,6,6,6,6,6,NA,NA,NA,NA,2011-03-25 02:52:00,0
2011-03-25 04:00:00,WIND,600702,1,HCM,1,18974,1011,320,8,320,12,303,6,6,6,6,6,NA,NA,NA,NA,2011-03-25 03:52:00,0
2011-03-25 05:00:00,WIND,600702,1,HCM,1,18974,1011,330,6,320,9,351,6,6,6,6,6,NA,NA,NA,NA,2011-03-25 04:52:00,0
2011-03-25 06:00:00,WIND,600702,1,HCM,1,18974,1011,330,7,330,10,528,6,6,6,6,6,NA,NA,NA,NA,2011-03-25 05:52:00,0
2011-03-25 07:00:00,WIND,600702,1,HCM,1,18974,1011,350,7,350,10,617,6,6,6,6,6,NA,NA,NA,NA,2011-03-25 06:52:00,0
2011-03-25 08:00:00,WIND,600702,1,HCM,1,18974,1011,360,8,360,12,731,6,6,6,6,6,NA,NA,NA,NA,2011-03-25 07:52:00,0
2011-03-25 09:00:00,WIND,600702,1,HCM,1,18974,1011,10,8,10,11,802,6,6,6,6,6,NA,NA,NA,NA,2011-03-25 08:54:00,0
2011-03-25 10:00:00,WIND,600702,1,HCM,1,18974,1011,10,7,10,10,907,6,6,6,6,6,NA,NA,NA,NA,2011-03-25 09:52:00,0
2011-03-25 11:00:00,WIND,600702,1,HCM,1,18974,1011,360,7,10,11,1020,6,6,6,6,6,NA,NA,NA,NA,2011-03-25 10:52:00,0
2011-03-25 12:00:00,WIND,600702,1,HCM,1,18974,1011,360,9,350,14,1122,6,6,6,6,6,NA,NA,NA,NA,2011-03-25 11:52:00,0
2011-03-25 13:00:00,WIND,600702,1,HCM,1,18974,1011,10,8,350,12,1249,6,6,6,6,6,NA,NA,NA,NA,2011-03-25 12:51:00,0
2011-03-25 14:00:00,WIND,600702,1,HCM,1,18974,1011,340,11,340,16,1309,6,6,6,6,6,NA,NA,NA,NA,2011-03-25 13:52:00,0
2011-03-25 15:00:00,WIND,600702,1,HCM,1,18974,1011,340,11,350,15,1423,6,6,6,6,6,NA,NA,NA,NA,2011-03-25 14:52:00,0
2011-03-25 16:00:00,WIND,600702,1,HCM,1,18974,1011,340,11,340,15,1519,6,6,6,6,6,NA,NA,NA,NA,2011-03-25 15:52:00,0
2011-03-25 17:00:00,WIND,600702,1,HCM,1,18974,1011,350,10,340,15,1550,6,6,6,6,6,NA,NA,NA,NA,2011-03-25 16:52:00,0
2011-03-25 18:00:00,WIND,600702,1,HCM,1,18974,1011,350,9,340,12,1738,6,6,6,6,6,NA,NA,NA,NA,2011-03-25 17:52:00,0
2011-03-25 19:00:00,WIND,600702,1,HCM,1,18974,1011,340,7,340,10,1756,6,6,6,6,6,NA,NA,NA,NA,2011-03-25 18:52:00,0
2011-03-25 20:00:00,WIND,600702,1,HCM,1,18974,1011,360,8,350,13,1907,6,6,6,6,6,NA,NA,NA,NA,2011-03-25 19:52:00,0
2011-03-25 21:00:00,WIND,600702,1,HCM,1,18974,1011,10,8,360,11,1959,6,6,6,6,6,NA,NA,NA,NA,2011-03-25 20:55:00,0
2011-03-25 22:00:00,WIND,600702,1,HCM,1,18974,1011,10,10,10,13,2105,6,6,6,6,6,NA,NA,NA,NA,2011-03-25 21:52:00,0
2011-03-25 23:00:00,WIND,600702,1,HCM,1,18974,1011,360,8,10,11,2224,6,6,6,6,6,NA,NA,NA,NA,2011-03-25 22:52:00,0
2011-03-26 00:00:00,WIND,600702,1,HCM,1,18974,1011,350,6,350,8,2303,6,6,6,6,6,NA,NA,NA,NA,2011-03-25 23:52:00,0
2011-03-26 01:00:00,WIND,600702,1,HCM,1,18974,1011,350,7,350,9,2355,6,6,6,6,6,NA,NA,NA,NA,2011-03-26 00:53:00,0
2011-03-26 02:00:00,WIND,600702,1,HCM,1,18974,1011,350,5,340,7,127,6,6,6,6,6,NA,NA,NA,NA,2011-03-26 01:52:00,0
2011-03-26 03:00:00,WIND,600702,1,HCM,1,18974,1011,320,6,310,8,245,6,6,6,6,6,NA,NA,NA,NA,2011-03-26 02:52:00,0
2011-03-26 04:00:00,WIND,600702,1,HCM,1,18974,1011,310,7,310,8,324,6,6,6,6,6,NA,NA,NA,NA,2011-03-26 03:53:00,0
2011-03-26 05:00:00,WIND,600702,1,HCM,1,18974,1011,290,6,290,7,419,6,6,6,6,6,NA,NA,NA,NA,2011-03-26 04:52:00,0
2011-03-26 06:00:00,WIND,600702,1,HCM,1,18974,1011,300,6,300,7,455,6,6,6,6,6,NA,NA,NA,NA,2011-03-26 05:52:00,0
2011-03-26 07:00:00,WIND,600702,1,HCM,1,18974,1011,300,6,310,8,636,6,6,6,6,6,NA,NA,NA,NA,2011-03-26 06:52:00,0
2011-03-26 08:00:00,WIND,600702,1,HCM,1,18974,1011,310,5,320,7,715,6,6,6,6,6,NA,NA,NA,NA,2011-03-26 07:52:00,0
2011-03-26 09:00:00,WIND,600702,1,HCM,1,18974,1011,310,5,300,7,813,6,6,6,6,6,NA,NA,NA,NA,2011-03-26 08:54:00,0
2011-03-26 10:00:00,WIND,600702,1,HCM,1,18974,1011,320,6,310,9,941,6,6,6,6,6,NA,NA,NA,NA,2011-03-26 09:52:00,0
2011-03-26 11:00:00,WIND,600702,1,HCM,1,18974,1011,330,6,310,10,957,6,6,6,6,6,NA,NA,NA,NA,2011-03-26 10:52:00,0
2011-03-26 12:00:00,WIND,600702,1,HCM,1,18974,1011,350,6,10,9,1129,6,6,6,6,6,NA,NA,NA,NA,2011-03-26 11:52:00,0
2011-03-26 13:00:00,WIND,600702,1,HCM,1,18974,1011,360,6,310,10,1246,6,6,6,6,6,NA,NA,NA,NA,2011-03-26 12:52:00,0
2011-03-26 14:00:00,WIND,600702,1,HCM,1,18974,1011,310,7,310,11,1339,6,6,6,6,6,NA,NA,NA,NA,2011-03-26 13:52:00,0
2011-03-26 15:00:00,WIND,600702,1,HCM,1,18974,1011,320,7,310,11,1356,6,6,6,6,6,NA,NA,NA,NA,2011-03-26 14:52:00,0
2011-03-26 16:00:00,WIND,600702,1,HCM,1,18974,1011,320,7,310,11,1522,6,6,6,6,6,NA,NA,NA,NA,2011-03-26 15:52:00,0
2011-03-26 17:00:00,WIND,600702,1,HCM,1,18974,1011,310,7,310,13,1604,6,6,6,6,6,NA,NA,NA,NA,2011-03-26 16:52:00,0
2011-03-26 18:00:00,WIND,600702,1,HCM,1,18974,1011,320,6,340,13,1704,6,6,6,6,6,NA,NA,NA,NA,2011-03-26 17:52:00,0
2011-03-26 19:00:00,WIND,600702,1,HCM,1,18974,1011,310,5,290,7,1849,6,6,6,6,6,NA,NA,NA,NA,2011-03-26 18:52:00,0
2011-03-26 20:00:00,WIND,600702,1,HCM,1,18974,1011,290,4,290,6,1854,6,6,6,6,6,NA,NA,NA,NA,2011-03-26 19:52:00,0
2011-03-26 21:00:00,WIND,600702,1,HCM,1,18974,1011,290,4,250,5,2023,6,6,6,6,6,NA,NA,NA,NA,2011-03-26 20:54:00,0
2011-03-26 22:00:00,WIND,600702,1,HCM,1,18974,1011,270,3,280,6,2147,6,6,6,6,6,NA,NA,NA,NA,2011-03-26 21:52:00,0
2011-03-26 23:00:00,WIND,600702,1,HCM,1,18974,1011,10,2,290,7,2150,6,6,6,6,6,NA,NA,NA,NA,2011-03-26 22:51:00,0
2011-03-27 00:00:00,WIND,600702,1,HCM,1,18974,1011,250,3,250,4,2256,6,6,6,6,6,NA,NA,NA,NA,2011-03-26 23:52:00,0
2011-03-27 01:00:00,WIND,600702,1,HCM,1,18974,1011,270,4,290,7,28,6,6,6,6,6,NA,NA,NA,NA,2011-03-27 00:52:00,0
2011-03-27 02:00:00,WIND,600702,1,HCM,1,18974,1011,280,3,270,5,137,6,6,6,6,6,NA,NA,NA,NA,2011-03-27 01:52:00,0
2011-03-27 03:00:00,WIND,600702,1,HCM,1,18974,1011,270,5,280,7,235,6,6,6,6,6,NA,NA,NA,NA,2011-03-27 02:52:00,0
2011-03-27 04:00:00,WIND,600702,1,HCM,1,18974,1011,290,4,330,6,344,6,6,6,6,6,NA,NA,NA,NA,2011-03-27 03:52:00,0
2011-03-27 05:00:00,WIND,600702,1,HCM,1,18974,1011,290,5,310,8,427,6,6,6,6,6,NA,NA,NA,NA,2011-03-27 04:51:00,0
2011-03-27 06:00:00,WIND,600702,1,HCM,1,18974,1011,320,6,360,13,548,6,6,6,6,6,NA,NA,NA,NA,2011-03-27 05:52:00,0
2011-03-27 07:00:00,WIND,600702,1,HCM,1,18974,1011,10,9,360,15,555,6,6,6,6,6,NA,NA,NA,NA,2011-03-27 06:52:00,0
2011-03-27 08:00:00,WIND,600702,1,HCM,1,18974,1011,360,8,360,11,731,6,6,6,6,6,NA,NA,NA,NA,2011-03-27 07:52:00,0
2011-03-27 09:00:00,WIND,600702,1,HCM,1,18974,1011,350,8,350,14,816,6,6,6,6,6,NA,NA,NA,NA,2011-03-27 08:54:00,0
2011-03-27 10:00:00,WIND,600702,1,HCM,1,18974,1011,350,8,360,13,854,6,6,6,6,6,NA,NA,NA,NA,2011-03-27 09:52:00,0
2011-03-27 11:00:00,WIND,600702,1,HCM,1,18974,1011,350,7,350,10,1023,6,6,6,6,6,NA,NA,NA,NA,2011-03-27 10:52:00,0
2011-03-27 12:00:00,WIND,600702,1,HCM,1,18974,1011,320,6,320,13,1144,6,6,6,6,6,NA,NA,NA,NA,2011-03-27 11:52:00,0
2011-03-27 13:00:00,WIND,600702,1,HCM,1,18974,1011,320,9,330,13,1152,6,6,6,6,6,NA,NA,NA,NA,2011-03-27 12:52:00,0
2011-03-27 14:00:00,WIND,600702,1,HCM,1,18974,1011,320,9,310,16,1324,6,6,6,6,6,NA,NA,NA,NA,2011-03-27 13:52:00,0
2011-03-27 15:00:00,WIND,600702,1,HCM,1,18974,1011,310,10,300,15,1427,6,6,6,6,6,NA,NA,NA,NA,2011-03-27 14:52:00,0
2011-03-27 16:00:00,WIND,600702,1,HCM,1,18974,1011,310,12,320,17,1517,6,6,6,6,6,NA,NA,NA,NA,2011-03-27 15:52:00,0
2011-03-27 17:00:00,WIND,600702,1,HCM,1,18974,1011,310,12,300,16,1644,6,6,6,6,6,NA,NA,NA,NA,2011-03-27 16:54:00,0
2011-03-27 18:00:00,WIND,600702,1,HCM,1,18974,1011,310,12,310,16,1651,6,6,6,6,6,NA,NA,NA,NA,2011-03-27 17:52:00,0
2011-03-27 19:00:00,WIND,600702,1,HCM,1,18974,1011,320,9,320,13,1806,6,6,6,6,6,NA,NA,NA,NA,2011-03-27 18:52:00,0
2011-03-27 20:00:00,WIND,600702,1,HCM,1,18974,1011,320,8,320,12,1903,6,6,6,6,6,NA,NA,NA,NA,2011-03-27 19:52:00,0
2011-03-27 21:00:00,WIND,600702,1,HCM,1,18974,1011,320,7,320,10,2015,6,6,6,6,6,NA,NA,NA,NA,2011-03-27 20:54:00,0
2011-03-27 22:00:00,WIND,600702,1,HCM,1,18974,1011,310,5,310,8,2141,6,6,6,6,6,NA,NA,NA,NA,2011-03-27 21:52:00,0
2011-03-27 23:00:00,WIND,600702,1,HCM,1,18974,1011,320,5,310,7,2228,6,6,6,6,6,NA,NA,NA,NA,2011-03-27 22:52:00,0
2011-03-28 00:00:00,WIND,600702,1,HCM,1,18974,1011,320,5,310,6,2259,6,6,6,6,6,NA,NA,NA,NA,2011-03-27 23:52:00,0
2011-03-28 01:00:00,WIND,600702,1,HCM,1,18974,1011,340,4,340,6,2359,6,6,6,6,6,NA,NA,NA,NA,2011-03-28 00:53:00,0
2011-03-28 02:00:00,WIND,600702,1,HCM,1,18974,1011,20,4,40,5,52,6,6,6,6,6,NA,NA,NA,NA,2011-03-28 01:52:00,0
2011-03-28 03:00:00,WIND,600702,1,HCM,1,18974,1011,10,2,360,3,152,6,6,6,6,6,NA,NA,NA,NA,2011-03-28 02:52:00,0
2011-03-28 04:00:00,WIND,600702,1,HCM,1,18974,1011,30,1,10,2,253,6,6,6,6,6,NA,NA,NA,NA,2011-03-28 03:52:00,0
2011-03-28 05:00:00,WIND,600702,1,HCM,1,18974,1011,290,1,260,3,355,6,6,6,6,6,NA,NA,NA,NA,2011-03-28 04:52:00,0
2011-03-28 06:00:00,WIND,600702,1,HCM,1,18974,1011,260,1,310,5,456,6,6,6,6,6,NA,NA,NA,NA,2011-03-28 05:52:00,0
2011-03-28 07:00:00,WIND,600702,1,HCM,1,18974,1011,190,1,60,2,604,6,6,6,6,6,NA,NA,NA,NA,2011-03-28 06:52:00,0
2011-03-28 08:00:00,WIND,600702,1,HCM,1,18974,1011,140,2,110,4,738,6,6,6,6,6,NA,NA,NA,NA,2011-03-28 07:52:00,0
2011-03-28 09:00:00,WIND,600702,1,HCM,1,18974,1011,110,3,110,5,813,6,6,6,6,6,NA,NA,NA,NA,2011-03-28 08:54:00,0
2011-03-28 10:00:00,WIND,600702,1,HCM,1,18974,1011,150,3,180,5,910,6,6,6,6,6,NA,NA,NA,NA,2011-03-28 09:52:00,0
2011-03-28 11:00:00,WIND,600702,1,HCM,1,18974,1011,160,3,180,5,1005,6,6,6,6,6,NA,NA,NA,NA,2011-03-28 10:52:00,0
2011-03-28 12:00:00,WIND,600702,1,HCM,1,18974,1011,160,4,170,5,1148,6,6,6,6,6,NA,NA,NA,NA,2011-03-28 11:52:00,0
2011-03-28 13:00:00,WIND,600702,1,HCM,1,18974,1011,160,6,160,9,1242,6,6,6,6,6,NA,NA,NA,NA,2011-03-28 12:52:00,0
2011-03-28 14:00:00,WIND,600702,1,HCM,1,18974,1011,180,6,180,9,1345,6,6,6,6,6,NA,NA,NA,NA,2011-03-28 13:52:00,0
2011-03-28 15:00:00,WIND,600702,1,HCM,1,18974,1011,200,7,240,9,1445,6,6,6,6,6,NA,NA,NA,NA,2011-03-28 14:52:00,0
2011-03-28 16:00:00,WIND,600702,1,HCM,1,18974,1011,200,7,200,11,1511,6,6,6,6,6,NA,NA,NA,NA,2011-03-28 15:52:00,0
2011-03-28 17:00:00,WIND,600702,1,HCM,1,18974,1011,230,7,230,9,1631,6,6,6,6,6,NA,NA,NA,NA,2011-03-28 16:52:00,0
2011-03-28 18:00:00,WIND,600702,1,HCM,1,18974,1011,240,5,230,9,1654,6,6,6,6,6,NA,NA,NA,NA,2011-03-28 17:52:00,0
2011-03-28 19:00:00,WIND,600702,1,HCM,1,18974,1011,250,4,260,7,1758,6,6,6,6,6,NA,NA,NA,NA,2011-03-28 18:52:00,0
2011-03-28 20:00:00,WIND,600702,1,HCM,1,18974,1011,260,4,270,5,1901,6,6,6,6,6,NA,NA,NA,NA,2011-03-28 19:52:00,0
2011-03-28 21:00:00,WIND,600702,1,HCM,1,18974,1011,260,3,240,8,2023,6,6,6,6,6,NA,NA,NA,NA,2011-03-28 20:54:00,0
2011-03-28 22:00:00,WIND,600702,1,HCM,1,18974,1011,190,3,190,5,2131,6,6,6,6,6,NA,NA,NA,NA,2011-03-28 21:52:00,0
2011-03-28 23:00:00,WIND,600702,1,HCM,1,18974,1011,190,3,190,4,2208,6,6,6,6,6,NA,NA,NA,NA,2011-03-28 22:52:00,0
2011-03-29 00:00:00,WIND,600702,1,HCM,1,18974,1011,210,2,210,4,2253,6,6,6,6,6,NA,NA,NA,NA,2011-03-28 23:52:00,0
2011-03-29 01:00:00,WIND,600702,1,HCM,1,18974,1011,170,3,160,5,48,6,6,6,6,6,NA,NA,NA,NA,2011-03-29 00:52:00,0
2011-03-29 02:00:00,WIND,600702,1,HCM,1,18974,1011,220,3,230,4,132,6,6,6,6,6,NA,NA,NA,NA,2011-03-29 01:52:00,0
2011-03-29 03:00:00,WIND,600702,1,HCM,1,18974,1011,240,2,230,4,240,6,6,6,6,6,NA,NA,NA,NA,2011-03-29 02:52:00,0
2011-03-29 04:00:00,WIND,600702,1,HCM,1,18974,1011,170,2,170,4,331,6,6,6,6,6,NA,NA,NA,NA,2011-03-29 03:52:00,0
2011-03-29 05:00:00,WIND,600702,1,HCM,1,18974,1011,170,5,180,7,418,6,6,6,6,6,NA,NA,NA,NA,2011-03-29 04:52:00,0
2011-03-29 06:00:00,WIND,600702,1,HCM,1,18974,1011,160,5,170,6,514,6,6,6,6,6,NA,NA,NA,NA,2011-03-29 05:52:00,0
2011-03-29 07:00:00,WIND,600702,1,HCM,1,18974,1011,140,6,130,8,642,6,6,6,6,6,NA,NA,NA,NA,2011-03-29 06:52:00,0
2011-03-29 08:00:00,WIND,600702,1,HCM,1,18974,1011,130,7,130,10,738,6,6,6,6,6,NA,NA,NA,NA,2011-03-29 07:52:00,0
2011-03-29 09:00:00,WIND,600702,1,HCM,1,18974,1011,130,9,120,13,838,6,6,6,6,6,NA,NA,NA,NA,2011-03-29 08:54:00,0
2011-03-29 10:00:00,WIND,600702,1,HCM,1,18974,1011,120,11,120,14,937,6,6,6,6,6,NA,NA,NA,NA,2011-03-29 09:51:00,0
2011-03-29 11:00:00,WIND,600702,1,HCM,1,18974,1011,130,11,120,14,1046,6,6,6,6,6,NA,NA,NA,NA,2011-03-29 11:08:00,0
2011-03-29 12:00:00,WIND,600702,1,HCM,1,18974,1011,120,12,130,15,1146,6,6,6,6,6,NA,NA,NA,NA,2011-03-29 11:52:00,0
2011-03-29 13:00:00,WIND,600702,1,HCM,1,18974,1011,130,12,130,15,1158,6,6,6,6,6,NA,NA,NA,NA,2011-03-29 12:52:00,0
2011-03-29 14:00:00,WIND,600702,1,HCM,1,18974,1011,130,13,130,16,1327,6,6,6,6,6,NA,NA,NA,NA,2011-03-29 13:52:00,0
2011-03-29 15:00:00,WIND,600702,1,HCM,1,18974,1011,140,12,130,16,1423,6,6,6,6,6,NA,NA,NA,NA,2011-03-29 18:28:00,0
2011-03-29 16:00:00,WIND,600702,1,HCM,1,18974,1011,150,11,140,15,1450,6,6,6,6,6,NA,NA,NA,NA,2011-03-29 18:29:00,0
2011-03-29 17:00:00,WIND,600702,1,HCM,1,18974,1011,150,9,160,12,1643,6,6,6,6,6,NA,NA,NA,NA,2011-03-29 18:29:00,0
2011-03-29 18:00:00,WIND,600702,1,HCM,1,18974,1011,160,9,160,12,1727,6,6,6,6,6,NA,NA,NA,NA,2011-03-29 18:30:00,0
2011-03-29 19:00:00,WIND,600702,1,HCM,1,18974,1011,150,7,150,12,1849,6,6,6,6,6,NA,NA,NA,NA,2011-03-29 18:53:00,0
2011-03-29 20:00:00,WIND,600702,1,HCM,1,18974,1011,150,9,150,13,1914,6,6,6,6,6,NA,NA,NA,NA,2011-03-29 19:54:00,0
2011-03-29 21:00:00,WIND,600702,1,HCM,1,18974,1011,150,11,150,16,2047,6,6,6,6,6,NA,NA,NA,NA,2011-03-29 21:07:00,0
2011-03-29 22:00:00,WIND,600702,1,HCM,1,18974,1011,150,15,150,21,2138,6,6,6,6,6,NA,NA,NA,NA,2011-03-29 21:54:00,0
2011-03-29 23:00:00,WIND,600702,1,HCM,1,18974,1011,150,15,150,21,2152,6,6,6,6,6,NA,NA,NA,NA,2011-03-29 22:53:00,0
2011-03-30 00:00:00,WIND,600702,1,HCM,1,18974,1011,150,14,150,19,2320,6,6,6,6,6,NA,NA,NA,NA,2011-03-29 23:57:00,0
2011-03-30 01:00:00,WIND,600702,1,HCM,1,18974,1011,160,15,150,21,48,6,6,6,6,6,NA,NA,NA,NA,2011-03-30 00:56:00,0
2011-03-30 02:00:00,WIND,600702,1,HCM,1,18974,1011,150,17,150,22,147,6,6,6,6,6,NA,NA,NA,NA,2011-03-30 01:54:00,0
2011-03-30 03:00:00,WIND,600702,1,HCM,1,18974,1011,150,16,150,23,210,6,6,6,6,6,NA,NA,NA,NA,2011-03-30 02:54:00,0
2011-03-30 04:00:00,WIND,600702,1,HCM,1,18974,1011,150,18,140,24,321,6,6,6,6,6,NA,NA,NA,NA,2011-03-30 03:54:00,0
2011-03-30 05:00:00,WIND,600702,1,HCM,1,18974,1011,150,18,140,24,420,6,6,6,6,6,NA,NA,NA,NA,2011-03-30 04:54:00,0
2011-03-30 06:00:00,WIND,600702,1,HCM,1,18974,1011,150,17,140,23,451,6,6,6,6,6,NA,NA,NA,NA,2011-03-30 05:55:00,0
2011-03-30 07:00:00,WIND,600702,1,HCM,1,18974,1011,150,16,140,23,636,6,6,6,6,6,NA,NA,NA,NA,2011-03-30 06:54:00,0
2011-03-30 08:00:00,WIND,600702,1,HCM,1,18974,1011,140,17,150,25,749,6,6,6,6,6,NA,NA,NA,NA,2011-03-30 07:54:00,0
2011-03-30 09:00:00,WIND,600702,1,HCM,1,18974,1011,160,18,160,25,847,6,6,6,6,6,NA,NA,NA,NA,2011-03-30 09:00:00,0
2011-03-30 10:00:00,WIND,600702,1,HCM,1,18974,1011,170,17,180,24,919,6,6,6,6,6,NA,NA,NA,NA,2011-03-30 09:54:00,0
2011-03-30 11:00:00,WIND,600702,1,HCM,1,18974,1011,170,16,160,21,1046,6,6,6,6,6,NA,NA,NA,NA,2011-03-30 10:54:00,0
2011-03-30 12:00:00,WIND,600702,1,HCM,1,18974,1011,170,16,170,22,1147,6,6,6,6,6,NA,NA,NA,NA,2011-03-30 11:54:00,0
2011-03-30 13:00:00,WIND,600702,1,HCM,1,18974,1011,180,18,190,25,1200,6,6,6,6,6,NA,NA,NA,NA,2011-03-30 12:56:00,0
2011-03-30 14:00:00,WIND,600702,1,HCM,1,18974,1011,180,17,180,26,1322,6,6,6,6,6,NA,NA,NA,NA,2011-03-30 13:54:00,0
2011-03-30 15:00:00,WIND,600702,1,HCM,1,18974,1011,210,15,220,22,1445,6,6,6,6,6,NA,NA,NA,NA,2011-03-30 14:54:00,0
2011-03-30 16:00:00,WIND,600702,1,HCM,1,18974,1011,240,16,240,26,1510,6,6,6,6,6,NA,NA,NA,NA,2011-03-30 15:54:00,0
2011-03-30 17:00:00,WIND,600702,1,HCM,1,18974,1011,230,14,230,21,1629,6,6,6,6,6,NA,NA,NA,NA,2011-03-30 16:52:00,0
2011-03-30 18:00:00,WIND,600702,1,HCM,1,18974,1011,230,12,230,17,1652,6,6,6,6,6,NA,NA,NA,NA,2011-03-30 17:52:00,0
2011-03-30 19:00:00,WIND,600702,1,HCM,1,18974,1011,230,11,220,16,1823,6,6,6,6,6,NA,NA,NA,NA,2011-03-30 18:52:00,0
2011-03-30 20:00:00,WIND,600702,1,HCM,1,18974,1011,210,10,210,16,1900,6,6,6,6,6,NA,NA,NA,NA,2011-03-30 19:53:00,0
2011-03-30 21:00:00,WIND,600702,1,HCM,1,18974,1011,210,10,210,15,2001,6,6,6,6,6,NA,NA,NA,NA,2011-03-30 20:59:00,0
2011-03-30 22:00:00,WIND,600702,1,HCM,1,18974,1011,190,10,190,15,2146,6,6,6,6,6,NA,NA,NA,NA,2011-03-30 21:52:00,0
2011-03-30 23:00:00,WIND,600702,1,HCM,1,18974,1011,200,11,190,16,2204,6,6,6,6,6,NA,NA,NA,NA,2011-03-30 22:52:00,0
2011-03-31 00:00:00,WIND,600702,1,HCM,1,18974,1011,180,10,180,13,2325,6,6,6,6,6,NA,NA,NA,NA,2011-03-30 23:53:00,0
2011-03-31 01:00:00,WIND,600702,1,HCM,1,18974,1011,150,14,140,20,42,6,6,6,6,6,NA,NA,NA,NA,2011-03-31 00:52:00,0
2011-03-31 02:00:00,WIND,600702,1,HCM,1,18974,1011,140,19,140,26,130,6,6,6,6,6,NA,NA,NA,NA,2011-03-31 01:52:00,0
2011-03-31 03:00:00,WIND,600702,1,HCM,1,18974,1011,140,22,140,29,212,6,6,6,6,6,NA,NA,NA,NA,2011-03-31 02:52:00,0
2011-03-31 04:00:00,WIND,600702,1,HCM,1,18974,1011,140,23,130,32,344,6,6,6,6,6,NA,NA,NA,NA,2011-03-31 03:52:00,0
2011-03-31 05:00:00,WIND,600702,1,HCM,1,18974,1011,140,27,140,37,408,6,6,6,6,6,NA,NA,NA,NA,2011-03-31 04:52:00,0
2011-03-31 06:00:00,WIND,600702,1,HCM,1,18974,1011,150,25,140,35,515,6,6,6,6,6,NA,NA,NA,NA,2011-03-31 05:52:00,0
2011-03-31 07:00:00,WIND,600702,1,HCM,1,18974,1011,150,22,150,31,602,6,6,6,6,6,NA,NA,NA,NA,2011-03-31 06:52:00,0
2011-03-31 08:00:00,WIND,600702,1,HCM,1,18974,1011,170,20,160,31,657,6,6,6,6,6,NA,NA,NA,NA,2011-03-31 07:52:00,0
2011-03-31 09:00:00,WIND,600702,1,HCM,1,18974,1011,220,19,270,35,845,6,6,6,6,6,NA,NA,NA,NA,2011-03-31 08:55:00,0
2011-03-31 10:00:00,WIND,600702,1,HCM,1,18974,1011,280,24,270,35,859,6,6,6,6,6,NA,NA,NA,NA,2011-03-31 09:52:00,0
2011-03-31 11:00:00,WIND,600702,1,HCM,1,18974,1011,270,28,280,38,1032,6,6,6,6,6,NA,NA,NA,NA,2011-03-31 10:55:00,0
2011-03-31 12:00:00,WIND,600702,1,HCM,1,18974,1011,280,28,280,45,1103,6,6,6,6,6,NA,NA,NA,NA,2011-03-31 11:52:00,0
2011-03-31 13:00:00,WIND,600702,1,HCM,1,18974,1011,280,26,280,38,1227,6,6,6,6,6,NA,NA,NA,NA,2011-03-31 12:53:00,0
2011-03-31 14:00:00,WIND,600702,1,HCM,1,18974,1011,270,24,270,35,1257,6,6,6,6,6,NA,NA,NA,NA,2011-03-31 13:52:00,0
2011-03-31 15:00:00,WIND,600702,1,HCM,1,18974,1011,270,23,260,32,1403,6,6,6,6,6,NA,NA,NA,NA,2011-03-31 14:51:00,0
2011-03-31 16:00:00,WIND,600702,1,HCM,1,18974,1011,260,18,250,26,1459,6,6,6,6,6,NA,NA,NA,NA,2011-03-31 15:52:00,0
2011-03-31 17:00:00,WIND,600702,1,HCM,1,18974,1011,240,15,260,23,1559,6,6,6,6,6,NA,NA,NA,NA,2011-03-31 16:52:00,0
2011-03-31 18:00:00,WIND,600702,1,HCM,1,18974,1011,220,13,210,23,1741,6,6,6,6,6,NA,NA,NA,NA,2011-03-31 17:52:00,0
2011-03-31 19:00:00,WIND,600702,1,HCM,1,18974,1011,200,12,210,16,1750,6,6,6,6,6,NA,NA,NA,NA,2011-03-31 18:52:00,0
2011-03-31 20:00:00,WIND,600702,1,HCM,1,18974,1011,210,13,220,21,1942,6,6,6,6,6,NA,NA,NA,NA,2011-03-31 19:52:00,0
2011-03-31 21:00:00,WIND,600702,1,HCM,1,18974,1011,220,16,220,23,2015,6,6,6,6,6,NA,NA,NA,NA,2011-03-31 20:54:00,0
2011-03-31 22:00:00,WIND,600702,1,HCM,1,18974,1011,200,15,200,21,2137,6,6,6,6,6,NA,NA,NA,NA,2011-03-31 21:52:00,0
2011-03-31 23:00:00,WIND,600702,1,HCM,1,18974,1011,200,13,210,19,2205,6,6,6,6,6,NA,NA,NA,NA,2011-03-31 22:52:00,0
2011-04-01 00:00:00,WIND,600702,1,HCM,1,18974,1011,190,13,180,18,2348,6,6,6,6,6,NA,NA,NA,NA,2011-03-31 23:52:00,0
2011-04-01 01:00:00,WIND,600702,1,HCM,1,18974,1011,180,14,160,19,45,6,6,6,6,6,NA,NA,NA,NA,2011-04-01 00:52:00,0
2011-04-01 02:00:00,WIND,600702,1,HCM,1,18974,1011,170,17,170,26,142,6,6,6,6,6,NA,NA,NA,NA,2011-04-01 01:52:00,0
2011-04-01 03:00:00,WIND,600702,1,HCM,1,18974,1011,170,19,160,28,247,6,6,6,6,6,NA,NA,NA,NA,2011-04-01 02:52:00,0
2011-04-01 04:00:00,WIND,600702,1,HCM,1,18974,1011,170,23,170,32,313,6,6,6,6,6,NA,NA,NA,NA,2011-04-01 03:52:00,0
2011-04-01 05:00:00,WIND,600702,1,HCM,1,18974,1011,170,23,170,30,425,6,6,6,6,6,NA,NA,NA,NA,2011-04-01 04:52:00,0
2011-04-01 06:00:00,WIND,600702,1,HCM,1,18974,1011,170,24,170,31,525,6,6,6,6,6,NA,NA,NA,NA,2011-04-01 05:52:00,0
2011-04-01 07:00:00,WIND,600702,1,HCM,1,18974,1011,180,23,180,33,605,6,6,6,6,6,NA,NA,NA,NA,2011-04-01 06:52:00,0
2011-04-01 08:00:00,WIND,600702,1,HCM,1,18974,1011,200,20,200,27,709,6,6,6,6,6,NA,NA,NA,NA,2011-04-01 07:52:00,0
2011-04-01 09:00:00,WIND,600702,1,HCM,1,18974,1011,190,19,190,25,840,6,6,6,6,6,NA,NA,NA,NA,2011-04-01 08:54:00,0
2011-04-01 10:00:00,WIND,600702,1,HCM,1,18974,1011,190,21,190,30,938,6,6,6,6,6,NA,NA,NA,NA,2011-04-01 09:52:00,0
2011-04-01 11:00:00,WIND,600702,1,HCM,1,18974,1011,180,24,190,31,1000,6,6,6,6,6,NA,NA,NA,NA,2011-04-01 10:52:00,0
2011-04-01 12:00:00,WIND,600702,1,HCM,1,18974,1011,180,24,180,35,1115,6,6,6,6,6,NA,NA,NA,NA,2011-04-01 11:52:00,0
2011-04-01 13:00:00,WIND,600702,1,HCM,1,18974,1011,180,24,180,33,1245,6,6,6,6,6,NA,NA,NA,NA,2011-04-01 12:52:00,0
2011-04-01 14:00:00,WIND,600702,1,HCM,1,18974,1011,180,27,180,38,1337,6,6,6,6,6,NA,NA,NA,NA,2011-04-01 13:52:00,0
2011-04-01 15:00:00,WIND,600702,1,HCM,1,18974,1011,180,23,180,35,1352,6,6,6,6,6,NA,NA,NA,NA,2011-04-01 14:52:00,0
2011-04-01 16:00:00,WIND,600702,1,HCM,1,18974,1011,190,23,170,30,1506,6,6,6,6,6,NA,NA,NA,NA,2011-04-01 15:52:00,0
2011-04-01 17:00:00,WIND,600702,1,HCM,1,18974,1011,190,20,200,28,1619,6,6,6,6,6,NA,NA,NA,NA,2011-04-01 16:52:00,0
2011-04-01 18:00:00,WIND,600702,1,HCM,1,18974,1011,210,17,220,25,1723,6,6,6,6,6,NA,NA,NA,NA,2011-04-01 17:52:00,0
2011-04-01 19:00:00,WIND,600702,1,HCM,1,18974,1011,210,11,210,16,1753,6,6,6,6,6,NA,NA,NA,NA,2011-04-01 18:52:00,0
2011-04-01 20:00:00,WIND,600702,1,HCM,1,18974,1011,230,10,250,19,1918,6,6,6,6,6,NA,NA,NA,NA,2011-04-01 19:52:00,0
2011-04-01 21:00:00,WIND,600702,1,HCM,1,18974,1011,210,7,230,11,2046,6,6,6,6,6,NA,NA,NA,NA,2011-04-01 20:54:00,0
2011-04-01 22:00:00,WIND,600702,1,HCM,1,18974,1011,240,7,230,12,2051,6,6,6,6,6,NA,NA,NA,NA,2011-04-01 21:52:00,0
2011-04-01 23:00:00,WIND,600702,1,HCM,1,18974,1011,230,5,240,8,2156,6,6,6,6,6,NA,NA,NA,NA,2011-04-01 22:52:00,0
2011-04-02 00:00:00,WIND,600702,1,HCM,1,18974,1011,290,9,310,16,2314,6,6,6,6,6,NA,NA,NA,NA,2011-04-01 23:53:00,0
2011-04-02 01:00:00,WIND,600702,1,HCM,1,18974,1011,300,7,300,12,2355,6,6,6,6,6,NA,NA,NA,NA,2011-04-02 00:52:00,0
2011-04-02 02:00:00,WIND,600702,1,HCM,1,18974,1011,290,7,290,10,50,6,6,6,6,6,NA,NA,NA,NA,2011-04-02 01:52:00,0
2011-04-02 03:00:00,WIND,600702,1,HCM,1,18974,1011,250,3,210,5,248,6,6,6,6,6,NA,NA,NA,NA,2011-04-02 02:52:00,0
2011-04-02 04:00:00,WIND,600702,1,HCM,1,18974,1011,190,5,180,8,311,6,6,6,6,6,NA,NA,NA,NA,2011-04-02 03:52:00,0
2011-04-02 05:00:00,WIND,600702,1,HCM,1,18974,1011,190,6,190,11,443,6,6,6,6,6,NA,NA,NA,NA,2011-04-02 04:52:00,0
2011-04-02 06:00:00,WIND,600702,1,HCM,1,18974,1011,200,8,200,10,547,6,6,6,6,6,NA,NA,NA,NA,2011-04-02 05:52:00,0
2011-04-02 07:00:00,WIND,600702,1,HCM,1,18974,1011,220,10,230,18,649,6,6,6,6,6,NA,NA,NA,NA,2011-04-02 06:52:00,0
2011-04-02 08:00:00,WIND,600702,1,HCM,1,18974,1011,220,11,240,19,701,6,6,6,6,6,NA,NA,NA,NA,2011-04-02 07:52:00,0
2011-04-02 09:00:00,WIND,600702,1,HCM,1,18974,1011,230,11,240,18,757,6,6,6,6,6,NA,NA,NA,NA,2011-04-02 08:55:00,0
2011-04-02 10:00:00,WIND,600702,1,HCM,1,18974,1011,230,14,230,21,915,6,6,6,6,6,NA,NA,NA,NA,2011-04-02 09:52:00,0
2011-04-02 11:00:00,WIND,600702,1,HCM,1,18974,1011,230,13,220,20,1008,6,6,6,6,6,NA,NA,NA,NA,2011-04-02 10:52:00,0
2011-04-02 12:00:00,WIND,600702,1,HCM,1,18974,1011,220,14,230,22,1146,6,6,6,6,6,NA,NA,NA,NA,2011-04-02 11:52:00,0
2011-04-02 13:00:00,WIND,600702,1,HCM,1,18974,1011,210,16,220,23,1204,6,6,6,6,6,NA,NA,NA,NA,2011-04-02 12:52:00,0
2011-04-02 14:00:00,WIND,600702,1,HCM,1,18974,1011,200,16,210,23,1258,6,6,6,6,6,NA,NA,NA,NA,2011-04-02 13:52:00,0
2011-04-02 15:00:00,WIND,600702,1,HCM,1,18974,1011,190,16,180,21,1407,6,6,6,6,6,NA,NA,NA,NA,2011-04-02 14:52:00,0
2011-04-02 16:00:00,WIND,600702,1,HCM,1,18974,1011,190,17,190,24,1459,6,6,6,6,6,NA,NA,NA,NA,2011-04-02 15:52:00,0
2011-04-02 17:00:00,WIND,600702,1,HCM,1,18974,1011,190,17,190,23,1618,6,6,6,6,6,NA,NA,NA,NA,2011-04-02 16:52:00,0
2011-04-02 18:00:00,WIND,600702,1,HCM,1,18974,1011,200,14,200,20,1708,6,6,6,6,6,NA,NA,NA,NA,2011-04-02 17:52:00,0
2011-04-02 19:00:00,WIND,600702,1,HCM,1,18974,1011,210,13,220,20,1831,6,6,6,6,6,NA,NA,NA,NA,2011-04-02 18:52:00,0
2011-04-02 20:00:00,WIND,600702,1,HCM,1,18974,1011,220,11,210,17,1853,6,6,6,6,6,NA,NA,NA,NA,2011-04-02 19:52:00,0
2011-04-02 21:00:00,WIND,600702,1,HCM,1,18974,1011,210,11,220,15,2030,6,6,6,6,6,NA,NA,NA,NA,2011-04-02 20:55:00,0
2011-04-02 22:00:00,WIND,600702,1,HCM,1,18974,1011,230,11,240,22,2101,6,6,6,6,6,NA,NA,NA,NA,2011-04-02 21:52:00,0
2011-04-02 23:00:00,WIND,600702,1,HCM,1,18974,1011,220,14,230,23,2219,6,6,6,6,6,NA,NA,NA,NA,2011-04-02 22:52:00,0
2011-04-03 00:00:00,WIND,600702,1,HCM,1,18974,1011,210,13,200,20,2310,6,6,6,6,6,NA,NA,NA,NA,2011-04-02 23:53:00,0
2011-04-03 01:00:00,WIND,600702,1,HCM,1,18974,1011,220,11,210,18,2353,6,6,6,6,6,NA,NA,NA,NA,2011-04-03 00:53:00,0
2011-04-03 02:00:00,WIND,600702,1,HCM,1,18974,1011,230,10,230,17,136,6,6,6,6,6,NA,NA,NA,NA,2011-04-03 01:52:00,0
2011-04-03 03:00:00,WIND,600702,1,HCM,1,18974,1011,220,9,230,15,153,6,6,6,6,6,NA,NA,NA,NA,2011-04-03 02:52:00,0
2011-04-03 04:00:00,WIND,600702,1,HCM,1,18974,1011,210,11,240,25,324,6,6,6,6,6,NA,NA,NA,NA,2011-04-03 03:52:00,0
2011-04-03 05:00:00,WIND,600702,1,HCM,1,18974,1011,210,11,220,19,437,6,6,6,6,6,NA,NA,NA,NA,2011-04-03 04:52:00,0
2011-04-03 06:00:00,WIND,600702,1,HCM,1,18974,1011,220,12,240,39,545,6,6,6,6,6,NA,NA,NA,NA,2011-04-03 05:52:00,0
2011-04-03 07:00:00,WIND,600702,1,HCM,1,18974,1011,230,11,250,20,551,6,6,6,6,6,NA,NA,NA,NA,2011-04-03 06:52:00,0
2011-04-03 08:00:00,WIND,600702,1,HCM,1,18974,1011,220,15,230,23,740,6,6,6,6,6,NA,NA,NA,NA,2011-04-03 07:52:00,0
2011-04-03 09:00:00,WIND,600702,1,HCM,1,18974,1011,240,13,240,21,841,6,6,6,6,6,NA,NA,NA,NA,2011-04-03 08:54:00,0
2011-04-03 10:00:00,WIND,600702,1,HCM,1,18974,1011,240,15,270,28,903,6,6,6,6,6,NA,NA,NA,NA,2011-04-03 09:52:00,0
2011-04-03 11:00:00,WIND,600702,1,HCM,1,18974,1011,230,18,240,29,1045,6,6,6,6,6,NA,NA,NA,NA,2011-04-03 10:52:00,0
2011-04-03 12:00:00,WIND,600702,1,HCM,1,18974,1011,230,21,240,28,1127,6,6,6,6,6,NA,NA,NA,NA,2011-04-03 11:52:00,0
2011-04-03 13:00:00,WIND,600702,1,HCM,1,18974,1011,230,21,240,30,1249,6,6,6,6,6,NA,NA,NA,NA,2011-04-03 12:52:00,0
2011-04-03 14:00:00,WIND,600702,1,HCM,1,18974,1011,230,24,230,37,1346,6,6,6,6,6,NA,NA,NA,NA,2011-04-03 13:52:00,0
2011-04-03 15:00:00,WIND,600702,1,HCM,1,18974,1011,230,23,240,33,1357,6,6,6,6,6,NA,NA,NA,NA,2011-04-03 14:52:00,0
2011-04-03 16:00:00,WIND,600702,1,HCM,1,18974,1011,230,23,230,42,1453,6,6,6,6,6,NA,NA,NA,NA,2011-04-03 15:52:00,0
2011-04-03 17:00:00,WIND,600702,1,HCM,1,18974,1011,240,22,240,32,1636,6,6,6,6,6,NA,NA,NA,NA,2011-04-03 16:52:00,0
2011-04-03 18:00:00,WIND,600702,1,HCM,1,18974,1011,240,22,250,31,1713,6,6,6,6,6,NA,NA,NA,NA,2011-04-03 17:52:00,0
2011-04-03 19:00:00,WIND,600702,1,HCM,1,18974,1011,240,21,240,33,1807,6,6,6,6,6,NA,NA,NA,NA,2011-04-03 18:52:00,0
2011-04-03 20:00:00,WIND,600702,1,HCM,1,18974,1011,260,19,260,34,1907,6,6,6,6,6,NA,NA,NA,NA,2011-04-03 19:52:00,0
2011-04-03 21:00:00,WIND,600702,1,HCM,1,18974,1011,250,14,270,24,2026,6,6,6,6,6,NA,NA,NA,NA,2011-04-03 20:54:00,0
2011-04-03 22:00:00,WIND,600702,1,HCM,1,18974,1011,250,17,240,36,2106,6,6,6,6,6,NA,NA,NA,NA,2011-04-03 21:52:00,0
2011-04-03 23:00:00,WIND,600702,1,HCM,1,18974,1011,240,13,240,19,2221,6,6,6,6,6,NA,NA,NA,NA,2011-04-03 22:52:00,0
2011-04-04 00:00:00,WIND,600702,1,HCM,1,18974,1011,230,15,240,24,2258,6,6,6,6,6,NA,NA,NA,NA,2011-04-03 23:53:00,0
2011-04-04 01:00:00,WIND,600702,1,HCM,1,18974,1011,230,13,240,23,2350,6,6,6,6,6,NA,NA,NA,NA,2011-04-04 00:53:00,0
2011-04-04 02:00:00,WIND,600702,1,HCM,1,18974,1011,220,17,220,27,142,6,6,6,6,6,NA,NA,NA,NA,2011-04-04 01:52:00,0
2011-04-04 03:00:00,WIND,600702,1,HCM,1,18974,1011,220,17,240,28,225,6,6,6,6,6,NA,NA,NA,NA,2011-04-04 02:52:00,0
2011-04-04 04:00:00,WIND,600702,1,HCM,1,18974,1011,210,19,220,28,305,6,6,6,6,6,NA,NA,NA,NA,2011-04-04 03:52:00,0
2011-04-04 05:00:00,WIND,600702,1,HCM,1,18974,1011,210,20,220,30,418,6,6,6,6,6,NA,NA,NA,NA,2011-04-04 04:52:00,0
2011-04-04 06:00:00,WIND,600702,1,HCM,1,18974,1011,210,20,210,29,514,6,6,6,6,6,NA,NA,NA,NA,2011-04-04 05:52:00,0
2011-04-04 07:00:00,WIND,600702,1,HCM,1,18974,1011,190,23,190,34,626,6,6,6,6,6,NA,NA,NA,NA,2011-04-04 06:52:00,0
2011-04-04 08:00:00,WIND,600702,1,HCM,1,18974,1011,180,26,180,35,742,6,6,6,6,6,NA,NA,NA,NA,2011-04-04 07:52:00,0
2011-04-04 09:00:00,WIND,600702,1,HCM,1,18974,1011,170,28,170,39,841,6,6,6,6,6,NA,NA,NA,NA,2011-04-04 08:54:00,0
2011-04-04 10:00:00,WIND,600702,1,HCM,1,18974,1011,180,30,170,42,907,6,6,6,6,6,NA,NA,NA,NA,2011-04-04 09:52:00,0
2011-04-04 11:00:00,WIND,600702,1,HCM,1,18974,1011,190,28,190,40,956,6,6,6,6,6,NA,NA,NA,NA,2011-04-04 10:52:00,0
2011-04-04 12:00:00,WIND,600702,1,HCM,1,18974,1011,230,24,220,36,1059,6,6,6,6,6,NA,NA,NA,NA,2011-04-04 11:52:00,0
2011-04-04 13:00:00,WIND,600702,1,HCM,1,18974,1011,250,24,230,35,1154,6,6,6,6,6,NA,NA,NA,NA,2011-04-04 12:52:00,0
2011-04-04 14:00:00,WIND,600702,1,HCM,1,18974,1011,250,22,250,32,1316,6,6,6,6,6,NA,NA,NA,NA,2011-04-04 13:53:00,0
2011-04-04 15:00:00,WIND,600702,1,HCM,1,18974,1011,250,21,250,30,1416,6,6,6,6,6,NA,NA,NA,NA,2011-04-04 14:52:00,0
2011-04-04 16:00:00,WIND,600702,1,HCM,1,18974,1011,240,22,240,31,1512,6,6,6,6,6,NA,NA,NA,NA,2011-04-04 15:53:00,0
2011-04-04 17:00:00,WIND,600702,1,HCM,1,18974,1011,230,18,240,27,1555,6,6,6,6,6,NA,NA,NA,NA,2011-04-04 16:52:00,0
2011-04-04 18:00:00,WIND,600702,1,HCM,1,18974,1011,210,15,220,23,1727,6,6,6,6,6,NA,NA,NA,NA,2011-04-04 17:52:00,0
2011-04-04 19:00:00,WIND,600702,1,HCM,1,18974,1011,210,16,210,23,1812,6,6,6,6,6,NA,NA,NA,NA,2011-04-04 18:52:00,0
2011-04-04 20:00:00,WIND,600702,1,HCM,1,18974,1011,200,16,190,22,1934,6,6,6,6,6,NA,NA,NA,NA,2011-04-04 19:52:00,0
2011-04-04 21:00:00,WIND,600702,1,HCM,1,18974,1011,170,18,180,25,2045,6,6,6,6,6,NA,NA,NA,NA,2011-04-04 20:55:00,0
2011-04-04 22:00:00,WIND,600702,1,HCM,1,18974,1011,180,22,180,34,2149,6,6,6,6,6,NA,NA,NA,NA,2011-04-04 21:52:00,0
2011-04-04 23:00:00,WIND,600702,1,HCM,1,18974,1011,190,27,190,34,2203,6,6,6,6,6,NA,NA,NA,NA,2011-04-04 22:52:00,0
2011-04-05 00:00:00,WIND,600702,1,HCM,1,18974,1011,190,25,190,36,2339,6,6,6,6,6,NA,NA,NA,NA,2011-04-04 23:52:00,0
2011-04-05 01:00:00,WIND,600702,1,HCM,1,18974,1011,210,24,210,38,11,6,6,6,6,6,NA,NA,NA,NA,2011-04-05 00:53:00,0
2011-04-05 02:00:00,WIND,600702,1,HCM,1,18974,1011,220,22,230,31,108,6,6,6,6,6,NA,NA,NA,NA,2011-04-05 01:52:00,0
2011-04-05 03:00:00,WIND,600702,1,HCM,1,18974,1011,230,20,230,29,205,6,6,6,6,6,NA,NA,NA,NA,2011-04-05 02:51:00,0
2011-04-05 04:00:00,WIND,600702,1,HCM,1,18974,1011,230,20,240,27,349,6,6,6,6,6,NA,NA,NA,NA,2011-04-05 03:52:00,0
2011-04-05 05:00:00,WIND,600702,1,HCM,1,18974,1011,240,21,240,30,434,6,6,6,6,6,NA,NA,NA,NA,2011-04-05 04:52:00,0
2011-04-05 06:00:00,WIND,600702,1,HCM,1,18974,1011,230,19,230,27,501,6,6,6,6,6,NA,NA,NA,NA,2011-04-05 05:52:00,0
2011-04-05 07:00:00,WIND,600702,1,HCM,1,18974,1011,240,21,240,31,632,6,6,6,6,6,NA,NA,NA,NA,2011-04-05 06:52:00,0
2011-04-05 08:00:00,WIND,600702,1,HCM,1,18974,1011,240,21,240,31,653,6,6,6,6,6,NA,NA,NA,NA,2011-04-05 07:52:00,0
2011-04-05 09:00:00,WIND,600702,1,HCM,1,18974,1011,240,18,240,27,800,6,6,6,6,6,NA,NA,NA,NA,2011-04-05 08:54:00,0
2011-04-05 10:00:00,WIND,600702,1,HCM,1,18974,1011,230,17,240,24,904,6,6,6,6,6,NA,NA,NA,NA,2011-04-05 09:52:00,0
2011-04-05 11:00:00,WIND,600702,1,HCM,1,18974,1011,230,18,230,25,1020,6,6,6,6,6,NA,NA,NA,NA,2011-04-05 10:53:00,0
2011-04-05 12:00:00,WIND,600702,1,HCM,1,18974,1011,220,17,220,25,1113,6,6,6,6,6,NA,NA,NA,NA,2011-04-05 11:52:00,0
2011-04-05 13:00:00,WIND,600702,1,HCM,1,18974,1011,220,18,220,26,1237,6,6,6,6,6,NA,NA,NA,NA,2011-04-05 12:53:00,0
2011-04-05 14:00:00,WIND,600702,1,HCM,1,18974,1011,210,18,210,26,1337,6,6,6,6,6,NA,NA,NA,NA,2011-04-05 14:09:00,0
2011-04-05 15:00:00,WIND,600702,1,HCM,1,18974,1011,210,18,210,26,1351,6,6,6,6,6,NA,NA,NA,NA,2011-04-05 14:52:00,0
2011-04-05 16:00:00,WIND,600702,1,HCM,1,18974,1011,200,20,210,31,1535,6,6,6,6,6,NA,NA,NA,NA,2011-04-05 15:52:00,0
2011-04-05 17:00:00,WIND,600702,1,HCM,1,18974,1011,220,22,220,32,1631,6,6,6,6,6,NA,NA,NA,NA,2011-04-05 16:52:00,0
2011-04-05 18:00:00,WIND,600702,1,HCM,1,18974,1011,230,24,220,34,1655,6,6,6,6,6,NA,NA,NA,NA,2011-04-05 17:52:00,0
2011-04-05 19:00:00,WIND,600702,1,HCM,1,18974,1011,230,24,230,33,1802,6,6,6,6,6,NA,NA,NA,NA,2011-04-05 18:51:00,0
2011-04-05 20:00:00,WIND,600702,1,HCM,1,18974,1011,230,22,230,33,1855,6,6,6,6,6,NA,NA,NA,NA,2011-04-05 19:51:00,0
2011-04-05 21:00:00,WIND,600702,1,HCM,1,18974,1011,230,20,230,27,1952,6,6,6,6,6,NA,NA,NA,NA,2011-04-05 20:54:00,0
2011-04-05 22:00:00,WIND,600702,1,HCM,1,18974,1011,230,17,230,25,2057,6,6,6,6,6,NA,NA,NA,NA,2011-04-05 21:52:00,0
2011-04-05 23:00:00,WIND,600702,1,HCM,1,18974,1011,230,17,230,26,2205,6,6,6,6,6,NA,NA,NA,NA,2011-04-05 22:52:00,0
2011-04-06 00:00:00,WIND,600702,1,HCM,1,18974,1011,220,19,230,28,2343,6,6,6,6,6,NA,NA,NA,NA,2011-04-05 23:52:00,0
2011-04-06 01:00:00,WIND,600702,1,HCM,1,18974,1011,220,21,230,31,21,6,6,6,6,6,NA,NA,NA,NA,2011-04-06 00:53:00,0
2011-04-06 02:00:00,WIND,600702,1,HCM,1,18974,1011,230,21,230,29,56,6,6,6,6,6,NA,NA,NA,NA,2011-04-06 01:52:00,0
2011-04-06 03:00:00,WIND,600702,1,HCM,1,18974,1011,230,20,240,30,240,6,6,6,6,6,NA,NA,NA,NA,2011-04-06 02:52:00,0
2011-04-06 04:00:00,WIND,600702,1,HCM,1,18974,1011,230,20,230,28,252,6,6,6,6,6,NA,NA,NA,NA,2011-04-06 03:52:00,0
2011-04-06 05:00:00,WIND,600702,1,HCM,1,18974,1011,230,18,230,26,350,6,6,6,6,6,NA,NA,NA,NA,2011-04-06 04:52:00,0
2011-04-06 06:00:00,WIND,600702,1,HCM,1,18974,1011,230,20,230,30,536,6,6,6,6,6,NA,NA,NA,NA,2011-04-06 05:52:00,0
2011-04-06 07:00:00,WIND,600702,1,HCM,1,18974,1011,230,22,230,31,619,6,6,6,6,6,NA,NA,NA,NA,2011-04-06 06:52:00,0
2011-04-06 08:00:00,WIND,600702,1,HCM,1,18974,1011,230,22,230,32,703,6,6,6,6,6,NA,NA,NA,NA,2011-04-06 07:52:00,0
2011-04-06 09:00:00,WIND,600702,1,HCM,1,18974,1011,220,22,230,33,824,6,6,6,6,6,NA,NA,NA,NA,2011-04-06 08:56:00,0
2011-04-06 10:00:00,WIND,600702,1,HCM,1,18974,1011,220,24,220,37,943,6,6,6,6,6,NA,NA,NA,NA,2011-04-06 09:52:00,0
2011-04-06 11:00:00,WIND,600702,1,HCM,1,18974,1011,220,25,220,35,956,6,6,6,6,6,NA,NA,NA,NA,2011-04-06 10:52:00,0
2011-04-06 12:00:00,WIND,600702,1,HCM,1,18974,1011,230,25,230,36,1129,6,6,6,6,6,NA,NA,NA,NA,2011-04-06 11:52:00,0
2011-04-06 13:00:00,WIND,600702,1,HCM,1,18974,1011,230,24,220,36,1244,6,6,6,6,6,NA,NA,NA,NA,2011-04-06 12:52:00,0
2011-04-06 14:00:00,WIND,600702,1,HCM,1,18974,1011,230,23,220,34,1320,6,6,6,6,6,NA,NA,NA,NA,2011-04-06 13:53:00,0
2011-04-06 15:00:00,WIND,600702,1,HCM,1,18974,1011,230,24,230,33,1357,6,6,6,6,6,NA,NA,NA,NA,2011-04-06 14:53:00,0
2011-04-06 16:00:00,WIND,600702,1,HCM,1,18974,1011,230,22,230,31,1518,6,6,6,6,6,NA,NA,NA,NA,2011-04-06 15:52:00,0
2011-04-06 17:00:00,WIND,600702,1,HCM,1,18974,1011,240,23,240,36,1620,6,6,6,6,6,NA,NA,NA,NA,2011-04-06 16:53:00,0
2011-04-06 18:00:00,WIND,600702,1,HCM,1,18974,1011,300,12,300,18,1650,6,6,6,6,6,NA,NA,NA,NA,2011-04-06 17:52:00,0
2011-04-06 19:00:00,WIND,600702,1,HCM,1,18974,1011,300,10,310,17,1801,6,6,6,6,6,NA,NA,NA,NA,2011-04-06 18:51:00,0
2011-04-06 20:00:00,WIND,600702,1,HCM,1,18974,1011,290,9,290,14,1926,6,6,6,6,6,NA,NA,NA,NA,2011-04-06 19:51:00,0
2011-04-06 21:00:00,WIND,600702,1,HCM,1,18974,1011,270,7,280,11,1950,6,6,6,6,6,NA,NA,NA,NA,2011-04-06 20:54:00,0
2011-04-06 22:00:00,WIND,600702,1,HCM,1,18974,1011,270,6,280,10,2141,6,6,6,6,6,NA,NA,NA,NA,2011-04-06 21:51:00,0
2011-04-06 23:00:00,WIND,600702,1,HCM,1,18974,1011,270,8,270,12,2226,6,6,6,6,6,NA,NA,NA,NA,2011-04-06 22:52:00,0
2011-04-07 00:00:00,WIND,600702,1,HCM,1,18974,1011,280,9,280,13,2308,6,6,6,6,6,NA,NA,NA,NA,2011-04-06 23:52:00,0
2011-04-07 01:00:00,WIND,600702,1,HCM,1,18974,1011,280,9,290,13,2354,6,6,6,6,6,NA,NA,NA,NA,2011-04-07 00:52:00,0
2011-04-07 02:00:00,WIND,600702,1,HCM,1,18974,1011,280,12,280,19,130,6,6,6,6,6,NA,NA,NA,NA,2011-04-07 01:52:00,0
2011-04-07 03:00:00,WIND,600702,1,HCM,1,18974,1011,290,12,290,17,225,6,6,6,6,6,NA,NA,NA,NA,2011-04-07 02:51:00,0
2011-04-07 04:00:00,WIND,600702,1,HCM,1,18974,1011,290,12,290,18,254,6,6,6,6,6,NA,NA,NA,NA,2011-04-07 03:52:00,0
2011-04-07 05:00:00,WIND,600702,1,HCM,1,18974,1011,280,11,290,17,419,6,6,6,6,6,NA,NA,NA,NA,2011-04-07 04:52:00,0
2011-04-07 06:00:00,WIND,600702,1,HCM,1,18974,1011,280,11,280,19,456,6,6,6,6,6,NA,NA,NA,NA,2011-04-07 05:52:00,0
2011-04-07 07:00:00,WIND,600702,1,HCM,1,18974,1011,280,11,290,17,621,6,6,6,6,6,NA,NA,NA,NA,2011-04-07 06:52:00,0
2011-04-07 08:00:00,WIND,600702,1,HCM,1,18974,1011,290,13,290,18,703,6,6,6,6,6,NA,NA,NA,NA,2011-04-07 07:52:00,0
2011-04-07 09:00:00,WIND,600702,1,HCM,1,18974,1011,280,11,270,16,835,6,6,6,6,6,NA,NA,NA,NA,2011-04-07 08:54:00,0
2011-04-07 10:00:00,WIND,600702,1,HCM,1,18974,1011,280,14,280,21,947,6,6,6,6,6,NA,NA,NA,NA,2011-04-07 09:52:00,0
2011-04-07 11:00:00,WIND,600702,1,HCM,1,18974,1011,270,15,260,22,1044,6,6,6,6,6,NA,NA,NA,NA,2011-04-07 10:52:00,0
2011-04-07 12:00:00,WIND,600702,1,HCM,1,18974,1011,270,16,260,24,1149,6,6,6,6,6,NA,NA,NA,NA,2011-04-07 11:52:00,0
2011-04-07 13:00:00,WIND,600702,1,HCM,1,18974,1011,270,17,270,24,1244,6,6,6,6,6,NA,NA,NA,NA,2011-04-07 12:52:00,0
2011-04-07 14:00:00,WIND,600702,1,HCM,1,18974,1011,260,18,250,26,1334,6,6,6,6,6,NA,NA,NA,NA,2011-04-07 13:52:00,0
2011-04-07 15:00:00,WIND,600702,1,HCM,1,18974,1011,260,18,260,25,1358,6,6,6,6,6,NA,NA,NA,NA,2011-04-07 14:52:00,0
2011-04-07 16:00:00,WIND,600702,1,HCM,1,18974,1011,260,19,260,25,1504,6,6,6,6,6,NA,NA,NA,NA,2011-04-07 15:52:00,0
2011-04-07 17:00:00,WIND,600702,1,HCM,1,18974,1011,260,17,250,24,1600,6,6,6,6,6,NA,NA,NA,NA,2011-04-07 16:52:00,0
2011-04-07 18:00:00,WIND,600702,1,HCM,1,18974,1011,260,15,260,20,1706,6,6,6,6,6,NA,NA,NA,NA,2011-04-07 17:52:00,0
2011-04-07 19:00:00,WIND,600702,1,HCM,1,18974,1011,260,13,260,18,1751,6,6,6,6,6,NA,NA,NA,NA,2011-04-07 18:52:00,0
2011-04-07 20:00:00,WIND,600702,1,HCM,1,18974,1011,250,12,250,16,1851,6,6,6,6,6,NA,NA,NA,NA,2011-04-07 19:52:00,0
2011-04-07 21:00:00,WIND,600702,1,HCM,1,18974,1011,250,11,250,16,1950,6,6,6,6,6,NA,NA,NA,NA,2011-04-07 20:54:00,0
2011-04-07 22:00:00,WIND,600702,1,HCM,1,18974,1011,250,11,250,15,2108,6,6,6,6,6,NA,NA,NA,NA,2011-04-07 21:52:00,0
2011-04-07 23:00:00,WIND,600702,1,HCM,1,18974,1011,250,10,250,15,2236,6,6,6,6,6,NA,NA,NA,NA,2011-04-07 22:52:00,0
2011-04-08 00:00:00,WIND,600702,1,HCM,1,18974,1011,260,11,250,17,2311,6,6,6,6,6,NA,NA,NA,NA,2011-04-07 23:53:00,0
2011-04-08 01:00:00,WIND,600702,1,HCM,1,18974,1011,270,11,270,15,2358,6,6,6,6,6,NA,NA,NA,NA,2011-04-08 00:52:00,0
2011-04-08 02:00:00,WIND,600702,1,HCM,1,18974,1011,280,11,280,18,146,6,6,6,6,6,NA,NA,NA,NA,2011-04-08 01:51:00,0
2011-04-08 03:00:00,WIND,600702,1,HCM,1,18974,1011,280,13,280,20,216,6,6,6,6,6,NA,NA,NA,NA,2011-04-08 02:51:00,0
2011-04-08 04:00:00,WIND,600702,1,HCM,1,18974,1011,270,14,280,19,327,6,6,6,6,6,NA,NA,NA,NA,2011-04-08 03:51:00,0
2011-04-08 05:00:00,WIND,600702,1,HCM,1,18974,1011,270,12,270,18,401,6,6,6,6,6,NA,NA,NA,NA,2011-04-08 04:52:00,0
2011-04-08 06:00:00,WIND,600702,1,HCM,1,18974,1011,280,9,280,16,543,6,6,6,6,6,NA,NA,NA,NA,2011-04-08 05:52:00,0
2011-04-08 07:00:00,WIND,600702,1,HCM,1,18974,1011,300,11,290,18,613,6,6,6,6,6,NA,NA,NA,NA,2011-04-08 06:51:00,0
2011-04-08 08:00:00,WIND,600702,1,HCM,1,18974,1011,290,13,290,19,732,6,6,6,6,6,NA,NA,NA,NA,2011-04-08 07:52:00,0
2011-04-08 09:00:00,WIND,600702,1,HCM,1,18974,1011,300,9,300,16,753,6,6,6,6,6,NA,NA,NA,NA,2011-04-08 08:54:00,0
2011-04-08 10:00:00,WIND,600702,1,HCM,1,18974,1011,280,6,290,10,850,6,6,6,6,6,NA,NA,NA,NA,2011-04-08 09:52:00,0
2011-04-08 11:00:00,WIND,600702,1,HCM,1,18974,1011,280,7,280,11,1037,6,6,6,6,6,NA,NA,NA,NA,2011-04-08 10:52:00,0
2011-04-08 12:00:00,WIND,600702,1,HCM,1,18974,1011,270,8,270,13,1141,6,6,6,6,6,NA,NA,NA,NA,2011-04-08 11:52:00,0
2011-04-08 13:00:00,WIND,600702,1,HCM,1,18974,1011,270,7,270,10,1215,6,6,6,6,6,NA,NA,NA,NA,2011-04-08 12:53:00,0
2011-04-08 14:00:00,WIND,600702,1,HCM,1,18974,1011,270,6,280,9,1257,6,6,6,6,6,NA,NA,NA,NA,2011-04-08 13:53:00,0
2011-04-08 15:00:00,WIND,600702,1,HCM,1,18974,1011,250,7,260,10,1353,6,6,6,6,6,NA,NA,NA,NA,2011-04-08 14:52:00,0
2011-04-08 16:00:00,WIND,600702,1,HCM,1,18974,1011,240,6,250,11,1500,6,6,6,6,6,NA,NA,NA,NA,2011-04-08 15:52:00,0
2011-04-08 17:00:00,WIND,600702,1,HCM,1,18974,1011,200,4,180,7,1648,6,6,6,6,6,NA,NA,NA,NA,2011-04-08 16:52:00,0
2011-04-08 18:00:00,WIND,600702,1,HCM,1,18974,1011,180,6,180,8,1718,6,6,6,6,6,NA,NA,NA,NA,2011-04-08 17:52:00,0
2011-04-08 19:00:00,WIND,600702,1,HCM,1,18974,1011,160,7,150,10,1844,6,6,6,6,6,NA,NA,NA,NA,2011-04-08 18:52:00,0
2011-04-08 20:00:00,WIND,600702,1,HCM,1,18974,1011,150,9,150,12,1913,6,6,6,6,6,NA,NA,NA,NA,2011-04-08 19:52:00,0
2011-04-08 21:00:00,WIND,600702,1,HCM,1,18974,1011,140,9,150,12,1954,6,6,6,6,6,NA,NA,NA,NA,2011-04-08 20:54:00,0
2011-04-08 22:00:00,WIND,600702,1,HCM,1,18974,1011,120,7,130,9,2054,6,6,6,6,6,NA,NA,NA,NA,2011-04-08 21:52:00,0
2011-04-08 23:00:00,WIND,600702,1,HCM,1,18974,1011,110,6,110,8,2202,6,6,6,6,6,NA,NA,NA,NA,2011-04-08 22:52:00,0
2011-04-09 00:00:00,WIND,600702,1,HCM,1,18974,1011,110,5,110,8,2256,6,6,6,6,6,NA,NA,NA,NA,2011-04-08 23:52:00,0
2011-04-09 01:00:00,WIND,600702,1,HCM,1,18974,1011,110,6,110,9,10,6,6,6,6,6,NA,NA,NA,NA,2011-04-09 00:53:00,0
2011-04-09 02:00:00,WIND,600702,1,HCM,1,18974,1011,130,4,120,8,147,6,6,6,6,6,NA,NA,NA,NA,2011-04-09 01:52:00,0
2011-04-09 03:00:00,WIND,600702,1,HCM,1,18974,1011,120,5,120,8,152,6,6,6,6,6,NA,NA,NA,NA,2011-04-09 02:52:00,0
2011-04-09 04:00:00,WIND,600702,1,HCM,1,18974,1011,110,5,130,7,349,6,6,6,6,6,NA,NA,NA,NA,2011-04-09 03:52:00,0
2011-04-09 05:00:00,WIND,600702,1,HCM,1,18974,1011,140,12,140,19,446,6,6,6,6,6,NA,NA,NA,NA,2011-04-09 04:52:00,0
2011-04-09 06:00:00,WIND,600702,1,HCM,1,18974,1011,140,16,130,20,530,6,6,6,6,6,NA,NA,NA,NA,2011-04-09 05:52:00,0
2011-04-09 07:00:00,WIND,600702,1,HCM,1,18974,1011,140,16,140,20,611,6,6,6,6,6,NA,NA,NA,NA,2011-04-09 06:52:00,0
2011-04-09 08:00:00,WIND,600702,1,HCM,1,18974,1011,140,15,140,19,659,6,6,6,6,6,NA,NA,NA,NA,2011-04-09 07:52:00,0
2011-04-09 09:00:00,WIND,600702,1,HCM,1,18974,1011,140,15,140,20,833,6,6,6,6,6,NA,NA,NA,NA,2011-04-09 08:55:00,0
2011-04-09 10:00:00,WIND,600702,1,HCM,1,18974,1011,140,16,140,23,919,6,6,6,6,6,NA,NA,NA,NA,2011-04-09 09:52:00,0
2011-04-09 11:00:00,WIND,600702,1,HCM,1,18974,1011,150,16,140,22,1029,6,6,6,6,6,NA,NA,NA,NA,2011-04-09 10:52:00,0
2011-04-09 12:00:00,WIND,600702,1,HCM,1,18974,1011,150,17,150,23,1139,6,6,6,6,6,NA,NA,NA,NA,2011-04-09 11:52:00,0
2011-04-09 13:00:00,WIND,600702,1,HCM,1,18974,1011,150,17,150,25,1205,6,6,6,6,6,NA,NA,NA,NA,2011-04-09 12:52:00,0
2011-04-09 14:00:00,WIND,600702,1,HCM,1,18974,1011,150,15,150,22,1344,6,6,6,6,6,NA,NA,NA,NA,2011-04-09 13:52:00,0
2011-04-09 15:00:00,WIND,600702,1,HCM,1,18974,1011,150,16,140,22,1354,6,6,6,6,6,NA,NA,NA,NA,2011-04-09 14:52:00,0
2011-04-09 16:00:00,WIND,600702,1,HCM,1,18974,1011,150,16,140,23,1532,6,6,6,6,6,NA,NA,NA,NA,2011-04-09 15:52:00,0
2011-04-09 17:00:00,WIND,600702,1,HCM,1,18974,1011,150,18,140,25,1623,6,6,6,6,6,NA,NA,NA,NA,2011-04-09 16:52:00,0
2011-04-09 18:00:00,WIND,600702,1,HCM,1,18974,1011,150,18,150,23,1731,6,6,6,6,6,NA,NA,NA,NA,2011-04-09 17:52:00,0
2011-04-09 19:00:00,WIND,600702,1,HCM,1,18974,1011,150,16,140,24,1750,6,6,6,6,6,NA,NA,NA,NA,2011-04-09 18:52:00,0
2011-04-09 20:00:00,WIND,600702,1,HCM,1,18974,1011,160,11,160,16,1933,6,6,6,6,6,NA,NA,NA,NA,2011-04-09 19:52:00,0
2011-04-09 21:00:00,WIND,600702,1,HCM,1,18974,1011,170,10,150,14,2001,6,6,6,6,6,NA,NA,NA,NA,2011-04-09 20:54:00,0
2011-04-09 22:00:00,WIND,600702,1,HCM,1,18974,1011,160,10,170,14,2056,6,6,6,6,6,NA,NA,NA,NA,2011-04-09 21:52:00,0
2011-04-09 23:00:00,WIND,600702,1,HCM,1,18974,1011,170,9,170,13,2207,6,6,6,6,6,NA,NA,NA,NA,2011-04-09 22:52:00,0
2011-04-10 00:00:00,WIND,600702,1,HCM,1,18974,1011,170,7,170,9,2306,6,6,6,6,6,NA,NA,NA,NA,2011-04-09 23:52:00,0
2011-04-10 01:00:00,WIND,600702,1,HCM,1,18974,1011,170,8,180,10,5,6,6,6,6,6,NA,NA,NA,NA,2011-04-10 00:52:00,0
2011-04-10 02:00:00,WIND,600702,1,HCM,1,18974,1011,160,6,140,11,149,6,6,6,6,6,NA,NA,NA,NA,2011-04-10 01:52:00,0
2011-04-10 03:00:00,WIND,600702,1,HCM,1,18974,1011,160,8,150,12,151,6,6,6,6,6,NA,NA,NA,NA,2011-04-10 02:52:00,0
2011-04-10 04:00:00,WIND,600702,1,HCM,1,18974,1011,170,8,160,11,256,6,6,6,6,6,NA,NA,NA,NA,2011-04-10 03:52:00,0
2011-04-10 05:00:00,WIND,600702,1,HCM,1,18974,1011,170,9,170,11,438,6,6,6,6,6,NA,NA,NA,NA,2011-04-10 04:52:00,0
2011-04-10 06:00:00,WIND,600702,1,HCM,1,18974,1011,170,8,160,11,522,6,6,6,6,6,NA,NA,NA,NA,2011-04-10 05:52:00,0
2011-04-10 07:00:00,WIND,600702,1,HCM,1,18974,1011,170,9,170,11,622,6,6,6,6,6,NA,NA,NA,NA,2011-04-10 06:52:00,0
2011-04-10 08:00:00,WIND,600702,1,HCM,1,18974,1011,170,9,170,13,730,6,6,6,6,6,NA,NA,NA,NA,2011-04-10 07:52:00,0
2011-04-10 09:00:00,WIND,600702,1,HCM,1,18974,1011,180,10,180,13,809,6,6,6,6,6,NA,NA,NA,NA,2011-04-10 08:54:00,0
2011-04-10 10:00:00,WIND,600702,1,HCM,1,18974,1011,170,7,190,11,853,6,6,6,6,6,NA,NA,NA,NA,2011-04-10 09:52:00,0
2011-04-10 11:00:00,WIND,600702,1,HCM,1,18974,1011,170,9,170,13,1043,6,6,6,6,6,NA,NA,NA,NA,2011-04-10 10:52:00,0
2011-04-10 12:00:00,WIND,600702,1,HCM,1,18974,1011,170,11,160,15,1121,6,6,6,6,6,NA,NA,NA,NA,2011-04-10 11:52:00,0
2011-04-10 13:00:00,WIND,600702,1,HCM,1,18974,1011,180,10,180,13,1226,6,6,6,6,6,NA,NA,NA,NA,2011-04-10 12:52:00,0
2011-04-10 14:00:00,WIND,600702,1,HCM,1,18974,1011,210,10,240,15,1255,6,6,6,6,6,NA,NA,NA,NA,2011-04-10 13:52:00,0
2011-04-10 15:00:00,WIND,600702,1,HCM,1,18974,1011,200,9,210,13,1435,6,6,6,6,6,NA,NA,NA,NA,2011-04-10 14:52:00,0
2011-04-10 16:00:00,WIND,600702,1,HCM,1,18974,1011,220,10,210,15,1453,6,6,6,6,6,NA,NA,NA,NA,2011-04-10 15:52:00,0
2011-04-10 17:00:00,WIND,600702,1,HCM,1,18974,1011,210,10,220,15,1624,6,6,6,6,6,NA,NA,NA,NA,2011-04-10 16:52:00,0
2011-04-10 18:00:00,WIND,600702,1,HCM,1,18974,1011,200,9,220,16,1712,6,6,6,6,6,NA,NA,NA,NA,2011-04-10 17:52:00,0
2011-04-10 19:00:00,WIND,600702,1,HCM,1,18974,1011,190,9,210,13,1831,6,6,6,6,6,NA,NA,NA,NA,2011-04-10 18:52:00,0
2011-04-10 20:00:00,WIND,600702,1,HCM,1,18974,1011,210,11,220,17,1927,6,6,6,6,6,NA,NA,NA,NA,2011-04-10 19:52:00,0
2011-04-10 21:00:00,WIND,600702,1,HCM,1,18974,1011,220,13,230,22,2029,6,6,6,6,6,NA,NA,NA,NA,2011-04-10 20:55:00,0
2011-04-10 22:00:00,WIND,600702,1,HCM,1,18974,1011,220,14,220,21,2149,6,6,6,6,6,NA,NA,NA,NA,2011-04-10 21:52:00,0
2011-04-10 23:00:00,WIND,600702,1,HCM,1,18974,1011,220,16,220,23,2224,6,6,6,6,6,NA,NA,NA,NA,2011-04-10 22:52:00,0
2011-04-11 00:00:00,WIND,600702,1,HCM,1,18974,1011,210,15,210,22,2259,6,6,6,6,6,NA,NA,NA,NA,2011-04-10 23:52:00,0
2011-04-11 01:00:00,WIND,600702,1,HCM,1,18974,1011,210,14,210,21,33,6,6,6,6,6,NA,NA,NA,NA,2011-04-11 00:52:00,0
2011-04-11 02:00:00,WIND,600702,1,HCM,1,18974,1011,220,16,220,23,134,6,6,6,6,6,NA,NA,NA,NA,2011-04-11 01:52:00,0
2011-04-11 03:00:00,WIND,600702,1,HCM,1,18974,1011,220,14,210,20,214,6,6,6,6,6,NA,NA,NA,NA,2011-04-11 02:52:00,0
2011-04-11 04:00:00,WIND,600702,1,HCM,1,18974,1011,240,12,230,19,308,6,6,6,6,6,NA,NA,NA,NA,2011-04-11 03:52:00,0
2011-04-11 05:00:00,WIND,600702,1,HCM,1,18974,1011,260,10,260,15,351,6,6,6,6,6,NA,NA,NA,NA,2011-04-11 04:52:00,0
2011-04-11 06:00:00,WIND,600702,1,HCM,1,18974,1011,270,10,260,14,452,6,6,6,6,6,NA,NA,NA,NA,2011-04-11 05:52:00,0
2011-04-11 07:00:00,WIND,600702,1,HCM,1,18974,1011,270,10,280,16,638,6,6,6,6,6,NA,NA,NA,NA,2011-04-11 06:52:00,0
2011-04-11 08:00:00,WIND,600702,1,HCM,1,18974,1011,270,10,270,16,702,6,6,6,6,6,NA,NA,NA,NA,2011-04-11 07:52:00,0
2011-04-11 09:00:00,WIND,600702,1,HCM,1,18974,1011,270,14,270,23,824,6,6,6,6,6,NA,NA,NA,NA,2011-04-11 08:54:00,0
2011-04-11 10:00:00,WIND,600702,1,HCM,1,18974,1011,270,14,270,22,945,6,6,6,6,6,NA,NA,NA,NA,2011-04-11 09:52:00,0
2011-04-11 11:00:00,WIND,600702,1,HCM,1,18974,1011,300,17,300,27,1007,6,6,6,6,6,NA,NA,NA,NA,2011-04-11 10:52:00,0
2011-04-11 12:00:00,WIND,600702,1,HCM,1,18974,1011,290,17,300,24,1142,6,6,6,6,6,NA,NA,NA,NA,2011-04-11 11:52:00,0
2011-04-11 13:00:00,WIND,600702,1,HCM,1,18974,1011,290,17,300,29,1247,6,6,6,6,6,NA,NA,NA,NA,2011-04-11 12:53:00,0
2011-04-11 14:00:00,WIND,600702,1,HCM,1,18974,1011,310,17,310,26,1255,6,6,6,6,6,NA,NA,NA,NA,2011-04-11 13:52:00,0
2011-04-11 15:00:00,WIND,600702,1,HCM,1,18974,1011,310,16,290,24,1442,6,6,6,6,6,NA,NA,NA,NA,2011-04-11 14:52:00,0
2011-04-11 16:00:00,WIND,600702,1,HCM,1,18974,1011,290,17,290,27,1538,6,6,6,6,6,NA,NA,NA,NA,2011-04-11 15:52:00,0
2011-04-11 17:00:00,WIND,600702,1,HCM,1,18974,1011,290,19,290,27,1553,6,6,6,6,6,NA,NA,NA,NA,2011-04-11 16:52:00,0
2011-04-11 18:00:00,WIND,600702,1,HCM,1,18974,1011,290,17,290,29,1703,6,6,6,6,6,NA,NA,NA,NA,2011-04-11 17:52:00,0
2011-04-11 19:00:00,WIND,600702,1,HCM,1,18974,1011,280,16,290,31,1824,6,6,6,6,6,NA,NA,NA,NA,2011-04-11 18:52:00,0
2011-04-11 20:00:00,WIND,600702,1,HCM,1,18974,1011,280,14,280,24,1932,6,6,6,6,6,NA,NA,NA,NA,2011-04-11 19:52:00,0
2011-04-11 21:00:00,WIND,600702,1,HCM,1,18974,1011,280,15,270,26,2049,6,6,6,6,6,NA,NA,NA,NA,2011-04-11 20:54:00,0
2011-04-11 22:00:00,WIND,600702,1,HCM,1,18974,1011,270,15,260,27,2052,6,6,6,6,6,NA,NA,NA,NA,2011-04-11 21:52:00,0
2011-04-11 23:00:00,WIND,600702,1,HCM,1,18974,1011,280,14,280,22,2219,6,6,6,6,6,NA,NA,NA,NA,2011-04-11 22:52:00,0
2011-04-12 00:00:00,WIND,600702,1,HCM,1,18974,1011,290,16,280,27,2302,6,6,6,6,6,NA,NA,NA,NA,2011-04-11 23:52:00,0
2011-04-12 01:00:00,WIND,600702,1,HCM,1,18974,1011,270,16,270,24,36,6,6,6,6,6,NA,NA,NA,NA,2011-04-12 00:52:00,0
2011-04-12 02:00:00,WIND,600702,1,HCM,1,18974,1011,280,17,280,30,132,6,6,6,6,6,NA,NA,NA,NA,2011-04-12 01:52:00,0
2011-04-12 03:00:00,WIND,600702,1,HCM,1,18974,1011,280,15,270,29,234,6,6,6,6,6,NA,NA,NA,NA,2011-04-12 02:52:00,0
2011-04-12 04:00:00,WIND,600702,1,HCM,1,18974,1011,290,17,300,27,335,6,6,6,6,6,NA,NA,NA,NA,2011-04-12 03:52:00,0
2011-04-12 05:00:00,WIND,600702,1,HCM,1,18974,1011,280,17,300,31,350,6,6,6,6,6,NA,NA,NA,NA,2011-04-12 04:52:00,0
2011-04-12 06:00:00,WIND,600702,1,HCM,1,18974,1011,280,12,300,25,516,6,6,6,6,6,NA,NA,NA,NA,2011-04-12 05:52:00,0
2011-04-12 07:00:00,WIND,600702,1,HCM,1,18974,1011,270,11,280,31,642,6,6,6,6,6,NA,NA,NA,NA,2011-04-12 08:41:00,0
2011-04-12 08:00:00,WIND,600702,1,HCM,1,18974,1011,280,13,270,21,650,6,6,6,6,6,NA,NA,NA,NA,2011-04-12 08:49:00,0
2011-04-12 09:00:00,WIND,600702,1,HCM,1,18974,1011,280,15,270,24,830,6,6,6,6,6,NA,NA,NA,NA,2011-04-12 08:54:00,0
2011-04-12 10:00:00,WIND,600702,1,HCM,1,18974,1011,270,14,270,21,921,6,6,6,6,6,NA,NA,NA,NA,2011-04-12 09:52:00,0
2011-04-12 11:00:00,WIND,600702,1,HCM,1,18974,1011,250,14,260,20,959,6,6,6,6,6,NA,NA,NA,NA,2011-04-12 10:53:00,0
2011-04-12 12:00:00,WIND,600702,1,HCM,1,18974,1011,250,15,250,23,1146,6,6,6,6,6,NA,NA,NA,NA,2011-04-12 11:52:00,0
2011-04-12 13:00:00,WIND,600702,1,HCM,1,18974,1011,250,19,260,26,1236,6,6,6,6,6,NA,NA,NA,NA,2011-04-12 12:53:00,0
2011-04-12 14:00:00,WIND,600702,1,HCM,1,18974,1011,260,16,250,23,1304,6,6,6,6,6,NA,NA,NA,NA,2011-04-12 13:53:00,0
2011-04-12 15:00:00,WIND,600702,1,HCM,1,18974,1011,250,16,240,27,1425,6,6,6,6,6,NA,NA,NA,NA,2011-04-12 14:52:00,0
2011-04-12 16:00:00,WIND,600702,1,HCM,1,18974,1011,260,17,270,30,1521,6,6,6,6,6,NA,NA,NA,NA,2011-04-12 15:52:00,0
2011-04-12 17:00:00,WIND,600702,1,HCM,1,18974,1011,240,12,270,21,1646,6,6,6,6,6,NA,NA,NA,NA,2011-04-12 16:51:00,0
2011-04-12 18:00:00,WIND,600702,1,HCM,1,18974,1011,250,11,250,19,1734,6,6,6,6,6,NA,NA,NA,NA,2011-04-12 17:51:00,0
2011-04-12 19:00:00,WIND,600702,1,HCM,1,18974,1011,240,11,240,17,1823,6,6,6,6,6,NA,NA,NA,NA,2011-04-12 18:51:00,0
2011-04-12 20:00:00,WIND,600702,1,HCM,1,18974,1011,230,10,240,15,1919,6,6,6,6,6,NA,NA,NA,NA,2011-04-12 19:51:00,0
2011-04-12 21:00:00,WIND,600702,1,HCM,1,18974,1011,220,12,210,24,2018,6,6,6,6,6,NA,NA,NA,NA,2011-04-12 20:53:00,0
2011-04-12 22:00:00,WIND,600702,1,HCM,1,18974,1011,240,13,250,29,2100,6,6,6,6,6,NA,NA,NA,NA,2011-04-12 21:52:00,0
2011-04-12 23:00:00,WIND,600702,1,HCM,1,18974,1011,210,9,200,17,2248,6,6,6,6,6,NA,NA,NA,NA,2011-04-12 22:51:00,0
2011-04-13 00:00:00,WIND,600702,1,HCM,1,18974,1011,200,15,230,29,2320,6,6,6,6,6,NA,NA,NA,NA,2011-04-12 23:52:00,0
2011-04-13 01:00:00,WIND,600702,1,HCM,1,18974,1011,210,15,230,24,23,6,6,6,6,6,NA,NA,NA,NA,2011-04-13 00:52:00,0
2011-04-13 02:00:00,WIND,600702,1,HCM,1,18974,1011,200,20,190,29,148,6,6,6,6,6,NA,NA,NA,NA,2011-04-13 01:51:00,0
2011-04-13 03:00:00,WIND,600702,1,HCM,1,18974,1011,190,22,200,30,246,6,6,6,6,6,NA,NA,NA,NA,2011-04-13 02:51:00,0
2011-04-13 04:00:00,WIND,600702,1,HCM,1,18974,1011,190,25,190,34,311,6,6,6,6,6,NA,NA,NA,NA,2011-04-13 03:51:00,0
2011-04-13 05:00:00,WIND,600702,1,HCM,1,18974,1011,190,26,180,36,422,6,6,6,6,6,NA,NA,NA,NA,2011-04-13 04:52:00,0
2011-04-13 06:00:00,WIND,600702,1,HCM,1,18974,1011,180,27,190,34,533,6,6,6,6,6,NA,NA,NA,NA,2011-04-13 05:52:00,0
2011-04-13 07:00:00,WIND,600702,1,HCM,1,18974,1011,190,26,190,37,602,6,6,6,6,6,NA,NA,NA,NA,2011-04-13 06:52:00,0
2011-04-13 08:00:00,WIND,600702,1,HCM,1,18974,1011,190,25,180,35,652,6,6,6,6,6,NA,NA,NA,NA,2011-04-13 07:51:00,0
2011-04-13 09:00:00,WIND,600702,1,HCM,1,18974,1011,190,23,180,32,758,6,6,6,6,6,NA,NA,NA,NA,2011-04-13 08:54:00,0
2011-04-13 10:00:00,WIND,600702,1,HCM,1,18974,1011,190,22,180,28,903,6,6,6,6,6,NA,NA,NA,NA,2011-04-13 09:52:00,0
2011-04-13 11:00:00,WIND,600702,1,HCM,1,18974,1011,190,20,190,28,952,6,6,6,6,6,NA,NA,NA,NA,2011-04-13 10:52:00,0
2011-04-13 12:00:00,WIND,600702,1,HCM,1,18974,1011,190,16,190,23,1053,6,6,6,6,6,NA,NA,NA,NA,2011-04-13 11:52:00,0
2011-04-13 13:00:00,WIND,600702,1,HCM,1,18974,1011,190,16,190,22,1225,6,6,6,6,6,NA,NA,NA,NA,2011-04-13 12:53:00,0
2011-04-13 14:00:00,WIND,600702,1,HCM,1,18974,1011,190,15,190,19,1250,6,6,6,6,6,NA,NA,NA,NA,2011-04-13 13:53:00,0
2011-04-13 15:00:00,WIND,600702,1,HCM,1,18974,1011,190,13,190,18,1426,6,6,6,6,6,NA,NA,NA,NA,2011-04-13 14:52:00,0
2011-04-13 16:00:00,WIND,600702,1,HCM,1,18974,1011,190,11,190,17,1505,6,6,6,6,6,NA,NA,NA,NA,2011-04-13 15:52:00,0
2011-04-13 17:00:00,WIND,600702,1,HCM,1,18974,1011,190,9,180,13,1637,6,6,6,6,6,NA,NA,NA,NA,2011-04-13 16:52:00,0
2011-04-13 18:00:00,WIND,600702,1,HCM,1,18974,1011,190,9,190,13,1739,6,6,6,6,6,NA,NA,NA,NA,2011-04-13 17:52:00,0
2011-04-13 19:00:00,WIND,600702,1,HCM,1,18974,1011,190,10,180,13,1827,6,6,6,6,6,NA,NA,NA,NA,2011-04-13 18:52:00,0
2011-04-13 20:00:00,WIND,600702,1,HCM,1,18974,1011,190,8,200,12,1948,6,6,6,6,6,NA,NA,NA,NA,2011-04-13 19:51:00,0
2011-04-13 21:00:00,WIND,600702,1,HCM,1,18974,1011,200,9,190,12,1952,6,6,6,6,6,NA,NA,NA,NA,2011-04-13 20:54:00,0
2011-04-13 22:00:00,WIND,600702,1,HCM,1,18974,1011,220,8,220,11,2120,6,6,6,6,6,NA,NA,NA,NA,2011-04-13 21:52:00,0
2011-04-13 23:00:00,WIND,600702,1,HCM,1,18974,1011,210,8,210,12,2229,6,6,6,6,6,NA,NA,NA,NA,2011-04-13 22:52:00,0
2011-04-14 00:00:00,WIND,600702,1,HCM,1,18974,1011,210,7,230,11,2347,6,6,6,6,6,NA,NA,NA,NA,2011-04-13 23:53:00,0
2011-04-14 01:00:00,WIND,600702,1,HCM,1,18974,1011,230,8,220,12,2356,6,6,6,6,6,NA,NA,NA,NA,2011-04-14 00:53:00,0
2011-04-14 02:00:00,WIND,600702,1,HCM,1,18974,1011,260,8,270,11,123,6,6,6,6,6,NA,NA,NA,NA,2011-04-14 01:52:00,0
2011-04-14 03:00:00,WIND,600702,1,HCM,1,18974,1011,310,9,300,13,203,6,6,6,6,6,NA,NA,NA,NA,2011-04-14 02:52:00,0
2011-04-14 04:00:00,WIND,600702,1,HCM,1,18974,1011,310,7,320,11,300,6,6,6,6,6,NA,NA,NA,NA,2011-04-14 03:52:00,0
2011-04-14 05:00:00,WIND,600702,1,HCM,1,18974,1011,300,5,300,8,352,6,6,6,6,6,NA,NA,NA,NA,2011-04-14 04:52:00,0
2011-04-14 06:00:00,WIND,600702,1,HCM,1,18974,1011,300,7,300,11,528,6,6,6,6,6,NA,NA,NA,NA,2011-04-14 05:52:00,0
2011-04-14 07:00:00,WIND,600702,1,HCM,1,18974,1011,250,3,290,7,550,6,6,6,6,6,NA,NA,NA,NA,2011-04-14 06:52:00,0
2011-04-14 08:00:00,WIND,600702,1,HCM,1,18974,1011,200,4,230,7,745,6,6,6,6,6,NA,NA,NA,NA,2011-04-14 07:52:00,0
2011-04-14 09:00:00,WIND,600702,1,HCM,1,18974,1011,230,6,240,12,848,6,6,6,6,6,NA,NA,NA,NA,2011-04-14 08:54:00,0
2011-04-14 10:00:00,WIND,600702,1,HCM,1,18974,1011,230,9,240,13,944,6,6,6,6,6,NA,NA,NA,NA,2011-04-14 09:52:00,0
2011-04-14 11:00:00,WIND,600702,1,HCM,1,18974,1011,230,11,230,15,1046,6,6,6,6,6,NA,NA,NA,NA,2011-04-14 10:52:00,0
2011-04-14 12:00:00,WIND,600702,1,HCM,1,18974,1011,230,11,240,16,1110,6,6,6,6,6,NA,NA,NA,NA,2011-04-14 11:52:00,0
2011-04-14 13:00:00,WIND,600702,1,HCM,1,18974,1011,250,11,240,17,1226,6,6,6,6,6,NA,NA,NA,NA,2011-04-14 12:52:00,0
2011-04-14 14:00:00,WIND,600702,1,HCM,1,18974,1011,250,11,250,16,1339,6,6,6,6,6,NA,NA,NA,NA,2011-04-14 13:52:00,0
2011-04-14 15:00:00,WIND,600702,1,HCM,1,18974,1011,270,10,270,16,1418,6,6,6,6,6,NA,NA,NA,NA,2011-04-14 14:52:00,0
2011-04-14 16:00:00,WIND,600702,1,HCM,1,18974,1011,260,8,270,13,1504,6,6,6,6,6,NA,NA,NA,NA,2011-04-14 15:52:00,0
2011-04-14 17:00:00,WIND,600702,1,HCM,1,18974,1011,230,9,230,14,1640,6,6,6,6,6,NA,NA,NA,NA,2011-04-14 16:53:00,0
2011-04-14 18:00:00,WIND,600702,1,HCM,1,18974,1011,240,10,240,15,1739,6,6,6,6,6,NA,NA,NA,NA,2011-04-14 17:52:00,0
2011-04-14 19:00:00,WIND,600702,1,HCM,1,18974,1011,240,8,240,12,1752,6,6,6,6,6,NA,NA,NA,NA,2011-04-14 18:52:00,0
2011-04-14 20:00:00,WIND,600702,1,HCM,1,18974,1011,230,7,230,12,1941,6,6,6,6,6,NA,NA,NA,NA,2011-04-14 19:52:00,0
2011-04-14 21:00:00,WIND,600702,1,HCM,1,18974,1011,240,6,240,8,2005,6,6,6,6,6,NA,NA,NA,NA,2011-04-14 20:54:00,0
2011-04-14 22:00:00,WIND,600702,1,HCM,1,18974,1011,230,4,260,6,2053,6,6,6,6,6,NA,NA,NA,NA,2011-04-14 21:52:00,0
2011-04-14 23:00:00,WIND,600702,1,HCM,1,18974,1011,180,5,180,8,2245,6,6,6,6,6,NA,NA,NA,NA,2011-04-14 22:52:00,0
2011-04-15 00:00:00,WIND,600702,1,HCM,1,18974,1011,180,7,180,10,2345,6,6,6,6,6,NA,NA,NA,NA,2011-04-14 23:52:00,0
2011-04-15 01:00:00,WIND,600702,1,HCM,1,18974,1011,190,8,200,12,7,6,6,6,6,6,NA,NA,NA,NA,2011-04-15 00:52:00,0
2011-04-15 02:00:00,WIND,600702,1,HCM,1,18974,1011,200,10,200,15,106,6,6,6,6,6,NA,NA,NA,NA,2011-04-15 01:52:00,0
2011-04-15 03:00:00,WIND,600702,1,HCM,1,18974,1011,200,10,200,13,235,6,6,6,6,6,NA,NA,NA,NA,2011-04-15 02:52:00,0
2011-04-15 04:00:00,WIND,600702,1,HCM,1,18974,1011,200,9,200,13,337,6,6,6,6,6,NA,NA,NA,NA,2011-04-15 03:51:00,0
2011-04-15 05:00:00,WIND,600702,1,HCM,1,18974,1011,200,9,200,13,443,6,6,6,6,6,NA,NA,NA,NA,2011-04-15 04:52:00,0
2011-04-15 06:00:00,WIND,600702,1,HCM,1,18974,1011,200,9,200,13,453,6,6,6,6,6,NA,NA,NA,NA,2011-04-15 05:52:00,0
2011-04-15 07:00:00,WIND,600702,1,HCM,1,18974,1011,200,8,190,12,633,6,6,6,6,6,NA,NA,NA,NA,2011-04-15 06:52:00,0
2011-04-15 08:00:00,WIND,600702,1,HCM,1,18974,1011,200,9,210,14,735,6,6,6,6,6,NA,NA,NA,NA,2011-04-15 07:52:00,0
2011-04-15 09:00:00,WIND,600702,1,HCM,1,18974,1011,210,11,210,17,834,6,6,6,6,6,NA,NA,NA,NA,2011-04-15 08:54:00,0
2011-04-15 10:00:00,WIND,600702,1,HCM,1,18974,1011,210,14,200,20,938,6,6,6,6,6,NA,NA,NA,NA,2011-04-15 09:52:00,0
2011-04-15 11:00:00,WIND,600702,1,HCM,1,18974,1011,200,13,210,19,1002,6,6,6,6,6,NA,NA,NA,NA,2011-04-15 10:51:00,0
2011-04-15 12:00:00,WIND,600702,1,HCM,1,18974,1011,200,13,190,19,1106,6,6,6,6,6,NA,NA,NA,NA,2011-04-15 11:52:00,0
2011-04-15 13:00:00,WIND,600702,1,HCM,1,18974,1011,200,13,210,19,1229,6,6,6,6,6,NA,NA,NA,NA,2011-04-15 12:52:00,0
2011-04-15 14:00:00,WIND,600702,1,HCM,1,18974,1011,200,13,190,19,1255,6,6,6,6,6,NA,NA,NA,NA,2011-04-15 13:52:00,0
2011-04-15 15:00:00,WIND,600702,1,HCM,1,18974,1011,200,12,210,23,1447,6,6,6,6,6,NA,NA,NA,NA,2011-04-15 14:53:00,0
2011-04-15 16:00:00,WIND,600702,1,HCM,1,18974,1011,200,13,220,20,1450,6,6,6,6,6,NA,NA,NA,NA,2011-04-15 15:52:00,0
2011-04-15 17:00:00,WIND,600702,1,HCM,1,18974,1011,200,13,200,19,1612,6,6,6,6,6,NA,NA,NA,NA,2011-04-15 16:52:00,0
2011-04-15 18:00:00,WIND,600702,1,HCM,1,18974,1011,200,13,190,18,1737,6,6,6,6,6,NA,NA,NA,NA,2011-04-15 17:52:00,0
2011-04-15 19:00:00,WIND,600702,1,HCM,1,18974,1011,190,14,180,19,1824,6,6,6,6,6,NA,NA,NA,NA,2011-04-15 18:52:00,0
2011-04-15 20:00:00,WIND,600702,1,HCM,1,18974,1011,190,12,200,17,1911,6,6,6,6,6,NA,NA,NA,NA,2011-04-15 19:52:00,0
2011-04-15 21:00:00,WIND,600702,1,HCM,1,18974,1011,200,9,200,12,1959,6,6,6,6,6,NA,NA,NA,NA,2011-04-15 20:54:00,0
2011-04-15 22:00:00,WIND,600702,1,HCM,1,18974,1011,250,11,330,19,2134,6,6,6,6,6,NA,NA,NA,NA,2011-04-15 21:52:00,0
2011-04-15 23:00:00,WIND,600702,1,HCM,1,18974,1011,330,12,320,16,2217,6,6,6,6,6,NA,NA,NA,NA,2011-04-15 22:52:00,0
2011-04-16 00:00:00,WIND,600702,1,HCM,1,18974,1011,320,11,300,18,2318,6,6,6,6,6,NA,NA,NA,NA,2011-04-15 23:52:00,0
2011-04-16 01:00:00,WIND,600702,1,HCM,1,18974,1011,300,11,300,16,32,6,6,6,6,6,NA,NA,NA,NA,2011-04-16 00:52:00,0
2011-04-16 02:00:00,WIND,600702,1,HCM,1,18974,1011,290,10,300,14,57,6,6,6,6,6,NA,NA,NA,NA,2011-04-16 01:52:00,0
2011-04-16 03:00:00,WIND,600702,1,HCM,1,18974,1011,290,10,300,16,151,6,6,6,6,6,NA,NA,NA,NA,2011-04-16 02:52:00,0
2011-04-16 04:00:00,WIND,600702,1,HCM,1,18974,1011,280,8,280,15,340,6,6,6,6,6,NA,NA,NA,NA,2011-04-16 03:52:00,0
2011-04-16 05:00:00,WIND,600702,1,HCM,1,18974,1011,270,8,270,12,407,6,6,6,6,6,NA,NA,NA,NA,2011-04-16 04:52:00,0
2011-04-16 06:00:00,WIND,600702,1,HCM,1,18974,1011,260,9,270,14,503,6,6,6,6,6,NA,NA,NA,NA,2011-04-16 05:52:00,0
2011-04-16 07:00:00,WIND,600702,1,HCM,1,18974,1011,260,6,260,11,649,6,6,6,6,6,NA,NA,NA,NA,2011-04-16 06:52:00,0
2011-04-16 08:00:00,WIND,600702,1,HCM,1,18974,1011,240,8,240,12,727,6,6,6,6,6,NA,NA,NA,NA,2011-04-16 07:52:00,0
2011-04-16 09:00:00,WIND,600702,1,HCM,1,18974,1011,230,8,250,13,849,6,6,6,6,6,NA,NA,NA,NA,2011-04-16 08:54:00,0
2011-04-16 10:00:00,WIND,600702,1,HCM,1,18974,1011,240,11,250,16,944,6,6,6,6,6,NA,NA,NA,NA,2011-04-16 09:52:00,0
2011-04-16 11:00:00,WIND,600702,1,HCM,1,18974,1011,250,13,250,18,1042,6,6,6,6,6,NA,NA,NA,NA,2011-04-16 10:52:00,0
2011-04-16 12:00:00,WIND,600702,1,HCM,1,18974,1011,230,13,240,19,1058,6,6,6,6,6,NA,NA,NA,NA,2011-04-16 11:52:00,0
2011-04-16 13:00:00,WIND,600702,1,HCM,1,18974,1011,240,15,250,21,1209,6,6,6,6,6,NA,NA,NA,NA,2011-04-16 12:52:00,0
2011-04-16 14:00:00,WIND,600702,1,HCM,1,18974,1011,230,16,230,21,1252,6,6,6,6,6,NA,NA,NA,NA,2011-04-16 13:52:00,0
2011-04-16 15:00:00,WIND,600702,1,HCM,1,18974,1011,230,15,240,22,1355,6,6,6,6,6,NA,NA,NA,NA,2011-04-16 14:52:00,0
2011-04-16 16:00:00,WIND,600702,1,HCM,1,18974,1011,230,14,230,22,1503,6,6,6,6,6,NA,NA,NA,NA,2011-04-16 15:52:00,0
2011-04-16 17:00:00,WIND,600702,1,HCM,1,18974,1011,230,13,230,17,1628,6,6,6,6,6,NA,NA,NA,NA,2011-04-16 16:52:00,0
2011-04-16 18:00:00,WIND,600702,1,HCM,1,18974,1011,220,12,220,18,1723,6,6,6,6,6,NA,NA,NA,NA,2011-04-16 17:52:00,0
2011-04-16 19:00:00,WIND,600702,1,HCM,1,18974,1011,220,12,220,17,1755,6,6,6,6,6,NA,NA,NA,NA,2011-04-16 18:52:00,0
2011-04-16 20:00:00,WIND,600702,1,HCM,1,18974,1011,210,10,220,14,1942,6,6,6,6,6,NA,NA,NA,NA,2011-04-16 19:52:00,0
2011-04-16 21:00:00,WIND,600702,1,HCM,1,18974,1011,210,10,210,15,2016,6,6,6,6,6,NA,NA,NA,NA,2011-04-16 20:54:00,0
2011-04-16 22:00:00,WIND,600702,1,HCM,1,18974,1011,210,11,210,17,2146,6,6,6,6,6,NA,NA,NA,NA,2011-04-16 21:52:00,0
2011-04-16 23:00:00,WIND,600702,1,HCM,1,18974,1011,210,11,220,17,2223,6,6,6,6,6,NA,NA,NA,NA,2011-04-16 22:52:00,0
2011-04-17 00:00:00,WIND,600702,1,HCM,1,18974,1011,200,12,210,18,2320,6,6,6,6,6,NA,NA,NA,NA,2011-04-16 23:52:00,0
2011-04-17 01:00:00,WIND,600702,1,HCM,1,18974,1011,200,11,190,17,2351,6,6,6,6,6,NA,NA,NA,NA,2011-04-17 00:52:00,0
2011-04-17 02:00:00,WIND,600702,1,HCM,1,18974,1011,200,11,210,17,104,6,6,6,6,6,NA,NA,NA,NA,2011-04-17 01:52:00,0
2011-04-17 03:00:00,WIND,600702,1,HCM,1,18974,1011,210,10,210,16,205,6,6,6,6,6,NA,NA,NA,NA,2011-04-17 02:52:00,0
2011-04-17 04:00:00,WIND,600702,1,HCM,1,18974,1011,200,9,210,13,257,6,6,6,6,6,NA,NA,NA,NA,2011-04-17 03:52:00,0
2011-04-17 05:00:00,WIND,600702,1,HCM,1,18974,1011,210,8,190,12,354,6,6,6,6,6,NA,NA,NA,NA,2011-04-17 04:52:00,0
2011-04-17 06:00:00,WIND,600702,1,HCM,1,18974,1011,220,9,220,13,453,6,6,6,6,6,NA,NA,NA,NA,2011-04-17 05:52:00,0
2011-04-17 07:00:00,WIND,600702,1,HCM,1,18974,1011,200,8,210,11,607,6,6,6,6,6,NA,NA,NA,NA,2011-04-17 06:52:00,0
2011-04-17 08:00:00,WIND,600702,1,HCM,1,18974,1011,180,8,190,11,724,6,6,6,6,6,NA,NA,NA,NA,2011-04-17 07:52:00,0
2011-04-17 09:00:00,WIND,600702,1,HCM,1,18974,1011,200,9,200,13,819,6,6,6,6,6,NA,NA,NA,NA,2011-04-17 08:54:00,0
2011-04-17 10:00:00,WIND,600702,1,HCM,1,18974,1011,210,9,210,14,922,6,6,6,6,6,NA,NA,NA,NA,2011-04-17 09:52:00,0
2011-04-17 11:00:00,WIND,600702,1,HCM,1,18974,1011,210,9,230,14,1040,6,6,6,6,6,NA,NA,NA,NA,2011-04-17 10:52:00,0
2011-04-17 12:00:00,WIND,600702,1,HCM,1,18974,1011,230,11,230,16,1139,6,6,6,6,6,NA,NA,NA,NA,2011-04-17 11:52:00,0
2011-04-17 13:00:00,WIND,600702,1,HCM,1,18974,1011,240,12,240,16,1227,6,6,6,6,6,NA,NA,NA,NA,2011-04-17 12:52:00,0
2011-04-17 14:00:00,WIND,600702,1,HCM,1,18974,1011,230,10,250,14,1255,6,6,6,6,6,NA,NA,NA,NA,2011-04-17 13:51:00,0
2011-04-17 15:00:00,WIND,600702,1,HCM,1,18974,1011,230,10,240,13,1409,6,6,6,6,6,NA,NA,NA,NA,2011-04-17 14:52:00,0
2011-04-17 16:00:00,WIND,600702,1,HCM,1,18974,1011,220,10,220,14,1523,6,6,6,6,6,NA,NA,NA,NA,2011-04-17 15:52:00,0
2011-04-17 17:00:00,WIND,600702,1,HCM,1,18974,1011,190,7,220,11,1552,6,6,6,6,6,NA,NA,NA,NA,2011-04-17 16:52:00,0
2011-04-17 18:00:00,WIND,600702,1,HCM,1,18974,1011,180,6,180,8,1719,6,6,6,6,6,NA,NA,NA,NA,2011-04-17 17:52:00,0
2011-04-17 19:00:00,WIND,600702,1,HCM,1,18974,1011,170,7,180,9,1806,6,6,6,6,6,NA,NA,NA,NA,2011-04-17 18:52:00,0
2011-04-17 20:00:00,WIND,600702,1,HCM,1,18974,1011,160,6,160,9,1910,6,6,6,6,6,NA,NA,NA,NA,2011-04-17 19:52:00,0
2011-04-17 21:00:00,WIND,600702,1,HCM,1,18974,1011,190,2,160,5,2004,6,6,6,6,6,NA,NA,NA,NA,2011-04-17 20:54:00,0
2011-04-17 22:00:00,WIND,600702,1,HCM,1,18974,1011,80,2,70,5,2056,6,6,6,6,6,NA,NA,NA,NA,2011-04-17 21:52:00,0
2011-04-17 23:00:00,WIND,600702,1,HCM,1,18974,1011,160,4,170,7,2204,6,6,6,6,6,NA,NA,NA,NA,2011-04-17 22:52:00,0
2011-04-18 00:00:00,WIND,600702,1,HCM,1,18974,1011,130,8,130,12,2343,6,6,6,6,6,NA,NA,NA,NA,2011-04-17 23:52:00,0
2011-04-18 01:00:00,WIND,600702,1,HCM,1,18974,1011,140,9,140,12,17,6,6,6,6,6,NA,NA,NA,NA,2011-04-18 00:52:00,0
2011-04-18 02:00:00,WIND,600702,1,HCM,1,18974,1011,150,9,150,14,134,6,6,6,6,6,NA,NA,NA,NA,2011-04-18 01:52:00,0
2011-04-18 03:00:00,WIND,600702,1,HCM,1,18974,1011,160,10,160,14,226,6,6,6,6,6,NA,NA,NA,NA,2011-04-18 02:52:00,0
2011-04-18 04:00:00,WIND,600702,1,HCM,1,18974,1011,160,9,160,13,257,6,6,6,6,6,NA,NA,NA,NA,2011-04-18 03:52:00,0
2011-04-18 05:00:00,WIND,600702,1,HCM,1,18974,1011,150,10,150,14,443,6,6,6,6,6,NA,NA,NA,NA,2011-04-18 04:51:00,0
2011-04-18 06:00:00,WIND,600702,1,HCM,1,18974,1011,150,11,140,16,548,6,6,6,6,6,NA,NA,NA,NA,2011-04-18 05:52:00,0
2011-04-18 07:00:00,WIND,600702,1,HCM,1,18974,1011,150,14,150,18,643,6,6,6,6,6,NA,NA,NA,NA,2011-04-18 06:52:00,0
2011-04-18 08:00:00,WIND,600702,1,HCM,1,18974,1011,150,15,150,19,707,6,6,6,6,6,NA,NA,NA,NA,2011-04-18 07:52:00,0
2011-04-18 09:00:00,WIND,600702,1,HCM,1,18974,1011,150,16,150,21,824,6,6,6,6,6,NA,NA,NA,NA,2011-04-18 08:54:00,0
2011-04-18 10:00:00,WIND,600702,1,HCM,1,18974,1011,150,14,140,19,852,6,6,6,6,6,NA,NA,NA,NA,2011-04-18 09:52:00,0
2011-04-18 11:00:00,WIND,600702,1,HCM,1,18974,1011,150,14,150,18,1022,6,6,6,6,6,NA,NA,NA,NA,2011-04-18 10:52:00,0
2011-04-18 12:00:00,WIND,600702,1,HCM,1,18974,1011,150,13,140,18,1147,6,6,6,6,6,NA,NA,NA,NA,2011-04-18 11:52:00,0
2011-04-18 13:00:00,WIND,600702,1,HCM,1,18974,1011,140,13,140,20,1239,6,6,6,6,6,NA,NA,NA,NA,2011-04-18 12:52:00,0
2011-04-18 14:00:00,WIND,600702,1,HCM,1,18974,1011,140,14,140,20,1344,6,6,6,6,6,NA,NA,NA,NA,2011-04-18 13:52:00,0
2011-04-18 15:00:00,WIND,600702,1,HCM,1,18974,1011,140,15,140,21,1410,6,6,6,6,6,NA,NA,NA,NA,2011-04-18 14:53:00,0
2011-04-18 16:00:00,WIND,600702,1,HCM,1,18974,1011,150,14,150,19,1512,6,6,6,6,6,NA,NA,NA,NA,2011-04-18 15:52:00,0
2011-04-18 17:00:00,WIND,600702,1,HCM,1,18974,1011,160,12,150,17,1556,6,6,6,6,6,NA,NA,NA,NA,2011-04-18 16:52:00,0
2011-04-18 18:00:00,WIND,600702,1,HCM,1,18974,1011,160,14,160,19,1727,6,6,6,6,6,NA,NA,NA,NA,2011-04-18 17:52:00,0
2011-04-18 19:00:00,WIND,600702,1,HCM,1,18974,1011,190,12,170,18,1755,6,6,6,6,6,NA,NA,NA,NA,2011-04-18 18:52:00,0
2011-04-18 20:00:00,WIND,600702,1,HCM,1,18974,1011,230,10,210,15,1913,6,6,6,6,6,NA,NA,NA,NA,2011-04-18 19:52:00,0
2011-04-18 21:00:00,WIND,600702,1,HCM,1,18974,1011,200,7,190,12,2005,6,6,6,6,6,NA,NA,NA,NA,2011-04-18 20:55:00,0
2011-04-18 22:00:00,WIND,600702,1,HCM,1,18974,1011,160,4,180,6,2050,6,6,6,6,6,NA,NA,NA,NA,2011-04-18 21:52:00,0
2011-04-18 23:00:00,WIND,600702,1,HCM,1,18974,1011,130,6,140,9,2246,6,6,6,6,6,NA,NA,NA,NA,2011-04-18 22:52:00,0
2011-04-19 00:00:00,WIND,600702,1,HCM,1,18974,1011,130,6,130,9,2313,6,6,6,6,6,NA,NA,NA,NA,2011-04-18 23:52:00,0
2011-04-19 01:00:00,WIND,600702,1,HCM,1,18974,1011,120,5,130,9,18,6,6,6,6,6,NA,NA,NA,NA,2011-04-19 00:52:00,0
2011-04-19 02:00:00,WIND,600702,1,HCM,1,18974,1011,130,4,140,8,135,6,6,6,6,6,NA,NA,NA,NA,2011-04-19 01:52:00,0
2011-04-19 03:00:00,WIND,600702,1,HCM,1,18974,1011,130,6,130,7,158,6,6,6,6,6,NA,NA,NA,NA,2011-04-19 02:52:00,0
2011-04-19 04:00:00,WIND,600702,1,HCM,1,18974,1011,150,4,150,7,306,6,6,6,6,6,NA,NA,NA,NA,2011-04-19 03:52:00,0
2011-04-19 05:00:00,WIND,600702,1,HCM,1,18974,1011,190,2,160,4,437,6,6,6,6,6,NA,NA,NA,NA,2011-04-19 04:52:00,0
2011-04-19 06:00:00,WIND,600702,1,HCM,1,18974,1011,110,2,120,4,512,6,6,6,6,6,NA,NA,NA,NA,2011-04-19 05:52:00,0
2011-04-19 07:00:00,WIND,600702,1,HCM,1,18974,1011,310,1,310,3,635,6,6,6,6,6,NA,NA,NA,NA,2011-04-19 06:51:00,0
2011-04-19 08:00:00,WIND,600702,1,HCM,1,18974,1011,140,3,160,7,748,6,6,6,6,6,NA,NA,NA,NA,2011-04-19 07:52:00,0
2011-04-19 09:00:00,WIND,600702,1,HCM,1,18974,1011,170,5,160,7,803,6,6,6,6,6,NA,NA,NA,NA,2011-04-19 08:55:00,0
2011-04-19 10:00:00,WIND,600702,1,HCM,1,18974,1011,170,4,350,11,948,6,6,6,6,6,NA,NA,NA,NA,2011-04-19 09:52:00,0
2011-04-19 11:00:00,WIND,600702,1,HCM,1,18974,1011,10,9,10,13,1018,6,6,6,6,6,NA,NA,NA,NA,2011-04-19 10:53:00,0
2011-04-19 12:00:00,WIND,600702,1,HCM,1,18974,1011,30,9,30,13,1106,6,6,6,6,6,NA,NA,NA,NA,2011-04-19 11:52:00,0
2011-04-19 13:00:00,WIND,600702,1,HCM,1,18974,1011,20,9,10,11,1236,6,6,6,6,6,NA,NA,NA,NA,2011-04-19 12:52:00,0
2011-04-19 14:00:00,WIND,600702,1,HCM,1,18974,1011,10,10,10,13,1300,6,6,6,6,6,NA,NA,NA,NA,2011-04-19 13:52:00,0
2011-04-19 15:00:00,WIND,600702,1,HCM,1,18974,1011,10,13,10,17,1428,6,6,6,6,6,NA,NA,NA,NA,2011-04-19 14:52:00,0
2011-04-19 16:00:00,WIND,600702,1,HCM,1,18974,1011,20,13,20,17,1457,6,6,6,6,6,NA,NA,NA,NA,2011-04-19 15:51:00,0
2011-04-19 17:00:00,WIND,600702,1,HCM,1,18974,1011,10,11,10,16,1550,6,6,6,6,6,NA,NA,NA,NA,2011-04-19 16:51:00,0
2011-04-19 18:00:00,WIND,600702,1,HCM,1,18974,1011,10,10,10,14,1718,6,6,6,6,6,NA,NA,NA,NA,2011-04-19 17:51:00,0
2011-04-19 19:00:00,WIND,600702,1,HCM,1,18974,1011,360,10,350,14,1845,6,6,6,6,6,NA,NA,NA,NA,2011-04-19 18:51:00,0
2011-04-19 20:00:00,WIND,600702,1,HCM,1,18974,1011,360,11,360,15,1943,6,6,6,6,6,NA,NA,NA,NA,2011-04-19 19:51:00,0
2011-04-19 21:00:00,WIND,600702,1,HCM,1,18974,1011,10,10,10,14,2001,6,6,6,6,6,NA,NA,NA,NA,2011-04-19 20:54:00,0
2011-04-19 22:00:00,WIND,600702,1,HCM,1,18974,1011,10,8,10,13,2148,6,6,6,6,6,NA,NA,NA,NA,2011-04-19 21:51:00,0
2011-04-19 23:00:00,WIND,600702,1,HCM,1,18974,1011,20,9,10,12,2151,6,6,6,6,6,NA,NA,NA,NA,2011-04-19 22:51:00,0
2011-04-20 00:00:00,WIND,600702,1,HCM,1,18974,1011,20,8,20,10,2323,6,6,6,6,6,NA,NA,NA,NA,2011-04-19 23:51:00,0
2011-04-20 01:00:00,WIND,600702,1,HCM,1,18974,1011,30,6,20,8,2357,6,6,6,6,6,NA,NA,NA,NA,2011-04-20 00:51:00,0
2011-04-20 02:00:00,WIND,600702,1,HCM,1,18974,1011,30,4,40,5,139,6,6,6,6,6,NA,NA,NA,NA,2011-04-20 01:51:00,0
2011-04-20 03:00:00,WIND,600702,1,HCM,1,18974,1011,40,4,10,5,249,6,6,6,6,6,NA,NA,NA,NA,2011-04-20 02:51:00,0
2011-04-20 04:00:00,WIND,600702,1,HCM,1,18974,1011,20,4,10,5,251,6,6,6,6,6,NA,NA,NA,NA,2011-04-20 03:52:00,0
2011-04-20 05:00:00,WIND,600702,1,HCM,1,18974,1011,40,3,40,4,411,6,6,6,6,6,NA,NA,NA,NA,2011-04-20 04:51:00,0
2011-04-20 06:00:00,WIND,600702,1,HCM,1,18974,1011,90,3,100,4,537,6,6,6,6,6,NA,NA,NA,NA,2011-04-20 05:51:00,0
2011-04-20 07:00:00,WIND,600702,1,HCM,1,18974,1011,140,4,170,7,642,6,6,6,6,6,NA,NA,NA,NA,2011-04-20 06:51:00,0
2011-04-20 08:00:00,WIND,600702,1,HCM,1,18974,1011,170,7,180,9,711,6,6,6,6,6,NA,NA,NA,NA,2011-04-20 07:51:00,0
2011-04-20 09:00:00,WIND,600702,1,HCM,1,18974,1011,170,7,170,11,818,6,6,6,6,6,NA,NA,NA,NA,2011-04-20 08:54:00,0
2011-04-20 10:00:00,WIND,600702,1,HCM,1,18974,1011,180,7,170,9,850,6,6,6,6,6,NA,NA,NA,NA,2011-04-20 09:52:00,0
2011-04-20 11:00:00,WIND,600702,1,HCM,1,18974,1011,190,7,190,10,1031,6,6,6,6,6,NA,NA,NA,NA,2011-04-20 10:52:00,0
2011-04-20 12:00:00,WIND,600702,1,HCM,1,18974,1011,170,8,170,11,1139,6,6,6,6,6,NA,NA,NA,NA,2011-04-20 11:52:00,0
2011-04-20 13:00:00,WIND,600702,1,HCM,1,18974,1011,180,8,180,11,1230,6,6,6,6,6,NA,NA,NA,NA,2011-04-20 12:51:00,0
2011-04-20 14:00:00,WIND,600702,1,HCM,1,18974,1011,190,9,180,13,1336,6,6,6,6,6,NA,NA,NA,NA,2011-04-20 13:52:00,0
2011-04-20 15:00:00,WIND,600702,1,HCM,1,18974,1011,180,9,180,12,1400,6,6,6,6,6,NA,NA,NA,NA,2011-04-20 14:52:00,0
2011-04-20 16:00:00,WIND,600702,1,HCM,1,18974,1011,180,7,180,9,1514,6,6,6,6,6,NA,NA,NA,NA,2011-04-20 15:51:00,0
2011-04-20 17:00:00,WIND,600702,1,HCM,1,18974,1011,200,7,230,11,1639,6,6,6,6,6,NA,NA,NA,NA,2011-04-20 16:51:00,0
2011-04-20 18:00:00,WIND,600702,1,HCM,1,18974,1011,250,8,240,11,1656,6,6,6,6,6,NA,NA,NA,NA,2011-04-20 17:51:00,0
2011-04-20 19:00:00,WIND,600702,1,HCM,1,18974,1011,270,8,260,11,1752,6,6,6,6,6,NA,NA,NA,NA,2011-04-20 18:51:00,0
2011-04-20 20:00:00,WIND,600702,1,HCM,1,18974,1011,270,7,260,8,1904,6,6,6,6,6,NA,NA,NA,NA,2011-04-20 19:51:00,0
2011-04-20 21:00:00,WIND,600702,1,HCM,1,18974,1011,300,4,280,6,1950,6,6,6,6,6,NA,NA,NA,NA,2011-04-20 20:54:00,0
2011-04-20 22:00:00,WIND,600702,1,HCM,1,18974,1011,320,3,300,6,2137,6,6,6,6,6,NA,NA,NA,NA,2011-04-20 21:52:00,0
2011-04-20 23:00:00,WIND,600702,1,HCM,1,18974,1011,290,1,310,5,2249,6,6,6,6,6,NA,NA,NA,NA,2011-04-20 22:52:00,0
2011-04-21 00:00:00,WIND,600702,1,HCM,1,18974,1011,320,4,320,7,2316,6,6,6,6,6,NA,NA,NA,NA,2011-04-20 23:52:00,0
2011-04-21 01:00:00,WIND,600702,1,HCM,1,18974,1011,310,2,330,4,2354,6,6,6,6,6,NA,NA,NA,NA,2011-04-21 00:52:00,0
2011-04-21 02:00:00,WIND,600702,1,HCM,1,18974,1011,320,1,290,3,50,6,6,6,6,6,NA,NA,NA,NA,2011-04-21 01:52:00,0
2011-04-21 03:00:00,WIND,600702,1,HCM,1,18974,1011,10,2,10,3,220,6,6,6,6,6,NA,NA,NA,NA,2011-04-21 02:52:00,0
2011-04-21 04:00:00,WIND,600702,1,HCM,1,18974,1011,40,2,20,3,308,6,6,6,6,6,NA,NA,NA,NA,2011-04-21 03:52:00,0
2011-04-21 05:00:00,WIND,600702,1,HCM,1,18974,1011,60,2,70,3,412,6,6,6,6,6,NA,NA,NA,NA,2011-04-21 04:52:00,0
2011-04-21 06:00:00,WIND,600702,1,HCM,1,18974,1011,40,1,80,3,455,6,6,6,6,6,NA,NA,NA,NA,2011-04-21 05:52:00,0
2011-04-21 07:00:00,WIND,600702,1,HCM,1,18974,1011,20,1,10,3,626,6,6,6,6,6,NA,NA,NA,NA,2011-04-21 06:51:00,0
2011-04-21 08:00:00,WIND,600702,1,HCM,1,18974,1011,40,3,10,6,748,6,6,6,6,6,NA,NA,NA,NA,2011-04-21 07:52:00,0
2011-04-21 09:00:00,WIND,600702,1,HCM,1,18974,1011,30,6,20,9,849,6,6,6,6,6,NA,NA,NA,NA,2011-04-21 08:54:00,0
2011-04-21 10:00:00,WIND,600702,1,HCM,1,18974,1011,30,8,20,10,903,6,6,6,6,6,NA,NA,NA,NA,2011-04-21 09:52:00,0
2011-04-21 11:00:00,WIND,600702,1,HCM,1,18974,1011,40,8,40,12,1000,6,6,6,6,6,NA,NA,NA,NA,2011-04-21 10:52:00,0
2011-04-21 12:00:00,WIND,600702,1,HCM,1,18974,1011,80,7,70,11,1130,6,6,6,6,6,NA,NA,NA,NA,2011-04-21 11:52:00,0
2011-04-21 13:00:00,WIND,600702,1,HCM,1,18974,1011,100,5,70,9,1150,6,6,6,6,6,NA,NA,NA,NA,2011-04-21 12:52:00,0
2011-04-21 14:00:00,WIND,600702,1,HCM,1,18974,1011,90,4,20,9,1348,6,6,6,6,6,NA,NA,NA,NA,2011-04-21 13:52:00,0
2011-04-21 15:00:00,WIND,600702,1,HCM,1,18974,1011,40,6,20,10,1351,6,6,6,6,6,NA,NA,NA,NA,2011-04-21 14:52:00,0
2011-04-21 16:00:00,WIND,600702,1,HCM,1,18974,1011,80,5,60,8,1547,6,6,6,6,6,NA,NA,NA,NA,2011-04-21 15:52:00,0
2011-04-21 17:00:00,WIND,600702,1,HCM,1,18974,1011,50,6,50,9,1620,6,6,6,6,6,NA,NA,NA,NA,2011-04-21 16:52:00,0
2011-04-21 18:00:00,WIND,600702,1,HCM,1,18974,1011,50,6,40,9,1707,6,6,6,6,6,NA,NA,NA,NA,2011-04-21 17:51:00,0
2011-04-21 19:00:00,WIND,600702,1,HCM,1,18974,1011,50,4,80,7,1808,6,6,6,6,6,NA,NA,NA,NA,2011-04-21 18:52:00,0
2011-04-21 20:00:00,WIND,600702,1,HCM,1,18974,1011,60,4,80,7,1948,6,6,6,6,6,NA,NA,NA,NA,2011-04-21 19:52:00,0
2011-04-21 21:00:00,WIND,600702,1,HCM,1,18974,1011,80,6,90,7,2042,6,6,6,6,6,NA,NA,NA,NA,2011-04-21 20:54:00,0
2011-04-21 22:00:00,WIND,600702,1,HCM,1,18974,1011,90,6,100,9,2136,6,6,6,6,6,NA,NA,NA,NA,2011-04-21 21:51:00,0
2011-04-21 23:00:00,WIND,600702,1,HCM,1,18974,1011,120,8,120,10,2205,6,6,6,6,6,NA,NA,NA,NA,2011-04-21 22:51:00,0
2011-04-22 00:00:00,WIND,600702,1,HCM,1,18974,1011,130,7,130,10,2326,6,6,6,6,6,NA,NA,NA,NA,2011-04-21 23:52:00,0
2011-04-22 01:00:00,WIND,600702,1,HCM,1,18974,1011,130,9,120,15,36,6,6,6,6,6,NA,NA,NA,NA,2011-04-22 00:52:00,0
2011-04-22 02:00:00,WIND,600702,1,HCM,1,18974,1011,120,10,130,13,141,6,6,6,6,6,NA,NA,NA,NA,2011-04-22 01:52:00,0
2011-04-22 03:00:00,WIND,600702,1,HCM,1,18974,1011,130,13,130,19,228,6,6,6,6,6,NA,NA,NA,NA,2011-04-22 02:52:00,0
2011-04-22 04:00:00,WIND,600702,1,HCM,1,18974,1011,130,13,130,17,305,6,6,6,6,6,NA,NA,NA,NA,2011-04-22 03:52:00,0
2011-04-22 05:00:00,WIND,600702,1,HCM,1,18974,1011,140,16,130,21,418,6,6,6,6,6,NA,NA,NA,NA,2011-04-22 04:52:00,0
2011-04-22 06:00:00,WIND,600702,1,HCM,1,18974,1011,130,13,130,18,455,6,6,6,6,6,NA,NA,NA,NA,2011-04-22 05:52:00,0
2011-04-22 07:00:00,WIND,600702,1,HCM,1,18974,1011,140,16,140,20,644,6,6,6,6,6,NA,NA,NA,NA,2011-04-22 06:52:00,0
2011-04-22 08:00:00,WIND,600702,1,HCM,1,18974,1011,110,12,130,17,651,6,6,6,6,6,NA,NA,NA,NA,2011-04-22 07:52:00,0
2011-04-22 09:00:00,WIND,600702,1,HCM,1,18974,1011,120,13,120,21,824,6,6,6,6,6,NA,NA,NA,NA,2011-04-22 08:54:00,0
2011-04-22 10:00:00,WIND,600702,1,HCM,1,18974,1011,130,15,120,21,949,6,6,6,6,6,NA,NA,NA,NA,2011-04-22 09:52:00,0
2011-04-22 11:00:00,WIND,600702,1,HCM,1,18974,1011,130,16,120,23,955,6,6,6,6,6,NA,NA,NA,NA,2011-04-22 10:52:00,0
2011-04-22 12:00:00,WIND,600702,1,HCM,1,18974,1011,140,14,140,19,1149,6,6,6,6,6,NA,NA,NA,NA,2011-04-22 11:52:00,0
2011-04-22 13:00:00,WIND,600702,1,HCM,1,18974,1011,130,16,120,23,1220,6,6,6,6,6,NA,NA,NA,NA,2011-04-22 12:52:00,0
2011-04-22 14:00:00,WIND,600702,1,HCM,1,18974,1011,130,17,120,23,1255,6,6,6,6,6,NA,NA,NA,NA,2011-04-22 13:52:00,0
2011-04-22 15:00:00,WIND,600702,1,HCM,1,18974,1011,130,17,130,22,1355,6,6,6,6,6,NA,NA,NA,NA,2011-04-22 14:52:00,0
2011-04-22 16:00:00,WIND,600702,1,HCM,1,18974,1011,140,17,140,22,1528,6,6,6,6,6,NA,NA,NA,NA,2011-04-22 15:52:00,0
2011-04-22 17:00:00,WIND,600702,1,HCM,1,18974,1011,140,16,140,22,1629,6,6,6,6,6,NA,NA,NA,NA,2011-04-22 16:52:00,0
2011-04-22 18:00:00,WIND,600702,1,HCM,1,18974,1011,150,15,140,21,1746,6,6,6,6,6,NA,NA,NA,NA,2011-04-22 17:52:00,0
2011-04-22 19:00:00,WIND,600702,1,HCM,1,18974,1011,150,18,150,23,1815,6,6,6,6,6,NA,NA,NA,NA,2011-04-22 18:52:00,0
2011-04-22 20:00:00,WIND,600702,1,HCM,1,18974,1011,140,17,140,22,1854,6,6,6,6,6,NA,NA,NA,NA,2011-04-22 19:52:00,0
2011-04-22 21:00:00,WIND,600702,1,HCM,1,18974,1011,140,16,140,22,1950,6,6,6,6,6,NA,NA,NA,NA,2011-04-22 20:54:00,0
2011-04-22 22:00:00,WIND,600702,1,HCM,1,18974,1011,160,11,150,20,2100,6,6,6,6,6,NA,NA,NA,NA,2011-04-22 21:52:00,0
2011-04-22 23:00:00,WIND,600702,1,HCM,1,18974,1011,160,15,170,23,2228,6,6,6,6,6,NA,NA,NA,NA,2011-04-22 22:52:00,0
2011-04-23 00:00:00,WIND,600702,1,HCM,1,18974,1011,170,9,160,14,2257,6,6,6,6,6,NA,NA,NA,NA,2011-04-22 23:52:00,0
2011-04-23 01:00:00,WIND,600702,1,HCM,1,18974,1011,170,7,180,11,2,6,6,6,6,6,NA,NA,NA,NA,2011-04-23 00:53:00,0
2011-04-23 02:00:00,WIND,600702,1,HCM,1,18974,1011,160,7,160,12,145,6,6,6,6,6,NA,NA,NA,NA,2011-04-23 01:52:00,0
2011-04-23 03:00:00,WIND,600702,1,HCM,1,18974,1011,190,9,190,15,248,6,6,6,6,6,NA,NA,NA,NA,2011-04-23 02:52:00,0
2011-04-23 04:00:00,WIND,600702,1,HCM,1,18974,1011,220,14,220,24,301,6,6,6,6,6,NA,NA,NA,NA,2011-04-23 03:51:00,0
2011-04-23 05:00:00,WIND,600702,1,HCM,1,18974,1011,220,14,230,23,430,6,6,6,6,6,NA,NA,NA,NA,2011-04-23 04:51:00,0
2011-04-23 06:00:00,WIND,600702,1,HCM,1,18974,1011,220,12,220,20,453,6,6,6,6,6,NA,NA,NA,NA,2011-04-23 05:52:00,0
2011-04-23 07:00:00,WIND,600702,1,HCM,1,18974,1011,240,13,230,21,646,6,6,6,6,6,NA,NA,NA,NA,2011-04-23 06:52:00,0
2011-04-23 08:00:00,WIND,600702,1,HCM,1,18974,1011,250,15,250,23,724,6,6,6,6,6,NA,NA,NA,NA,2011-04-23 07:52:00,0
2011-04-23 09:00:00,WIND,600702,1,HCM,1,18974,1011,260,16,260,24,824,6,6,6,6,6,NA,NA,NA,NA,2011-04-23 08:54:00,0
2011-04-23 10:00:00,WIND,600702,1,HCM,1,18974,1011,260,14,270,20,855,6,6,6,6,6,NA,NA,NA,NA,2011-04-23 09:51:00,0
2011-04-23 11:00:00,WIND,600702,1,HCM,1,18974,1011,260,14,270,20,1029,6,6,6,6,6,NA,NA,NA,NA,2011-04-23 10:52:00,0
2011-04-23 12:00:00,WIND,600702,1,HCM,1,18974,1011,270,14,260,19,1136,6,6,6,6,6,NA,NA,NA,NA,2011-04-23 11:52:00,0
2011-04-23 13:00:00,WIND,600702,1,HCM,1,18974,1011,260,13,250,18,1156,6,6,6,6,6,NA,NA,NA,NA,2011-04-23 12:52:00,0
2011-04-23 14:00:00,WIND,600702,1,HCM,1,18974,1011,260,13,260,19,1347,6,6,6,6,6,NA,NA,NA,NA,2011-04-23 13:52:00,0
2011-04-23 15:00:00,WIND,600702,1,HCM,1,18974,1011,250,12,260,18,1355,6,6,6,6,6,NA,NA,NA,NA,2011-04-23 14:51:00,0
2011-04-23 16:00:00,WIND,600702,1,HCM,1,18974,1011,250,11,250,16,1501,6,6,6,6,6,NA,NA,NA,NA,2011-04-23 15:52:00,0
2011-04-23 17:00:00,WIND,600702,1,HCM,1,18974,1011,250,10,250,15,1600,6,6,6,6,6,NA,NA,NA,NA,2011-04-23 16:52:00,0
2011-04-23 18:00:00,WIND,600702,1,HCM,1,18974,1011,230,10,230,14,1714,6,6,6,6,6,NA,NA,NA,NA,2011-04-23 17:52:00,0
2011-04-23 19:00:00,WIND,600702,1,HCM,1,18974,1011,230,9,230,14,1759,6,6,6,6,6,NA,NA,NA,NA,2011-04-23 18:52:00,0
2011-04-23 20:00:00,WIND,600702,1,HCM,1,18974,1011,220,7,230,11,1854,6,6,6,6,6,NA,NA,NA,NA,2011-04-23 19:52:00,0
2011-04-23 21:00:00,WIND,600702,1,HCM,1,18974,1011,200,7,200,10,2036,6,6,6,6,6,NA,NA,NA,NA,2011-04-23 20:55:00,0
2011-04-23 22:00:00,WIND,600702,1,HCM,1,18974,1011,200,9,180,12,2116,6,6,6,6,6,NA,NA,NA,NA,2011-04-23 21:52:00,0
2011-04-23 23:00:00,WIND,600702,1,HCM,1,18974,1011,190,13,190,18,2230,6,6,6,6,6,NA,NA,NA,NA,2011-04-23 22:52:00,0
2011-04-24 00:00:00,WIND,600702,1,HCM,1,18974,1011,190,15,180,20,2332,6,6,6,6,6,NA,NA,NA,NA,2011-04-23 23:52:00,0
2011-04-24 01:00:00,WIND,600702,1,HCM,1,18974,1011,190,16,190,22,16,6,6,6,6,6,NA,NA,NA,NA,2011-04-24 00:52:00,0
2011-04-24 02:00:00,WIND,600702,1,HCM,1,18974,1011,190,17,190,23,50,6,6,6,6,6,NA,NA,NA,NA,2011-04-24 01:52:00,0
2011-04-24 03:00:00,WIND,600702,1,HCM,1,18974,1011,180,16,180,22,205,6,6,6,6,6,NA,NA,NA,NA,2011-04-24 02:53:00,0
2011-04-24 04:00:00,WIND,600702,1,HCM,1,18974,1011,190,14,190,19,256,6,6,6,6,6,NA,NA,NA,NA,2011-04-24 03:53:00,0
2011-04-24 05:00:00,WIND,600702,1,HCM,1,18974,1011,200,13,200,21,444,6,6,6,6,6,NA,NA,NA,NA,2011-04-24 04:52:00,0
2011-04-24 06:00:00,WIND,600702,1,HCM,1,18974,1011,200,14,210,21,503,6,6,6,6,6,NA,NA,NA,NA,2011-04-24 05:52:00,0
2011-04-24 07:00:00,WIND,600702,1,HCM,1,18974,1011,200,14,190,21,609,6,6,6,6,6,NA,NA,NA,NA,2011-04-24 06:52:00,0
2011-04-24 08:00:00,WIND,600702,1,HCM,1,18974,1011,240,9,290,18,742,6,6,6,6,6,NA,NA,NA,NA,2011-04-24 07:52:00,0
2011-04-24 09:00:00,WIND,600702,1,HCM,1,18974,1011,270,5,290,10,752,6,6,6,6,6,NA,NA,NA,NA,2011-04-24 08:54:00,0
2011-04-24 10:00:00,WIND,600702,1,HCM,1,18974,1011,270,7,280,11,940,6,6,6,6,6,NA,NA,NA,NA,2011-04-24 09:52:00,0
2011-04-24 11:00:00,WIND,600702,1,HCM,1,18974,1011,300,8,320,12,1048,6,6,6,6,6,NA,NA,NA,NA,2011-04-24 10:52:00,0
2011-04-24 12:00:00,WIND,600702,1,HCM,1,18974,1011,310,9,290,13,1130,6,6,6,6,6,NA,NA,NA,NA,2011-04-24 11:52:00,0
2011-04-24 13:00:00,WIND,600702,1,HCM,1,18974,1011,310,9,300,13,1157,6,6,6,6,6,NA,NA,NA,NA,2011-04-24 12:51:00,0
2011-04-24 14:00:00,WIND,600702,1,HCM,1,18974,1011,310,10,300,16,1315,6,6,6,6,6,NA,NA,NA,NA,2011-04-24 13:51:00,0
2011-04-24 15:00:00,WIND,600702,1,HCM,1,18974,1011,300,9,280,14,1414,6,6,6,6,6,NA,NA,NA,NA,2011-04-24 14:52:00,0
2011-04-24 16:00:00,WIND,600702,1,HCM,1,18974,1011,300,10,310,14,1523,6,6,6,6,6,NA,NA,NA,NA,2011-04-24 15:52:00,0
2011-04-24 17:00:00,WIND,600702,1,HCM,1,18974,1011,290,8,300,13,1550,6,6,6,6,6,NA,NA,NA,NA,2011-04-24 16:52:00,0
2011-04-24 18:00:00,WIND,600702,1,HCM,1,18974,1011,280,8,280,11,1654,6,6,6,6,6,NA,NA,NA,NA,2011-04-24 17:52:00,0
2011-04-24 19:00:00,WIND,600702,1,HCM,1,18974,1011,290,6,280,9,1750,6,6,6,6,6,NA,NA,NA,NA,2011-04-24 18:52:00,0
2011-04-24 20:00:00,WIND,600702,1,HCM,1,18974,1011,280,3,300,5,1853,6,6,6,6,6,NA,NA,NA,NA,2011-04-24 19:52:00,0
2011-04-24 21:00:00,WIND,600702,1,HCM,1,18974,1011,270,3,280,10,2020,6,6,6,6,6,NA,NA,NA,NA,2011-04-24 20:55:00,0
2011-04-24 22:00:00,WIND,600702,1,HCM,1,18974,1011,280,3,280,4,2101,6,6,6,6,6,NA,NA,NA,NA,2011-04-24 21:52:00,0
2011-04-24 23:00:00,WIND,600702,1,HCM,1,18974,1011,280,4,280,4,2231,6,6,6,6,6,NA,NA,NA,NA,2011-04-24 22:52:00,0
2011-04-25 00:00:00,WIND,600702,1,HCM,1,18974,1011,270,3,270,4,2322,6,6,6,6,6,NA,NA,NA,NA,2011-04-24 23:52:00,0
2011-04-25 01:00:00,WIND,600702,1,HCM,1,18974,1011,260,3,250,4,31,6,6,6,6,6,NA,NA,NA,NA,2011-04-25 00:52:00,0
2011-04-25 02:00:00,WIND,600702,1,HCM,1,18974,1011,230,3,230,4,141,6,6,6,6,6,NA,NA,NA,NA,2011-04-25 01:52:00,0
2011-04-25 03:00:00,WIND,600702,1,HCM,1,18974,1011,220,4,210,5,239,6,6,6,6,6,NA,NA,NA,NA,2011-04-25 02:52:00,0
2011-04-25 04:00:00,WIND,600702,1,HCM,1,18974,1011,230,5,230,6,254,6,6,6,6,6,NA,NA,NA,NA,2011-04-25 03:52:00,0
2011-04-25 05:00:00,WIND,600702,1,HCM,1,18974,1011,240,4,230,6,448,6,6,6,6,6,NA,NA,NA,NA,2011-04-25 04:52:00,0
2011-04-25 06:00:00,WIND,600702,1,HCM,1,18974,1011,240,5,230,7,457,6,6,6,6,6,NA,NA,NA,NA,2011-04-25 05:52:00,0
2011-04-25 07:00:00,WIND,600702,1,HCM,1,18974,1011,260,5,250,6,550,6,6,6,6,6,NA,NA,NA,NA,2011-04-25 06:52:00,0
2011-04-25 08:00:00,WIND,600702,1,HCM,1,18974,1011,270,6,280,10,749,6,6,6,6,6,NA,NA,NA,NA,2011-04-25 07:52:00,0
2011-04-25 09:00:00,WIND,600702,1,HCM,1,18974,1011,270,9,270,13,835,6,6,6,6,6,NA,NA,NA,NA,2011-04-25 08:54:00,0
2011-04-25 10:00:00,WIND,600702,1,HCM,1,18974,1011,260,10,270,16,932,6,6,6,6,6,NA,NA,NA,NA,2011-04-25 09:52:00,0
2011-04-25 11:00:00,WIND,600702,1,HCM,1,18974,1011,270,10,280,16,1040,6,6,6,6,6,NA,NA,NA,NA,2011-04-25 10:52:00,0
2011-04-25 12:00:00,WIND,600702,1,HCM,1,18974,1011,280,12,270,18,1102,6,6,6,6,6,NA,NA,NA,NA,2011-04-25 11:52:00,0
2011-04-25 13:00:00,WIND,600702,1,HCM,1,18974,1011,280,11,270,17,1152,6,6,6,6,6,NA,NA,NA,NA,2011-04-25 12:52:00,0
2011-04-25 14:00:00,WIND,600702,1,HCM,1,18974,1011,280,11,260,17,1322,6,6,6,6,6,NA,NA,NA,NA,2011-04-25 13:52:00,0
2011-04-25 15:00:00,WIND,600702,1,HCM,1,18974,1011,270,11,260,16,1430,6,6,6,6,6,NA,NA,NA,NA,2011-04-25 14:52:00,0
2011-04-25 16:00:00,WIND,600702,1,HCM,1,18974,1011,270,11,270,17,1515,6,6,6,6,6,NA,NA,NA,NA,2011-04-25 15:52:00,0
2011-04-25 17:00:00,WIND,600702,1,HCM,1,18974,1011,280,10,270,14,1553,6,6,6,6,6,NA,NA,NA,NA,2011-04-25 16:52:00,0
2011-04-25 18:00:00,WIND,600702,1,HCM,1,18974,1011,280,8,270,13,1701,6,6,6,6,6,NA,NA,NA,NA,2011-04-25 17:52:00,0
2011-04-25 19:00:00,WIND,600702,1,HCM,1,18974,1011,290,6,290,10,1751,6,6,6,6,6,NA,NA,NA,NA,2011-04-25 18:52:00,0
2011-04-25 20:00:00,WIND,600702,1,HCM,1,18974,1011,280,5,270,7,1852,6,6,6,6,6,NA,NA,NA,NA,2011-04-25 19:52:00,0
2011-04-25 21:00:00,WIND,600702,1,HCM,1,18974,1011,290,5,290,6,2011,6,6,6,6,6,NA,NA,NA,NA,2011-04-25 20:54:00,0
2011-04-25 22:00:00,WIND,600702,1,HCM,1,18974,1011,280,5,280,6,2104,6,6,6,6,6,NA,NA,NA,NA,2011-04-25 21:52:00,0
2011-04-25 23:00:00,WIND,600702,1,HCM,1,18974,1011,280,4,270,5,2150,6,6,6,6,6,NA,NA,NA,NA,2011-04-25 22:52:00,0
2011-04-26 00:00:00,WIND,600702,1,HCM,1,18974,1011,300,4,300,4,2311,6,6,6,6,6,NA,NA,NA,NA,2011-04-25 23:53:00,0
2011-04-26 01:00:00,WIND,600702,1,HCM,1,18974,1011,320,4,340,4,49,6,6,6,6,6,NA,NA,NA,NA,2011-04-26 00:53:00,0
2011-04-26 02:00:00,WIND,600702,1,HCM,1,18974,1011,340,5,340,6,142,6,6,6,6,6,NA,NA,NA,NA,2011-04-26 01:52:00,0
2011-04-26 03:00:00,WIND,600702,1,HCM,1,18974,1011,350,6,360,7,241,6,6,6,6,6,NA,NA,NA,NA,2011-04-26 02:52:00,0
2011-04-26 04:00:00,WIND,600702,1,HCM,1,18974,1011,10,5,360,7,250,6,6,6,6,6,NA,NA,NA,NA,2011-04-26 03:52:00,0
2011-04-26 05:00:00,WIND,600702,1,HCM,1,18974,1011,30,5,40,6,449,6,6,6,6,6,NA,NA,NA,NA,2011-04-26 04:53:00,0
2011-04-26 06:00:00,WIND,600702,1,HCM,1,18974,1011,50,6,40,7,530,6,6,6,6,6,NA,NA,NA,NA,2011-04-26 05:52:00,0
2011-04-26 07:00:00,WIND,600702,1,HCM,1,18974,1011,60,5,50,7,558,6,6,6,6,6,NA,NA,NA,NA,2011-04-26 06:51:00,0
2011-04-26 08:00:00,WIND,600702,1,HCM,1,18974,1011,70,6,80,11,738,6,6,6,6,6,NA,NA,NA,NA,2011-04-26 07:51:00,0
2011-04-26 09:00:00,WIND,600702,1,HCM,1,18974,1011,80,8,80,12,847,6,6,6,6,6,NA,NA,NA,NA,2011-04-26 08:55:00,0
2011-04-26 10:00:00,WIND,600702,1,HCM,1,18974,1011,70,9,70,14,933,6,6,6,6,6,NA,NA,NA,NA,2011-04-26 09:52:00,0
2011-04-26 11:00:00,WIND,600702,1,HCM,1,18974,1011,30,10,50,15,1002,6,6,6,6,6,NA,NA,NA,NA,2011-04-26 10:52:00,0
2011-04-26 12:00:00,WIND,600702,1,HCM,1,18974,1011,40,11,40,15,1123,6,6,6,6,6,NA,NA,NA,NA,2011-04-26 11:52:00,0
2011-04-26 13:00:00,WIND,600702,1,HCM,1,18974,1011,40,11,40,15,1200,6,6,6,6,6,NA,NA,NA,NA,2011-04-26 12:52:00,0
2011-04-26 14:00:00,WIND,600702,1,HCM,1,18974,1011,40,10,30,14,1302,6,6,6,6,6,NA,NA,NA,NA,2011-04-26 13:52:00,0
2011-04-26 15:00:00,WIND,600702,1,HCM,1,18974,1011,30,11,10,16,1417,6,6,6,6,6,NA,NA,NA,NA,2011-04-26 14:52:00,0
2011-04-26 16:00:00,WIND,600702,1,HCM,1,18974,1011,30,9,30,13,1452,6,6,6,6,6,NA,NA,NA,NA,2011-04-26 15:52:00,0
2011-04-26 17:00:00,WIND,600702,1,HCM,1,18974,1011,30,10,30,13,1616,6,6,6,6,6,NA,NA,NA,NA,2011-04-26 16:51:00,0
2011-04-26 18:00:00,WIND,600702,1,HCM,1,18974,1011,40,9,40,11,1650,6,6,6,6,6,NA,NA,NA,NA,2011-04-26 17:51:00,0
2011-04-26 19:00:00,WIND,600702,1,HCM,1,18974,1011,50,8,50,11,1808,6,6,6,6,6,NA,NA,NA,NA,2011-04-26 18:52:00,0
2011-04-26 20:00:00,WIND,600702,1,HCM,1,18974,1011,50,7,50,8,1853,6,6,6,6,6,NA,NA,NA,NA,2011-04-26 19:51:00,0
2011-04-26 21:00:00,WIND,600702,1,HCM,1,18974,1011,60,6,50,7,1956,6,6,6,6,6,NA,NA,NA,NA,2011-04-26 20:54:00,0
2011-04-26 22:00:00,WIND,600702,1,HCM,1,18974,1011,70,6,70,8,2126,6,6,6,6,6,NA,NA,NA,NA,2011-04-26 21:51:00,0
2011-04-26 23:00:00,WIND,600702,1,HCM,1,18974,1011,90,8,100,9,2248,6,6,6,6,6,NA,NA,NA,NA,2011-04-26 22:52:00,0
2011-04-27 00:00:00,WIND,600702,1,HCM,1,18974,1011,110,9,120,13,2346,6,6,6,6,6,NA,NA,NA,NA,2011-04-26 23:52:00,0
2011-04-27 01:00:00,WIND,600702,1,HCM,1,18974,1011,140,12,140,17,47,6,6,6,6,6,NA,NA,NA,NA,2011-04-27 00:52:00,0
2011-04-27 02:00:00,WIND,600702,1,HCM,1,18974,1011,150,12,150,16,101,6,6,6,6,6,NA,NA,NA,NA,2011-04-27 01:52:00,0
2011-04-27 03:00:00,WIND,600702,1,HCM,1,18974,1011,150,13,150,16,218,6,6,6,6,6,NA,NA,NA,NA,2011-04-27 02:51:00,0
2011-04-27 04:00:00,WIND,600702,1,HCM,1,18974,1011,140,15,140,20,335,6,6,6,6,6,NA,NA,NA,NA,2011-04-27 03:52:00,0
2011-04-27 05:00:00,WIND,600702,1,HCM,1,18974,1011,140,17,140,23,433,6,6,6,6,6,NA,NA,NA,NA,2011-04-27 04:51:00,0
2011-04-27 06:00:00,WIND,600702,1,HCM,1,18974,1011,140,18,140,23,516,6,6,6,6,6,NA,NA,NA,NA,2011-04-27 05:52:00,0
2011-04-27 07:00:00,WIND,600702,1,HCM,1,18974,1011,140,18,150,23,620,6,6,6,6,6,NA,NA,NA,NA,2011-04-27 06:52:00,0
2011-04-27 08:00:00,WIND,600702,1,HCM,1,18974,1011,140,19,140,24,742,6,6,6,6,6,NA,NA,NA,NA,2011-04-27 07:51:00,0
2011-04-27 09:00:00,WIND,600702,1,HCM,1,18974,1011,140,20,150,25,842,6,6,6,6,6,NA,NA,NA,NA,2011-04-27 08:54:00,0
2011-04-27 10:00:00,WIND,600702,1,HCM,1,18974,1011,150,19,150,25,932,6,6,6,6,6,NA,NA,NA,NA,2011-04-27 09:52:00,0
2011-04-27 11:00:00,WIND,600702,1,HCM,1,18974,1011,150,19,150,25,1002,6,6,6,6,6,NA,NA,NA,NA,2011-04-27 10:52:00,0
2011-04-27 12:00:00,WIND,600702,1,HCM,1,18974,1011,160,17,160,22,1052,6,6,6,6,6,NA,NA,NA,NA,2011-04-27 11:52:00,0
2011-04-27 13:00:00,WIND,600702,1,HCM,1,18974,1011,160,16,170,21,1224,6,6,6,6,6,NA,NA,NA,NA,2011-04-27 12:52:00,0
2011-04-27 14:00:00,WIND,600702,1,HCM,1,18974,1011,170,15,170,21,1255,6,6,6,6,6,NA,NA,NA,NA,2011-04-27 13:52:00,0
2011-04-27 15:00:00,WIND,600702,1,HCM,1,18974,1011,170,13,170,19,1352,6,6,6,6,6,NA,NA,NA,NA,2011-04-27 14:52:00,0
2011-04-27 16:00:00,WIND,600702,1,HCM,1,18974,1011,170,11,170,16,1455,6,6,6,6,6,NA,NA,NA,NA,2011-04-27 15:52:00,0
2011-04-27 17:00:00,WIND,600702,1,HCM,1,18974,1011,180,11,180,16,1625,6,6,6,6,6,NA,NA,NA,NA,2011-04-27 16:52:00,0
2011-04-27 18:00:00,WIND,600702,1,HCM,1,18974,1011,190,11,180,17,1736,6,6,6,6,6,NA,NA,NA,NA,2011-04-27 17:52:00,0
2011-04-27 19:00:00,WIND,600702,1,HCM,1,18974,1011,190,12,190,16,1821,6,6,6,6,6,NA,NA,NA,NA,2011-04-27 18:51:00,0
2011-04-27 20:00:00,WIND,600702,1,HCM,1,18974,1011,190,12,180,15,1934,6,6,6,6,6,NA,NA,NA,NA,2011-04-27 19:52:00,0
2011-04-27 21:00:00,WIND,600702,1,HCM,1,18974,1011,190,11,190,15,1959,6,6,6,6,6,NA,NA,NA,NA,2011-04-27 20:53:00,0
2011-04-27 22:00:00,WIND,600702,1,HCM,1,18974,1011,180,11,190,15,2104,6,6,6,6,6,NA,NA,NA,NA,2011-04-28 03:13:00,0
2011-04-27 23:00:00,WIND,600702,1,HCM,1,18974,1011,190,10,180,14,2150,6,6,6,6,6,NA,NA,NA,NA,2011-04-28 03:14:00,0
2011-04-28 00:00:00,WIND,600702,1,HCM,1,18974,1011,190,9,180,13,2253,6,6,6,6,6,NA,NA,NA,NA,2011-04-28 03:14:00,0
2011-04-28 01:00:00,WIND,600702,1,HCM,1,18974,1011,190,8,190,12,8,6,6,6,6,6,NA,NA,NA,NA,2011-04-28 03:14:00,0
2011-04-28 02:00:00,WIND,600702,1,HCM,1,18974,1011,180,7,180,10,148,6,6,6,6,6,NA,NA,NA,NA,2011-04-28 03:14:00,0
2011-04-28 03:00:00,WIND,600702,1,HCM,1,18974,1011,180,9,180,13,242,6,6,6,6,6,NA,NA,NA,NA,2011-04-28 04:06:00,0
2011-04-28 04:00:00,WIND,600702,1,HCM,1,18974,1011,180,10,180,14,315,6,6,6,6,6,NA,NA,NA,NA,2011-04-28 04:08:00,0
2011-04-28 05:00:00,WIND,600702,1,HCM,1,18974,1011,170,9,180,12,407,6,6,6,6,6,NA,NA,NA,NA,2011-04-28 06:50:00,0
2011-04-28 06:00:00,WIND,600702,1,HCM,1,18974,1011,170,12,170,16,546,6,6,6,6,6,NA,NA,NA,NA,2011-04-28 06:51:00,0
2011-04-28 07:00:00,WIND,600702,1,HCM,1,18974,1011,170,12,170,16,558,6,6,6,6,6,NA,NA,NA,NA,2011-04-28 06:53:00,0
2011-04-28 08:00:00,WIND,600702,1,HCM,1,18974,1011,170,11,170,15,705,6,6,6,6,6,NA,NA,NA,NA,2011-04-28 08:00:00,0
2011-04-28 09:00:00,WIND,600702,1,HCM,1,18974,1011,160,10,160,13,753,6,6,6,6,6,NA,NA,NA,NA,2011-04-28 08:55:00,0
2011-04-28 10:00:00,WIND,600702,1,HCM,1,18974,1011,160,9,170,12,900,6,6,6,6,6,NA,NA,NA,NA,2011-04-28 10:15:00,0
2011-04-28 11:00:00,WIND,600702,1,HCM,1,18974,1011,160,10,160,13,1012,6,6,6,6,6,NA,NA,NA,NA,2011-04-28 12:05:00,0
2011-04-28 12:00:00,WIND,600702,1,HCM,1,18974,1011,160,9,160,12,1053,6,6,6,6,6,NA,NA,NA,NA,2011-04-28 12:08:00,0
2011-04-28 13:00:00,WIND,600702,1,HCM,1,18974,1011,160,9,150,12,1206,6,6,6,6,6,NA,NA,NA,NA,2011-04-28 12:58:00,0
2011-04-28 14:00:00,WIND,600702,1,HCM,1,18974,1011,170,7,160,11,1254,6,6,6,6,6,NA,NA,NA,NA,2011-04-28 13:51:00,0
2011-04-28 15:00:00,WIND,600702,1,HCM,1,18974,1011,170,8,170,11,1427,6,6,6,6,6,NA,NA,NA,NA,2011-04-28 14:56:00,0
2011-04-28 16:00:00,WIND,600702,1,HCM,1,18974,1011,170,7,170,9,1457,6,6,6,6,6,NA,NA,NA,NA,2011-04-28 15:52:00,0
2011-04-28 17:00:00,WIND,600702,1,HCM,1,18974,1011,170,6,160,8,1633,6,6,6,6,6,NA,NA,NA,NA,2011-04-28 17:42:00,0
2011-04-28 18:00:00,WIND,600702,1,HCM,1,18974,1011,160,6,170,8,1707,6,6,6,6,6,NA,NA,NA,NA,2011-04-28 18:17:00,0
2011-04-28 19:00:00,WIND,600702,1,HCM,1,18974,1011,170,5,160,7,1753,6,6,6,6,6,NA,NA,NA,NA,2011-04-28 18:52:00,0
2011-04-28 20:00:00,WIND,600702,1,HCM,1,18974,1011,200,3,190,6,1856,6,6,6,6,6,NA,NA,NA,NA,2011-04-28 20:53:00,0
2011-04-28 21:00:00,WIND,600702,1,HCM,1,18974,1011,50,4,60,7,2049,6,6,6,6,6,NA,NA,NA,NA,2011-04-28 20:59:00,0
2011-04-28 22:00:00,WIND,600702,1,HCM,1,18974,1011,70,4,60,8,2050,6,6,6,6,6,NA,NA,NA,NA,2011-04-28 22:25:00,0
2011-04-28 23:00:00,WIND,600702,1,HCM,1,18974,1011,90,5,90,7,2244,6,6,6,6,6,NA,NA,NA,NA,2011-04-28 22:52:00,0
2011-04-29 00:00:00,WIND,600702,1,HCM,1,18974,1011,110,7,140,9,2340,6,6,6,6,6,NA,NA,NA,NA,2011-04-28 23:52:00,0
2011-04-29 01:00:00,WIND,600702,1,HCM,1,18974,1011,140,11,140,19,42,6,6,6,6,6,NA,NA,NA,NA,2011-04-29 00:52:00,0
2011-04-29 02:00:00,WIND,600702,1,HCM,1,18974,1011,140,12,140,17,52,6,6,6,6,6,NA,NA,NA,NA,2011-04-29 01:52:00,0
2011-04-29 03:00:00,WIND,600702,1,HCM,1,18974,1011,140,14,140,19,213,6,6,6,6,6,NA,NA,NA,NA,2011-04-29 02:52:00,0
2011-04-29 04:00:00,WIND,600702,1,HCM,1,18974,1011,140,14,140,19,302,6,6,6,6,6,NA,NA,NA,NA,2011-04-29 03:52:00,0
2011-04-29 05:00:00,WIND,600702,1,HCM,1,18974,1011,140,13,140,17,401,6,6,6,6,6,NA,NA,NA,NA,2011-04-29 04:52:00,0
2011-04-29 06:00:00,WIND,600702,1,HCM,1,18974,1011,130,11,140,15,452,6,6,6,6,6,NA,NA,NA,NA,2011-04-29 05:52:00,0
2011-04-29 07:00:00,WIND,600702,1,HCM,1,18974,1011,120,9,130,16,605,6,6,6,6,6,NA,NA,NA,NA,2011-04-29 06:57:00,0
2011-04-29 08:00:00,WIND,600702,1,HCM,1,18974,1011,80,8,80,12,731,6,6,6,6,6,NA,NA,NA,NA,2011-04-29 07:52:00,0
2011-04-29 09:00:00,WIND,600702,1,HCM,1,18974,1011,80,11,70,14,823,6,6,6,6,6,NA,NA,NA,NA,2011-04-29 08:54:00,0
2011-04-29 10:00:00,WIND,600702,1,HCM,1,18974,1011,80,11,80,14,923,6,6,6,6,6,NA,NA,NA,NA,2011-04-29 09:52:00,0
2011-04-29 11:00:00,WIND,600702,1,HCM,1,18974,1011,80,11,80,15,1024,6,6,6,6,6,NA,NA,NA,NA,2011-04-29 10:52:00,0
2011-04-29 12:00:00,WIND,600702,1,HCM,1,18974,1011,70,10,70,15,1109,6,6,6,6,6,NA,NA,NA,NA,2011-04-29 11:52:00,0
2011-04-29 13:00:00,WIND,600702,1,HCM,1,18974,1011,40,11,40,15,1229,6,6,6,6,6,NA,NA,NA,NA,2011-04-29 12:52:00,0
2011-04-29 14:00:00,WIND,600702,1,HCM,1,18974,1011,30,12,50,17,1336,6,6,6,6,6,NA,NA,NA,NA,2011-04-29 13:52:00,0
2011-04-29 15:00:00,WIND,600702,1,HCM,1,18974,1011,30,13,30,17,1402,6,6,6,6,6,NA,NA,NA,NA,2011-04-29 14:52:00,0
2011-04-29 16:00:00,WIND,600702,1,HCM,1,18974,1011,40,10,50,16,1450,6,6,6,6,6,NA,NA,NA,NA,2011-04-29 15:52:00,0
2011-04-29 17:00:00,WIND,600702,1,HCM,1,18974,1011,80,9,120,14,1648,6,6,6,6,6,NA,NA,NA,NA,2011-04-29 16:52:00,0
2011-04-29 18:00:00,WIND,600702,1,HCM,1,18974,1011,120,9,110,16,1653,6,6,6,6,6,NA,NA,NA,NA,2011-04-29 17:51:00,0
2011-04-29 19:00:00,WIND,600702,1,HCM,1,18974,1011,120,10,120,13,1809,6,6,6,6,6,NA,NA,NA,NA,2011-04-29 19:00:00,0
2011-04-29 20:00:00,WIND,600702,1,HCM,1,18974,1011,100,13,90,19,1944,6,6,6,6,6,NA,NA,NA,NA,2011-04-29 19:55:00,0
2011-04-29 21:00:00,WIND,600702,1,HCM,1,18974,1011,90,15,90,22,2034,6,6,6,6,6,NA,NA,NA,NA,2011-04-29 20:54:00,0
2011-04-29 22:00:00,WIND,600702,1,HCM,1,18974,1011,80,13,80,18,2121,6,6,6,6,6,NA,NA,NA,NA,2011-04-29 21:52:00,0
2011-04-29 23:00:00,WIND,600702,1,HCM,1,18974,1011,90,10,100,18,2154,6,6,6,6,6,NA,NA,NA,NA,2011-04-29 22:52:00,0
2011-04-30 00:00:00,WIND,600702,1,HCM,1,18974,1011,110,10,110,16,2347,6,6,6,6,6,NA,NA,NA,NA,2011-04-29 23:53:00,0
2011-04-30 01:00:00,WIND,600702,1,HCM,1,18974,1011,110,14,110,24,47,6,6,6,6,6,NA,NA,NA,NA,2011-04-30 00:52:00,0
2011-04-30 02:00:00,WIND,600702,1,HCM,1,18974,1011,120,18,110,27,123,6,6,6,6,6,NA,NA,NA,NA,2011-04-30 01:52:00,0
2011-04-30 03:00:00,WIND,600702,1,HCM,1,18974,1011,120,17,120,23,207,6,6,6,6,6,NA,NA,NA,NA,2011-04-30 02:52:00,0
2011-04-30 04:00:00,WIND,600702,1,HCM,1,18974,1011,110,13,120,18,250,6,6,6,6,6,NA,NA,NA,NA,2011-04-30 03:52:00,0
2011-04-30 05:00:00,WIND,600702,1,HCM,1,18974,1011,110,14,100,24,428,6,6,6,6,6,NA,NA,NA,NA,2011-04-30 04:52:00,0
2011-04-30 06:00:00,WIND,600702,1,HCM,1,18974,1011,90,13,90,20,546,6,6,6,6,6,NA,NA,NA,NA,2011-04-30 05:52:00,0
2011-04-30 07:00:00,WIND,600702,1,HCM,1,18974,1011,90,15,100,23,556,6,6,6,6,6,NA,NA,NA,NA,2011-04-30 06:52:00,0
2011-04-30 08:00:00,WIND,600702,1,HCM,1,18974,1011,90,18,100,23,746,6,6,6,6,6,NA,NA,NA,NA,2011-04-30 07:52:00,0
2011-04-30 09:00:00,WIND,600702,1,HCM,1,18974,1011,110,18,90,25,753,6,6,6,6,6,NA,NA,NA,NA,2011-04-30 08:54:00,0
2011-04-30 10:00:00,WIND,600702,1,HCM,1,18974,1011,110,15,120,24,948,6,6,6,6,6,NA,NA,NA,NA,2011-04-30 09:52:00,0
2011-04-30 11:00:00,WIND,600702,1,HCM,1,18974,1011,110,18,110,25,1020,6,6,6,6,6,NA,NA,NA,NA,2011-04-30 10:52:00,0
2011-04-30 12:00:00,WIND,600702,1,HCM,1,18974,1011,110,20,110,28,1121,6,6,6,6,6,NA,NA,NA,NA,2011-04-30 11:52:00,0
2011-04-30 13:00:00,WIND,600702,1,HCM,1,18974,1011,130,15,120,26,1154,6,6,6,6,6,NA,NA,NA,NA,2011-04-30 12:52:00,0
2011-04-30 14:00:00,WIND,600702,1,HCM,1,18974,1011,120,16,120,22,1339,6,6,6,6,6,NA,NA,NA,NA,2011-04-30 14:53:00,0
2011-04-30 15:00:00,WIND,600702,1,HCM,1,18974,1011,120,14,120,21,1355,6,6,6,6,6,NA,NA,NA,NA,2011-04-30 14:56:00,0
2011-04-30 16:00:00,WIND,600702,1,HCM,1,18974,1011,130,11,130,16,1501,6,6,6,6,6,NA,NA,NA,NA,2011-04-30 15:52:00,0
2011-04-30 17:00:00,WIND,600702,1,HCM,1,18974,1011,130,13,130,19,1649,6,6,6,6,6,NA,NA,NA,NA,2011-04-30 16:52:00,0
2011-04-30 18:00:00,WIND,600702,1,HCM,1,18974,1011,120,15,120,21,1658,6,6,6,6,6,NA,NA,NA,NA,2011-04-30 18:01:00,0
2011-04-30 19:00:00,WIND,600702,1,HCM,1,18974,1011,120,15,120,20,1809,6,6,6,6,6,NA,NA,NA,NA,2011-04-30 18:52:00,0
2011-04-30 20:00:00,WIND,600702,1,HCM,1,18974,1011,100,10,110,15,1949,6,6,6,6,6,NA,NA,NA,NA,2011-04-30 19:52:00,0
2011-04-30 21:00:00,WIND,600702,1,HCM,1,18974,1011,100,12,100,17,2030,6,6,6,6,6,NA,NA,NA,NA,2011-04-30 20:55:00,0
2011-04-30 22:00:00,WIND,600702,1,HCM,1,18974,1011,100,13,110,21,2121,6,6,6,6,6,NA,NA,NA,NA,2011-04-30 21:52:00,0
2011-04-30 23:00:00,WIND,600702,1,HCM,1,18974,1011,110,12,110,19,2239,6,6,6,6,6,NA,NA,NA,NA,2011-04-30 22:52:00,0
2011-05-01 00:00:00,WIND,600702,1,HCM,1,18974,1011,110,14,120,19,2346,6,6,6,6,6,NA,NA,NA,NA,2011-04-30 23:52:00,0
2011-05-01 01:00:00,WIND,600702,1,HCM,1,18974,1011,100,12,120,18,2353,6,6,6,6,6,NA,NA,NA,NA,2011-05-01 00:52:00,0
2011-05-01 02:00:00,WIND,600702,1,HCM,1,18974,1011,100,14,100,25,132,6,6,6,6,6,NA,NA,NA,NA,2011-05-01 01:52:00,0
2011-05-01 03:00:00,WIND,600702,1,HCM,1,18974,1011,100,11,100,18,248,6,6,6,6,6,NA,NA,NA,NA,2011-05-01 02:52:00,0
2011-05-01 04:00:00,WIND,600702,1,HCM,1,18974,1011,110,15,110,21,318,6,6,6,6,6,NA,NA,NA,NA,2011-05-01 03:52:00,0
2011-05-01 05:00:00,WIND,600702,1,HCM,1,18974,1011,120,14,120,21,439,6,6,6,6,6,NA,NA,NA,NA,2011-05-01 04:52:00,0
2011-05-01 06:00:00,WIND,600702,1,HCM,1,18974,1011,110,12,110,21,540,6,6,6,6,6,NA,NA,NA,NA,2011-05-01 05:52:00,0
2011-05-01 07:00:00,WIND,600702,1,HCM,1,18974,1011,100,14,100,21,603,6,6,6,6,6,NA,NA,NA,NA,2011-05-01 06:52:00,0
2011-05-01 08:00:00,WIND,600702,1,HCM,1,18974,1011,90,12,100,17,744,6,6,6,6,6,NA,NA,NA,NA,2011-05-01 07:52:00,0
2011-05-01 09:00:00,WIND,600702,1,HCM,1,18974,1011,120,13,130,18,757,6,6,6,6,6,NA,NA,NA,NA,2011-05-01 08:54:00,0
2011-05-01 10:00:00,WIND,600702,1,HCM,1,18974,1011,120,15,120,22,923,6,6,6,6,6,NA,NA,NA,NA,2011-05-01 09:52:00,0
2011-05-01 11:00:00,WIND,600702,1,HCM,1,18974,1011,120,17,110,25,1017,6,6,6,6,6,NA,NA,NA,NA,2011-05-01 10:52:00,0
2011-05-01 12:00:00,WIND,600702,1,HCM,1,18974,1011,120,18,120,26,1145,6,6,6,6,6,NA,NA,NA,NA,2011-05-01 11:52:00,0
2011-05-01 13:00:00,WIND,600702,1,HCM,1,18974,1011,130,17,120,26,1207,6,6,6,6,6,NA,NA,NA,NA,2011-05-01 12:52:00,0
2011-05-01 14:00:00,WIND,600702,1,HCM,1,18974,1011,140,13,140,19,1310,6,6,6,6,6,NA,NA,NA,NA,2011-05-01 13:52:00,0
2011-05-01 15:00:00,WIND,600702,1,HCM,1,18974,1011,130,10,120,16,1448,6,6,6,6,6,NA,NA,NA,NA,2011-05-01 14:52:00,0
2011-05-01 16:00:00,WIND,600702,1,HCM,1,18974,1011,110,13,100,19,1516,6,6,6,6,6,NA,NA,NA,NA,2011-05-01 15:52:00,0
2011-05-01 17:00:00,WIND,600702,1,HCM,1,18974,1011,110,14,110,21,1628,6,6,6,6,6,NA,NA,NA,NA,2011-05-01 16:52:00,0
2011-05-01 18:00:00,WIND,600702,1,HCM,1,18974,1011,110,12,100,17,1712,6,6,6,6,6,NA,NA,NA,NA,2011-05-01 17:52:00,0
2011-05-01 19:00:00,WIND,600702,1,HCM,1,18974,1011,120,10,120,15,1754,6,6,6,6,6,NA,NA,NA,NA,2011-05-01 18:52:00,0
2011-05-01 20:00:00,WIND,600702,1,HCM,1,18974,1011,100,12,110,16,1901,6,6,6,6,6,NA,NA,NA,NA,2011-05-01 19:52:00,0
2011-05-01 21:00:00,WIND,600702,1,HCM,1,18974,1011,120,11,130,18,2043,6,6,6,6,6,NA,NA,NA,NA,2011-05-01 20:54:00,0
2011-05-01 22:00:00,WIND,600702,1,HCM,1,18974,1011,110,12,130,20,2102,6,6,6,6,6,NA,NA,NA,NA,2011-05-01 21:52:00,0
2011-05-01 23:00:00,WIND,600702,1,HCM,1,18974,1011,80,9,80,15,2247,6,6,6,6,6,NA,NA,NA,NA,2011-05-01 22:52:00,0
2011-05-02 00:00:00,WIND,600702,1,HCM,1,18974,1011,90,8,100,15,2252,6,6,6,6,6,NA,NA,NA,NA,2011-05-01 23:52:00,0
2011-05-02 01:00:00,WIND,600702,1,HCM,1,18974,1011,120,9,120,16,48,6,6,6,6,6,NA,NA,NA,NA,2011-05-02 00:53:00,0
2011-05-02 02:00:00,WIND,600702,1,HCM,1,18974,1011,120,14,120,19,101,6,6,6,6,6,NA,NA,NA,NA,2011-05-02 01:52:00,0
2011-05-02 03:00:00,WIND,600702,1,HCM,1,18974,1011,130,9,120,13,203,6,6,6,6,6,NA,NA,NA,NA,2011-05-02 02:52:00,0
2011-05-02 04:00:00,WIND,600702,1,HCM,1,18974,1011,120,7,130,11,257,6,6,6,6,6,NA,NA,NA,NA,2011-05-02 03:51:00,0
2011-05-02 05:00:00,WIND,600702,1,HCM,1,18974,1011,90,7,120,10,404,6,6,6,6,6,NA,NA,NA,NA,2011-05-02 04:52:00,0
2011-05-02 06:00:00,WIND,600702,1,HCM,1,18974,1011,70,4,70,7,457,6,6,6,6,6,NA,NA,NA,NA,2011-05-02 05:52:00,0
2011-05-02 07:00:00,WIND,600702,1,HCM,1,18974,1011,80,4,60,7,632,6,6,6,6,6,NA,NA,NA,NA,2011-05-02 06:52:00,0
2011-05-02 08:00:00,WIND,600702,1,HCM,1,18974,1011,90,8,90,11,748,6,6,6,6,6,NA,NA,NA,NA,2011-05-02 07:52:00,0
2011-05-02 09:00:00,WIND,600702,1,HCM,1,18974,1011,100,9,110,13,829,6,6,6,6,6,NA,NA,NA,NA,2011-05-02 08:54:00,0
2011-05-02 10:00:00,WIND,600702,1,HCM,1,18974,1011,110,11,120,16,938,6,6,6,6,6,NA,NA,NA,NA,2011-05-02 09:52:00,0
2011-05-02 11:00:00,WIND,600702,1,HCM,1,18974,1011,140,10,130,15,954,6,6,6,6,6,NA,NA,NA,NA,2011-05-02 10:52:00,0
2011-05-02 12:00:00,WIND,600702,1,HCM,1,18974,1011,150,8,130,13,1054,6,6,6,6,6,NA,NA,NA,NA,2011-05-02 11:52:00,0
2011-05-02 13:00:00,WIND,600702,1,HCM,1,18974,1011,150,10,150,15,1248,6,6,6,6,6,NA,NA,NA,NA,2011-05-02 12:52:00,0
2011-05-02 14:00:00,WIND,600702,1,HCM,1,18974,1011,150,14,150,18,1323,6,6,6,6,6,NA,NA,NA,NA,2011-05-02 13:52:00,0
2011-05-02 15:00:00,WIND,600702,1,HCM,1,18974,1011,160,14,150,19,1357,6,6,6,6,6,NA,NA,NA,NA,2011-05-02 14:55:00,0
2011-05-02 16:00:00,WIND,600702,1,HCM,1,18974,1011,160,10,160,15,1451,6,6,6,6,6,NA,NA,NA,NA,2011-05-02 15:55:00,0
2011-05-02 17:00:00,WIND,600702,1,HCM,1,18974,1011,170,9,170,12,1611,6,6,6,6,6,NA,NA,NA,NA,2011-05-02 16:52:00,0
2011-05-02 18:00:00,WIND,600702,1,HCM,1,18974,1011,160,8,170,12,1700,6,6,6,6,6,NA,NA,NA,NA,2011-05-02 17:52:00,0
2011-05-02 19:00:00,WIND,600702,1,HCM,1,18974,1011,120,9,110,15,1842,6,6,6,6,6,NA,NA,NA,NA,2011-05-02 18:52:00,0
2011-05-02 20:00:00,WIND,600702,1,HCM,1,18974,1011,70,8,80,12,1949,6,6,6,6,6,NA,NA,NA,NA,2011-05-02 19:52:00,0
2011-05-02 21:00:00,WIND,600702,1,HCM,1,18974,1011,110,11,130,20,2047,6,6,6,6,6,NA,NA,NA,NA,2011-05-02 20:55:00,0
2011-05-02 22:00:00,WIND,600702,1,HCM,1,18974,1011,130,16,130,22,2149,6,6,6,6,6,NA,NA,NA,NA,2011-05-02 21:52:00,0
2011-05-02 23:00:00,WIND,600702,1,HCM,1,18974,1011,130,19,130,26,2245,6,6,6,6,6,NA,NA,NA,NA,2011-05-02 22:52:00,0
2011-05-03 00:00:00,WIND,600702,1,HCM,1,18974,1011,130,19,130,26,2348,6,6,6,6,6,NA,NA,NA,NA,2011-05-02 23:53:00,0
2011-05-03 01:00:00,WIND,600702,1,HCM,1,18974,1011,130,22,140,29,28,6,6,6,6,6,NA,NA,NA,NA,2011-05-03 00:53:00,0
2011-05-03 02:00:00,WIND,600702,1,HCM,1,18974,1011,130,23,130,30,114,6,6,6,6,6,NA,NA,NA,NA,2011-05-03 01:52:00,0
2011-05-03 03:00:00,WIND,600702,1,HCM,1,18974,1011,140,22,130,29,201,6,6,6,6,6,NA,NA,NA,NA,2011-05-03 02:52:00,0
2011-05-03 04:00:00,WIND,600702,1,HCM,1,18974,1011,140,22,140,30,322,6,6,6,6,6,NA,NA,NA,NA,2011-05-03 03:53:00,0
2011-05-03 05:00:00,WIND,600702,1,HCM,1,18974,1011,140,21,140,28,359,6,6,6,6,6,NA,NA,NA,NA,2011-05-03 04:52:00,0
2011-05-03 06:00:00,WIND,600702,1,HCM,1,18974,1011,130,18,130,24,500,6,6,6,6,6,NA,NA,NA,NA,2011-05-03 05:52:00,0
2011-05-03 07:00:00,WIND,600702,1,HCM,1,18974,1011,140,19,140,25,623,6,6,6,6,6,NA,NA,NA,NA,2011-05-03 06:52:00,0
2011-05-03 08:00:00,WIND,600702,1,HCM,1,18974,1011,130,18,130,24,710,6,6,6,6,6,NA,NA,NA,NA,2011-05-03 07:52:00,0
2011-05-03 09:00:00,WIND,600702,1,HCM,1,18974,1011,140,18,130,23,848,6,6,6,6,6,NA,NA,NA,NA,2011-05-03 08:55:00,0
2011-05-03 10:00:00,WIND,600702,1,HCM,1,18974,1011,140,18,140,25,942,6,6,6,6,6,NA,NA,NA,NA,2011-05-03 09:52:00,0
2011-05-03 11:00:00,WIND,600702,1,HCM,1,18974,1011,140,18,140,24,1002,6,6,6,6,6,NA,NA,NA,NA,2011-05-03 10:52:00,0
2011-05-03 12:00:00,WIND,600702,1,HCM,1,18974,1011,140,16,130,21,1109,6,6,6,6,6,NA,NA,NA,NA,2011-05-03 11:52:00,0
2011-05-03 13:00:00,WIND,600702,1,HCM,1,18974,1011,150,15,150,19,1155,6,6,6,6,6,NA,NA,NA,NA,2011-05-03 12:52:00,0
2011-05-03 14:00:00,WIND,600702,1,HCM,1,18974,1011,160,13,160,18,1253,6,6,6,6,6,NA,NA,NA,NA,2011-05-03 13:52:00,0
2011-05-03 15:00:00,WIND,600702,1,HCM,1,18974,1011,170,10,170,13,1402,6,6,6,6,6,NA,NA,NA,NA,2011-05-03 14:52:00,0
2011-05-03 16:00:00,WIND,600702,1,HCM,1,18974,1011,180,9,190,13,1520,6,6,6,6,6,NA,NA,NA,NA,2011-05-03 15:52:00,0
2011-05-03 17:00:00,WIND,600702,1,HCM,1,18974,1011,180,9,180,14,1647,6,6,6,6,6,NA,NA,NA,NA,2011-05-03 16:52:00,0
2011-05-03 18:00:00,WIND,600702,1,HCM,1,18974,1011,190,7,180,13,1650,6,6,6,6,6,NA,NA,NA,NA,2011-05-03 17:52:00,0
2011-05-03 19:00:00,WIND,600702,1,HCM,1,18974,1011,70,4,60,10,1845,6,6,6,6,6,NA,NA,NA,NA,2011-05-03 19:03:00,0
2011-05-03 20:00:00,WIND,600702,1,HCM,1,18974,1011,50,7,50,11,1900,6,6,6,6,6,NA,NA,NA,NA,2011-05-03 19:52:00,0
2011-05-03 21:00:00,WIND,600702,1,HCM,1,18974,1011,60,7,50,10,2048,6,6,6,6,6,NA,NA,NA,NA,2011-05-03 20:55:00,0
2011-05-03 22:00:00,WIND,600702,1,HCM,1,18974,1011,60,8,60,10,2050,6,6,6,6,6,NA,NA,NA,NA,2011-05-03 21:52:00,0
2011-05-03 23:00:00,WIND,600702,1,HCM,1,18974,1011,80,8,80,10,2231,6,6,6,6,6,NA,NA,NA,NA,2011-05-03 22:52:00,0
2011-05-04 00:00:00,WIND,600702,1,HCM,1,18974,1011,100,7,100,9,2311,6,6,6,6,6,NA,NA,NA,NA,2011-05-03 23:52:00,0
2011-05-04 01:00:00,WIND,600702,1,HCM,1,18974,1011,110,6,120,13,48,6,6,6,6,6,NA,NA,NA,NA,2011-05-04 00:52:00,0
2011-05-04 02:00:00,WIND,600702,1,HCM,1,18974,1011,120,13,130,19,105,6,6,6,6,6,NA,NA,NA,NA,2011-05-04 01:52:00,0
2011-05-04 03:00:00,WIND,600702,1,HCM,1,18974,1011,120,14,120,20,238,6,6,6,6,6,NA,NA,NA,NA,2011-05-04 02:52:00,0
2011-05-04 04:00:00,WIND,600702,1,HCM,1,18974,1011,120,14,130,20,302,6,6,6,6,6,NA,NA,NA,NA,2011-05-04 03:52:00,0
2011-05-04 05:00:00,WIND,600702,1,HCM,1,18974,1011,130,16,130,21,414,6,6,6,6,6,NA,NA,NA,NA,2011-05-04 04:52:00,0
2011-05-04 06:00:00,WIND,600702,1,HCM,1,18974,1011,120,15,130,20,503,6,6,6,6,6,NA,NA,NA,NA,2011-05-04 05:52:00,0
2011-05-04 07:00:00,WIND,600702,1,HCM,1,18974,1011,120,14,120,20,633,6,6,6,6,6,NA,NA,NA,NA,2011-05-04 06:52:00,0
2011-05-04 08:00:00,WIND,600702,1,HCM,1,18974,1011,120,15,130,21,747,6,6,6,6,6,NA,NA,NA,NA,2011-05-04 07:52:00,0
2011-05-04 09:00:00,WIND,600702,1,HCM,1,18974,1011,130,18,130,23,836,6,6,6,6,6,NA,NA,NA,NA,2011-05-04 08:55:00,0
2011-05-04 10:00:00,WIND,600702,1,HCM,1,18974,1011,130,19,130,26,936,6,6,6,6,6,NA,NA,NA,NA,2011-05-04 09:52:00,0
2011-05-04 11:00:00,WIND,600702,1,HCM,1,18974,1011,130,20,140,25,1027,6,6,6,6,6,NA,NA,NA,NA,2011-05-04 10:52:00,0
2011-05-04 12:00:00,WIND,600702,1,HCM,1,18974,1011,140,19,140,24,1106,6,6,6,6,6,NA,NA,NA,NA,2011-05-04 13:45:00,0
2011-05-04 13:00:00,WIND,600702,1,HCM,1,18974,1011,140,18,140,24,1229,6,6,6,6,6,NA,NA,NA,NA,2011-05-04 13:45:00,0
2011-05-04 14:00:00,WIND,600702,1,HCM,1,18974,1011,140,16,130,21,1254,6,6,6,6,6,NA,NA,NA,NA,2011-05-04 13:53:00,0
2011-05-04 15:00:00,WIND,600702,1,HCM,1,18974,1011,140,15,150,20,1354,6,6,6,6,6,NA,NA,NA,NA,2011-05-04 14:52:00,0
2011-05-04 16:00:00,WIND,600702,1,HCM,1,18974,1011,140,13,130,17,1523,6,6,6,6,6,NA,NA,NA,NA,2011-05-04 15:52:00,0
2011-05-04 17:00:00,WIND,600702,1,HCM,1,18974,1011,160,15,160,21,1643,6,6,6,6,6,NA,NA,NA,NA,2011-05-04 16:52:00,0
2011-05-04 18:00:00,WIND,600702,1,HCM,1,18974,1011,160,16,170,23,1710,6,6,6,6,6,NA,NA,NA,NA,2011-05-04 17:52:00,0
2011-05-04 19:00:00,WIND,600702,1,HCM,1,18974,1011,170,16,160,22,1849,6,6,6,6,6,NA,NA,NA,NA,2011-05-04 18:52:00,0
2011-05-04 20:00:00,WIND,600702,1,HCM,1,18974,1011,160,18,160,23,1905,6,6,6,6,6,NA,NA,NA,NA,2011-05-04 19:52:00,0
2011-05-04 21:00:00,WIND,600702,1,HCM,1,18974,1011,150,17,150,24,1952,6,6,6,6,6,NA,NA,NA,NA,2011-05-04 20:55:00,0
2011-05-04 22:00:00,WIND,600702,1,HCM,1,18974,1011,140,16,130,21,2142,6,6,6,6,6,NA,NA,NA,NA,2011-05-04 21:52:00,0
2011-05-04 23:00:00,WIND,600702,1,HCM,1,18974,1011,120,16,120,22,2235,6,6,6,6,6,NA,NA,NA,NA,2011-05-04 22:52:00,0
2011-05-05 00:00:00,WIND,600702,1,HCM,1,18974,1011,120,17,130,23,2348,6,6,6,6,6,NA,NA,NA,NA,2011-05-04 23:53:00,0
2011-05-05 01:00:00,WIND,600702,1,HCM,1,18974,1011,130,19,130,24,33,6,6,6,6,6,NA,NA,NA,NA,2011-05-05 00:53:00,0
2011-05-05 02:00:00,WIND,600702,1,HCM,1,18974,1011,130,21,120,27,114,6,6,6,6,6,NA,NA,NA,NA,2011-05-05 01:52:00,0
2011-05-05 03:00:00,WIND,600702,1,HCM,1,18974,1011,130,21,140,27,238,6,6,6,6,6,NA,NA,NA,NA,2011-05-05 02:52:00,0
2011-05-05 04:00:00,WIND,600702,1,HCM,1,18974,1011,140,22,140,28,256,6,6,6,6,6,NA,NA,NA,NA,2011-05-05 03:52:00,0
2011-05-05 05:00:00,WIND,600702,1,HCM,1,18974,1011,140,21,140,28,427,6,6,6,6,6,NA,NA,NA,NA,2011-05-05 04:52:00,0
2011-05-05 06:00:00,WIND,600702,1,HCM,1,18974,1011,140,21,140,29,548,6,6,6,6,6,NA,NA,NA,NA,2011-05-05 05:52:00,0
2011-05-05 07:00:00,WIND,600702,1,HCM,1,18974,1011,140,23,140,31,600,6,6,6,6,6,NA,NA,NA,NA,2011-05-05 06:51:00,0
2011-05-05 08:00:00,WIND,600702,1,HCM,1,18974,1011,140,22,140,30,721,6,6,6,6,6,NA,NA,NA,NA,2011-05-05 07:52:00,0
2011-05-05 09:00:00,WIND,600702,1,HCM,1,18974,1011,140,22,150,31,847,6,6,6,6,6,NA,NA,NA,NA,2011-05-05 09:00:00,0
2011-05-05 10:00:00,WIND,600702,1,HCM,1,18974,1011,140,23,150,31,903,6,6,6,6,6,NA,NA,NA,NA,2011-05-05 11:08:00,0
2011-05-05 11:00:00,WIND,600702,1,HCM,1,18974,1011,140,24,140,32,1023,6,6,6,6,6,NA,NA,NA,NA,2011-05-05 11:09:00,0
2011-05-05 12:00:00,WIND,600702,1,HCM,1,18974,1011,140,22,150,30,1050,6,6,6,6,6,NA,NA,NA,NA,2011-05-05 11:52:00,0
2011-05-05 13:00:00,WIND,600702,1,HCM,1,18974,1011,140,22,140,28,1200,6,6,6,6,6,NA,NA,NA,NA,2011-05-05 12:52:00,0
2011-05-05 14:00:00,WIND,600702,1,HCM,1,18974,1011,140,20,140,26,1339,6,6,6,6,6,NA,NA,NA,NA,2011-05-05 13:52:00,0
2011-05-05 15:00:00,WIND,600702,1,HCM,1,18974,1011,140,20,140,26,1411,6,6,6,6,6,NA,NA,NA,NA,2011-05-05 14:52:00,0
2011-05-05 16:00:00,WIND,600702,1,HCM,1,18974,1011,140,20,140,27,1535,6,6,6,6,6,NA,NA,NA,NA,2011-05-05 16:07:00,0
2011-05-05 17:00:00,WIND,600702,1,HCM,1,18974,1011,140,21,140,27,1551,6,6,6,6,6,NA,NA,NA,NA,2011-05-05 17:07:00,0
2011-05-05 18:00:00,WIND,600702,1,HCM,1,18974,1011,140,20,140,27,1746,6,6,6,6,6,NA,NA,NA,NA,2011-05-05 17:52:00,0
2011-05-05 19:00:00,WIND,600702,1,HCM,1,18974,1011,140,19,140,25,1819,6,6,6,6,6,NA,NA,NA,NA,2011-05-05 20:02:00,0
2011-05-05 20:00:00,WIND,600702,1,HCM,1,18974,1011,130,18,140,23,1858,6,6,6,6,6,NA,NA,NA,NA,2011-05-05 20:08:00,0
2011-05-05 21:00:00,WIND,600702,1,HCM,1,18974,1011,130,17,140,22,2046,6,6,6,6,6,NA,NA,NA,NA,2011-05-05 20:55:00,0
2011-05-05 22:00:00,WIND,600702,1,HCM,1,18974,1011,140,18,140,23,2122,6,6,6,6,6,NA,NA,NA,NA,2011-05-05 21:51:00,0
2011-05-05 23:00:00,WIND,600702,1,HCM,1,18974,1011,140,17,140,23,2212,6,6,6,6,6,NA,NA,NA,NA,2011-05-05 22:52:00,0
2011-05-06 00:00:00,WIND,600702,1,HCM,1,18974,1011,140,17,140,22,2253,6,6,6,6,6,NA,NA,NA,NA,2011-05-05 23:53:00,0
2011-05-06 01:00:00,WIND,600702,1,HCM,1,18974,1011,140,17,140,23,20,6,6,6,6,6,NA,NA,NA,NA,2011-05-06 00:52:00,0
2011-05-06 02:00:00,WIND,600702,1,HCM,1,18974,1011,140,17,150,24,125,6,6,6,6,6,NA,NA,NA,NA,2011-05-06 01:52:00,0
2011-05-06 03:00:00,WIND,600702,1,HCM,1,18974,1011,140,16,140,22,155,6,6,6,6,6,NA,NA,NA,NA,2011-05-06 02:52:00,0
2011-05-06 04:00:00,WIND,600702,1,HCM,1,18974,1011,140,14,140,21,302,6,6,6,6,6,NA,NA,NA,NA,2011-05-06 03:52:00,0
2011-05-06 05:00:00,WIND,600702,1,HCM,1,18974,1011,150,14,150,23,439,6,6,6,6,6,NA,NA,NA,NA,2011-05-06 04:52:00,0
2011-05-06 06:00:00,WIND,600702,1,HCM,1,18974,1011,170,22,190,31,549,6,6,6,6,6,NA,NA,NA,NA,2011-05-06 05:52:00,0
2011-05-06 07:00:00,WIND,600702,1,HCM,1,18974,1011,190,21,190,32,558,6,6,6,6,6,NA,NA,NA,NA,2011-05-06 06:52:00,0
2011-05-06 08:00:00,WIND,600702,1,HCM,1,18974,1011,190,15,180,21,652,6,6,6,6,6,NA,NA,NA,NA,2011-05-06 07:51:00,0
2011-05-06 09:00:00,WIND,600702,1,HCM,1,18974,1011,170,15,170,20,841,6,6,6,6,6,NA,NA,NA,NA,2011-05-06 08:56:00,0
2011-05-06 10:00:00,WIND,600702,1,HCM,1,18974,1011,160,14,160,20,927,6,6,6,6,6,NA,NA,NA,NA,2011-05-06 09:52:00,0
2011-05-06 11:00:00,WIND,600702,1,HCM,1,18974,1011,160,15,170,20,1017,6,6,6,6,6,NA,NA,NA,NA,2011-05-06 10:52:00,0
2011-05-06 12:00:00,WIND,600702,1,HCM,1,18974,1011,160,14,160,19,1137,6,6,6,6,6,NA,NA,NA,NA,2011-05-06 11:52:00,0
2011-05-06 13:00:00,WIND,600702,1,HCM,1,18974,1011,160,15,150,19,1243,6,6,6,6,6,NA,NA,NA,NA,2011-05-06 12:52:00,0
2011-05-06 14:00:00,WIND,600702,1,HCM,1,18974,1011,140,15,140,21,1344,6,6,6,6,6,NA,NA,NA,NA,2011-05-06 13:52:00,0
2011-05-06 15:00:00,WIND,600702,1,HCM,1,18974,1011,140,18,130,24,1433,6,6,6,6,6,NA,NA,NA,NA,2011-05-06 14:52:00,0
2011-05-06 16:00:00,WIND,600702,1,HCM,1,18974,1011,140,19,140,25,1452,6,6,6,6,6,NA,NA,NA,NA,2011-05-06 15:52:00,0
2011-05-06 17:00:00,WIND,600702,1,HCM,1,18974,1011,150,19,160,28,1616,6,6,6,6,6,NA,NA,NA,NA,2011-05-06 16:52:00,0
2011-05-06 18:00:00,WIND,600702,1,HCM,1,18974,1011,140,18,140,24,1719,6,6,6,6,6,NA,NA,NA,NA,2011-05-06 17:52:00,0
2011-05-06 19:00:00,WIND,600702,1,HCM,1,18974,1011,150,18,140,23,1837,6,6,6,6,6,NA,NA,NA,NA,2011-05-06 18:52:00,0
2011-05-06 20:00:00,WIND,600702,1,HCM,1,18974,1011,160,14,160,20,1946,6,6,6,6,6,NA,NA,NA,NA,2011-05-06 19:52:00,0
2011-05-06 21:00:00,WIND,600702,1,HCM,1,18974,1011,160,14,160,21,1950,6,6,6,6,6,NA,NA,NA,NA,2011-05-06 20:54:00,0
2011-05-06 22:00:00,WIND,600702,1,HCM,1,18974,1011,160,17,150,22,2105,6,6,6,6,6,NA,NA,NA,NA,2011-05-06 21:52:00,0
2011-05-06 23:00:00,WIND,600702,1,HCM,1,18974,1011,160,15,160,21,2210,6,6,6,6,6,NA,NA,NA,NA,2011-05-06 22:52:00,0
2011-05-07 00:00:00,WIND,600702,1,HCM,1,18974,1011,150,15,150,20,2309,6,6,6,6,6,NA,NA,NA,NA,2011-05-06 23:54:00,0
2011-05-07 01:00:00,WIND,600702,1,HCM,1,18974,1011,150,18,140,24,8,6,6,6,6,6,NA,NA,NA,NA,2011-05-07 00:53:00,0
2011-05-07 02:00:00,WIND,600702,1,HCM,1,18974,1011,140,16,150,22,101,6,6,6,6,6,NA,NA,NA,NA,2011-05-07 01:52:00,0
2011-05-07 03:00:00,WIND,600702,1,HCM,1,18974,1011,140,17,130,23,247,6,6,6,6,6,NA,NA,NA,NA,2011-05-07 02:52:00,0
2011-05-07 04:00:00,WIND,600702,1,HCM,1,18974,1011,140,16,140,23,250,6,6,6,6,6,NA,NA,NA,NA,2011-05-07 03:52:00,0
2011-05-07 05:00:00,WIND,600702,1,HCM,1,18974,1011,130,12,130,17,407,6,6,6,6,6,NA,NA,NA,NA,2011-05-07 04:52:00,0
2011-05-07 06:00:00,WIND,600702,1,HCM,1,18974,1011,130,14,140,20,549,6,6,6,6,6,NA,NA,NA,NA,2011-05-07 05:52:00,0
2011-05-07 07:00:00,WIND,600702,1,HCM,1,18974,1011,140,17,140,22,626,6,6,6,6,6,NA,NA,NA,NA,2011-05-07 06:52:00,0
2011-05-07 08:00:00,WIND,600702,1,HCM,1,18974,1011,150,17,150,23,708,6,6,6,6,6,NA,NA,NA,NA,2011-05-07 07:52:00,0
2011-05-07 09:00:00,WIND,600702,1,HCM,1,18974,1011,150,15,150,21,750,6,6,6,6,6,NA,NA,NA,NA,2011-05-07 08:54:00,0
2011-05-07 10:00:00,WIND,600702,1,HCM,1,18974,1011,150,16,150,23,908,6,6,6,6,6,NA,NA,NA,NA,2011-05-07 09:52:00,0
2011-05-07 11:00:00,WIND,600702,1,HCM,1,18974,1011,140,14,140,20,1006,6,6,6,6,6,NA,NA,NA,NA,2011-05-07 10:52:00,0
2011-05-07 12:00:00,WIND,600702,1,HCM,1,18974,1011,140,13,140,17,1118,6,6,6,6,6,NA,NA,NA,NA,2011-05-07 11:52:00,0
2011-05-07 13:00:00,WIND,600702,1,HCM,1,18974,1011,140,11,140,16,1209,6,6,6,6,6,NA,NA,NA,NA,2011-05-07 12:52:00,0
2011-05-07 14:00:00,WIND,600702,1,HCM,1,18974,1011,140,10,140,14,1257,6,6,6,6,6,NA,NA,NA,NA,2011-05-07 13:52:00,0
2011-05-07 15:00:00,WIND,600702,1,HCM,1,18974,1011,130,10,130,13,1402,6,6,6,6,6,NA,NA,NA,NA,2011-05-07 14:52:00,0
2011-05-07 16:00:00,WIND,600702,1,HCM,1,18974,1011,130,9,120,14,1545,6,6,6,6,6,NA,NA,NA,NA,2011-05-07 15:52:00,0
2011-05-07 17:00:00,WIND,600702,1,HCM,1,18974,1011,130,14,140,23,1638,6,6,6,6,6,NA,NA,NA,NA,2011-05-07 16:51:00,0
2011-05-07 18:00:00,WIND,600702,1,HCM,1,18974,1011,130,13,140,19,1650,6,6,6,6,6,NA,NA,NA,NA,2011-05-07 17:52:00,0
2011-05-07 19:00:00,WIND,600702,1,HCM,1,18974,1011,120,11,130,16,1849,6,6,6,6,6,NA,NA,NA,NA,2011-05-07 18:51:00,0
2011-05-07 20:00:00,WIND,600702,1,HCM,1,18974,1011,130,12,130,16,1948,6,6,6,6,6,NA,NA,NA,NA,2011-05-07 19:52:00,0
2011-05-07 21:00:00,WIND,600702,1,HCM,1,18974,1011,120,13,120,18,1952,6,6,6,6,6,NA,NA,NA,NA,2011-05-07 20:54:00,0
2011-05-07 22:00:00,WIND,600702,1,HCM,1,18974,1011,120,13,120,17,2052,6,6,6,6,6,NA,NA,NA,NA,2011-05-07 21:51:00,0
2011-05-07 23:00:00,WIND,600702,1,HCM,1,18974,1011,110,12,110,18,2208,6,6,6,6,6,NA,NA,NA,NA,2011-05-07 22:52:00,0
2011-05-08 00:00:00,WIND,600702,1,HCM,1,18974,1011,100,11,100,17,2308,6,6,6,6,6,NA,NA,NA,NA,2011-05-07 23:53:00,0
2011-05-08 01:00:00,WIND,600702,1,HCM,1,18974,1011,100,13,100,19,46,6,6,6,6,6,NA,NA,NA,NA,2011-05-08 00:53:00,0
2011-05-08 02:00:00,WIND,600702,1,HCM,1,18974,1011,110,14,100,20,58,6,6,6,6,6,NA,NA,NA,NA,2011-05-08 01:52:00,0
2011-05-08 03:00:00,WIND,600702,1,HCM,1,18974,1011,110,16,110,22,235,6,6,6,6,6,NA,NA,NA,NA,2011-05-08 02:52:00,0
2011-05-08 04:00:00,WIND,600702,1,HCM,1,18974,1011,110,15,120,22,302,6,6,6,6,6,NA,NA,NA,NA,2011-05-08 03:52:00,0
2011-05-08 05:00:00,WIND,600702,1,HCM,1,18974,1011,100,14,100,18,403,6,6,6,6,6,NA,NA,NA,NA,2011-05-08 04:51:00,0
2011-05-08 06:00:00,WIND,600702,1,HCM,1,18974,1011,110,14,110,21,544,6,6,6,6,6,NA,NA,NA,NA,2011-05-08 05:52:00,0
2011-05-08 07:00:00,WIND,600702,1,HCM,1,18974,1011,120,15,130,23,621,6,6,6,6,6,NA,NA,NA,NA,2011-05-08 06:52:00,0
2011-05-08 08:00:00,WIND,600702,1,HCM,1,18974,1011,160,16,160,22,655,6,6,6,6,6,NA,NA,NA,NA,2011-05-08 07:52:00,0
2011-05-08 09:00:00,WIND,600702,1,HCM,1,18974,1011,150,14,140,20,846,6,6,6,6,6,NA,NA,NA,NA,2011-05-08 08:54:00,0
2011-05-08 10:00:00,WIND,600702,1,HCM,1,18974,1011,140,17,150,22,944,6,6,6,6,6,NA,NA,NA,NA,2011-05-08 09:51:00,0
2011-05-08 11:00:00,WIND,600702,1,HCM,1,18974,1011,150,16,150,24,1031,6,6,6,6,6,NA,NA,NA,NA,2011-05-08 10:52:00,0
2011-05-08 12:00:00,WIND,600702,1,HCM,1,18974,1011,150,19,150,28,1109,6,6,6,6,6,NA,NA,NA,NA,2011-05-08 11:52:00,0
2011-05-08 13:00:00,WIND,600702,1,HCM,1,18974,1011,150,19,150,25,1205,6,6,6,6,6,NA,NA,NA,NA,2011-05-08 12:52:00,0
2011-05-08 14:00:00,WIND,600702,1,HCM,1,18974,1011,150,19,150,26,1301,6,6,6,6,6,NA,NA,NA,NA,2011-05-08 13:52:00,0
2011-05-08 15:00:00,WIND,600702,1,HCM,1,18974,1011,140,20,140,28,1448,6,6,6,6,6,NA,NA,NA,NA,2011-05-08 14:52:00,0
2011-05-08 16:00:00,WIND,600702,1,HCM,1,18974,1011,140,23,140,30,1540,6,6,6,6,6,NA,NA,NA,NA,2011-05-08 15:54:00,0
2011-05-08 17:00:00,WIND,600702,1,HCM,1,18974,1011,140,26,140,34,1640,6,6,6,6,6,NA,NA,NA,NA,2011-05-08 16:52:00,0
2011-05-08 18:00:00,WIND,600702,1,HCM,1,18974,1011,150,27,150,34,1717,6,6,6,6,6,NA,NA,NA,NA,2011-05-08 17:52:00,0
2011-05-08 19:00:00,WIND,600702,1,HCM,1,18974,1011,140,25,150,33,1805,6,6,6,6,6,NA,NA,NA,NA,2011-05-08 18:52:00,0
2011-05-08 20:00:00,WIND,600702,1,HCM,1,18974,1011,140,25,140,32,1942,6,6,6,6,6,NA,NA,NA,NA,2011-05-08 19:52:00,0
2011-05-08 21:00:00,WIND,600702,1,HCM,1,18974,1011,140,27,150,41,2043,6,6,6,6,6,NA,NA,NA,NA,2011-05-08 20:54:00,0
2011-05-08 22:00:00,WIND,600702,1,HCM,1,18974,1011,150,29,150,40,2051,6,6,6,6,6,NA,NA,NA,NA,2011-05-09 00:04:00,0
2011-05-08 23:00:00,WIND,600702,1,HCM,1,18974,1011,140,28,140,38,2241,6,6,6,6,6,NA,NA,NA,NA,2011-05-09 00:25:00,0
2011-05-09 00:00:00,WIND,600702,1,HCM,1,18974,1011,140,27,140,35,2318,6,6,6,6,6,NA,NA,NA,NA,2011-05-09 00:32:00,0
2011-05-09 01:00:00,WIND,600702,1,HCM,1,18974,1011,140,25,150,34,4,6,6,6,6,6,NA,NA,NA,NA,2011-05-09 00:52:00,0
2011-05-09 02:00:00,WIND,600702,1,HCM,1,18974,1011,140,27,150,37,124,6,6,6,6,6,NA,NA,NA,NA,2011-05-09 01:52:00,0
2011-05-09 03:00:00,WIND,600702,1,HCM,1,18974,1011,140,29,140,41,241,6,6,6,6,6,NA,NA,NA,NA,2011-05-09 02:52:00,0
2011-05-09 04:00:00,WIND,600702,1,HCM,1,18974,1011,140,29,140,38,258,6,6,6,6,6,NA,NA,NA,NA,2011-05-09 03:52:00,0
2011-05-09 05:00:00,WIND,600702,1,HCM,1,18974,1011,150,29,150,39,439,6,6,6,6,6,NA,NA,NA,NA,2011-05-09 04:52:00,0
2011-05-09 06:00:00,WIND,600702,1,HCM,1,18974,1011,140,30,150,40,502,6,6,6,6,6,NA,NA,NA,NA,2011-05-09 05:52:00,0
2011-05-09 07:00:00,WIND,600702,1,HCM,1,18974,1011,140,29,140,38,554,6,6,6,6,6,NA,NA,NA,NA,2011-05-09 06:52:00,0
2011-05-09 08:00:00,WIND,600702,1,HCM,1,18974,1011,150,30,150,39,726,6,6,6,6,6,NA,NA,NA,NA,2011-05-09 07:52:00,0
2011-05-09 09:00:00,WIND,600702,1,HCM,1,18974,1011,150,27,150,37,805,6,6,6,6,6,NA,NA,NA,NA,2011-05-09 08:54:00,0
2011-05-09 10:00:00,WIND,600702,1,HCM,1,18974,1011,150,25,150,34,924,6,6,6,6,6,NA,NA,NA,NA,2011-05-09 09:52:00,0
2011-05-09 11:00:00,WIND,600702,1,HCM,1,18974,1011,150,24,150,33,1016,6,6,6,6,6,NA,NA,NA,NA,2011-05-09 10:52:00,0
2011-05-09 12:00:00,WIND,600702,1,HCM,1,18974,1011,150,25,160,32,1125,6,6,6,6,6,NA,NA,NA,NA,2011-05-09 11:52:00,0
2011-05-09 13:00:00,WIND,600702,1,HCM,1,18974,1011,150,25,150,33,1230,6,6,6,6,6,NA,NA,NA,NA,2011-05-09 12:52:00,0
2011-05-09 14:00:00,WIND,600702,1,HCM,1,18974,1011,140,23,140,30,1348,6,6,6,6,6,NA,NA,NA,NA,2011-05-09 13:53:00,0
2011-05-09 15:00:00,WIND,600702,1,HCM,1,18974,1011,150,24,150,31,1412,6,6,6,6,6,NA,NA,NA,NA,2011-05-09 14:52:00,0
2011-05-09 16:00:00,WIND,600702,1,HCM,1,18974,1011,150,22,150,30,1525,6,6,6,6,6,NA,NA,NA,NA,2011-05-09 15:52:00,0
2011-05-09 17:00:00,WIND,600702,1,HCM,1,18974,1011,160,20,150,30,1649,6,6,6,6,6,NA,NA,NA,NA,2011-05-09 16:52:00,0
2011-05-09 18:00:00,WIND,600702,1,HCM,1,18974,1011,150,22,150,30,1653,6,6,6,6,6,NA,NA,NA,NA,2011-05-09 17:52:00,0
2011-05-09 19:00:00,WIND,600702,1,HCM,1,18974,1011,140,21,140,27,1823,6,6,6,6,6,NA,NA,NA,NA,2011-05-09 18:52:00,0
2011-05-09 20:00:00,WIND,600702,1,HCM,1,18974,1011,150,21,160,30,1942,6,6,6,6,6,NA,NA,NA,NA,2011-05-09 19:52:00,0
2011-05-09 21:00:00,WIND,600702,1,HCM,1,18974,1011,160,21,160,31,1958,6,6,6,6,6,NA,NA,NA,NA,2011-05-09 20:55:00,0
2011-05-09 22:00:00,WIND,600702,1,HCM,1,18974,1011,160,18,160,26,2143,6,6,6,6,6,NA,NA,NA,NA,2011-05-09 21:52:00,0
2011-05-09 23:00:00,WIND,600702,1,HCM,1,18974,1011,150,21,160,28,2237,6,6,6,6,6,NA,NA,NA,NA,2011-05-09 22:52:00,0
2011-05-10 00:00:00,WIND,600702,1,HCM,1,18974,1011,150,19,150,26,2255,6,6,6,6,6,NA,NA,NA,NA,2011-05-09 23:53:00,0
2011-05-10 01:00:00,WIND,600702,1,HCM,1,18974,1011,150,19,150,26,47,6,6,6,6,6,NA,NA,NA,NA,2011-05-10 00:53:00,0
2011-05-10 02:00:00,WIND,600702,1,HCM,1,18974,1011,150,23,150,30,131,6,6,6,6,6,NA,NA,NA,NA,2011-05-10 01:52:00,0
2011-05-10 03:00:00,WIND,600702,1,HCM,1,18974,1011,150,24,140,31,244,6,6,6,6,6,NA,NA,NA,NA,2011-05-10 02:52:00,0
2011-05-10 04:00:00,WIND,600702,1,HCM,1,18974,1011,140,25,140,32,341,6,6,6,6,6,NA,NA,NA,NA,2011-05-10 03:52:00,0
2011-05-10 05:00:00,WIND,600702,1,HCM,1,18974,1011,150,25,150,36,444,6,6,6,6,6,NA,NA,NA,NA,2011-05-10 04:52:00,0
2011-05-10 06:00:00,WIND,600702,1,HCM,1,18974,1011,150,27,150,36,518,6,6,6,6,6,NA,NA,NA,NA,2011-05-10 05:52:00,0
2011-05-10 07:00:00,WIND,600702,1,HCM,1,18974,1011,150,29,160,38,639,6,6,6,6,6,NA,NA,NA,NA,2011-05-10 06:52:00,0
2011-05-10 08:00:00,WIND,600702,1,HCM,1,18974,1011,170,27,160,36,651,6,6,6,6,6,NA,NA,NA,NA,2011-05-10 07:52:00,0
2011-05-10 09:00:00,WIND,600702,1,HCM,1,18974,1011,180,27,180,36,758,6,6,6,6,6,NA,NA,NA,NA,2011-05-10 08:54:00,0
2011-05-10 10:00:00,WIND,600702,1,HCM,1,18974,1011,190,24,190,33,942,6,6,6,6,6,NA,NA,NA,NA,2011-05-10 09:52:00,0
2011-05-10 11:00:00,WIND,600702,1,HCM,1,18974,1011,200,21,200,33,1017,6,6,6,6,6,NA,NA,NA,NA,2011-05-10 10:52:00,0
2011-05-10 12:00:00,WIND,600702,1,HCM,1,18974,1011,210,21,210,33,1145,6,6,6,6,6,NA,NA,NA,NA,2011-05-10 15:58:00,0
2011-05-10 13:00:00,WIND,600702,1,HCM,1,18974,1011,210,21,230,30,1212,6,6,6,6,6,NA,NA,NA,NA,2011-05-10 15:58:00,0
2011-05-10 14:00:00,WIND,600702,1,HCM,1,18974,1011,210,21,210,30,1322,6,6,6,6,6,NA,NA,NA,NA,2011-05-10 15:58:00,0
2011-05-10 15:00:00,WIND,600702,1,HCM,1,18974,1011,210,21,220,28,1353,6,6,6,6,6,NA,NA,NA,NA,2011-05-10 15:59:00,0
2011-05-10 16:00:00,WIND,600702,1,HCM,1,18974,1011,210,20,220,28,1549,6,6,6,6,6,NA,NA,NA,NA,2011-05-10 16:00:00,0
2011-05-10 17:00:00,WIND,600702,1,HCM,1,18974,1011,210,18,220,27,1558,6,6,6,6,6,NA,NA,NA,NA,2011-05-10 16:52:00,0
2011-05-10 18:00:00,WIND,600702,1,HCM,1,18974,1011,210,18,210,28,1731,6,6,6,6,6,NA,NA,NA,NA,2011-05-10 17:51:00,0
2011-05-10 19:00:00,WIND,600702,1,HCM,1,18974,1011,210,17,210,26,1752,6,6,6,6,6,NA,NA,NA,NA,2011-05-10 18:52:00,0
2011-05-10 20:00:00,WIND,600702,1,HCM,1,18974,1011,210,16,210,23,1904,6,6,6,6,6,NA,NA,NA,NA,2011-05-10 19:52:00,0
2011-05-10 21:00:00,WIND,600702,1,HCM,1,18974,1011,210,14,200,22,2013,6,6,6,6,6,NA,NA,NA,NA,2011-05-10 20:55:00,0
2011-05-10 22:00:00,WIND,600702,1,HCM,1,18974,1011,210,14,210,21,2058,6,6,6,6,6,NA,NA,NA,NA,2011-05-10 21:52:00,0
2011-05-10 23:00:00,WIND,600702,1,HCM,1,18974,1011,210,14,210,21,2241,6,6,6,6,6,NA,NA,NA,NA,2011-05-10 22:51:00,0
2011-05-11 00:00:00,WIND,600702,1,HCM,1,18974,1011,210,13,210,21,2337,6,6,6,6,6,NA,NA,NA,NA,2011-05-10 23:52:00,0
2011-05-11 01:00:00,WIND,600702,1,HCM,1,18974,1011,220,14,210,22,2351,6,6,6,6,6,NA,NA,NA,NA,2011-05-11 00:52:00,0
2011-05-11 02:00:00,WIND,600702,1,HCM,1,18974,1011,220,15,220,23,120,6,6,6,6,6,NA,NA,NA,NA,2011-05-11 01:52:00,0
2011-05-11 03:00:00,WIND,600702,1,HCM,1,18974,1011,210,14,210,25,155,6,6,6,6,6,NA,NA,NA,NA,2011-05-11 02:52:00,0
2011-05-11 04:00:00,WIND,600702,1,HCM,1,18974,1011,210,14,210,21,250,6,6,6,6,6,NA,NA,NA,NA,2011-05-11 03:52:00,0
2011-05-11 05:00:00,WIND,600702,1,HCM,1,18974,1011,210,13,210,19,400,6,6,6,6,6,NA,NA,NA,NA,2011-05-11 04:51:00,0
2011-05-11 06:00:00,WIND,600702,1,HCM,1,18974,1011,210,14,210,20,522,6,6,6,6,6,NA,NA,NA,NA,2011-05-11 05:51:00,0
2011-05-11 07:00:00,WIND,600702,1,HCM,1,18974,1011,200,15,210,21,609,6,6,6,6,6,NA,NA,NA,NA,2011-05-11 06:52:00,0
2011-05-11 08:00:00,WIND,600702,1,HCM,1,18974,1011,200,16,210,23,723,6,6,6,6,6,NA,NA,NA,NA,2011-05-11 07:52:00,0
2011-05-11 09:00:00,WIND,600702,1,HCM,1,18974,1011,200,18,200,26,841,6,6,6,6,6,NA,NA,NA,NA,2011-05-11 08:57:00,0
2011-05-11 10:00:00,WIND,600702,1,HCM,1,18974,1011,190,19,200,26,927,6,6,6,6,6,NA,NA,NA,NA,2011-05-11 09:53:00,0
2011-05-11 11:00:00,WIND,600702,1,HCM,1,18974,1011,200,18,200,30,1031,6,6,6,6,6,NA,NA,NA,NA,2011-05-11 10:52:00,0
2011-05-11 12:00:00,WIND,600702,1,HCM,1,18974,1011,210,17,210,26,1103,6,6,6,6,6,NA,NA,NA,NA,2011-05-11 11:52:00,0
2011-05-11 13:00:00,WIND,600702,1,HCM,1,18974,1011,210,19,220,27,1153,6,6,6,6,6,NA,NA,NA,NA,2011-05-11 12:52:00,0
2011-05-11 14:00:00,WIND,600702,1,HCM,1,18974,1011,220,18,220,27,1259,6,6,6,6,6,NA,NA,NA,NA,2011-05-11 13:52:00,0
2011-05-11 15:00:00,WIND,600702,1,HCM,1,18974,1011,220,16,220,24,1429,6,6,6,6,6,NA,NA,NA,NA,2011-05-11 14:52:00,0
2011-05-11 16:00:00,WIND,600702,1,HCM,1,18974,1011,220,18,230,25,1504,6,6,6,6,6,NA,NA,NA,NA,2011-05-11 15:52:00,0
2011-05-11 17:00:00,WIND,600702,1,HCM,1,18974,1011,220,16,210,24,1616,6,6,6,6,6,NA,NA,NA,NA,2011-05-11 16:52:00,0
2011-05-11 18:00:00,WIND,600702,1,HCM,1,18974,1011,220,13,220,20,1650,6,6,6,6,6,NA,NA,NA,NA,2011-05-11 17:52:00,0
2011-05-11 19:00:00,WIND,600702,1,HCM,1,18974,1011,230,13,230,20,1814,6,6,6,6,6,NA,NA,NA,NA,2011-05-11 18:52:00,0
2011-05-11 20:00:00,WIND,600702,1,HCM,1,18974,1011,220,12,220,18,1925,6,6,6,6,6,NA,NA,NA,NA,2011-05-11 19:52:00,0
2011-05-11 21:00:00,WIND,600702,1,HCM,1,18974,1011,210,11,210,17,2048,6,6,6,6,6,NA,NA,NA,NA,2011-05-11 20:54:00,0
2011-05-11 22:00:00,WIND,600702,1,HCM,1,18974,1011,210,11,220,18,2126,6,6,6,6,6,NA,NA,NA,NA,2011-05-11 21:52:00,0
2011-05-11 23:00:00,WIND,600702,1,HCM,1,18974,1011,220,12,210,21,2217,6,6,6,6,6,NA,NA,NA,NA,2011-05-11 22:52:00,0
2011-05-12 00:00:00,WIND,600702,1,HCM,1,18974,1011,220,13,220,19,2315,6,6,6,6,6,NA,NA,NA,NA,2011-05-11 23:52:00,0
2011-05-12 01:00:00,WIND,600702,1,HCM,1,18974,1011,240,13,240,22,22,6,6,6,6,6,NA,NA,NA,NA,2011-05-12 00:52:00,0
2011-05-12 02:00:00,WIND,600702,1,HCM,1,18974,1011,240,14,240,20,108,6,6,6,6,6,NA,NA,NA,NA,2011-05-12 01:52:00,0
2011-05-12 03:00:00,WIND,600702,1,HCM,1,18974,1011,250,15,260,23,245,6,6,6,6,6,NA,NA,NA,NA,2011-05-12 02:52:00,0
2011-05-12 04:00:00,WIND,600702,1,HCM,1,18974,1011,250,17,250,24,303,6,6,6,6,6,NA,NA,NA,NA,2011-05-12 03:52:00,0
2011-05-12 05:00:00,WIND,600702,1,HCM,1,18974,1011,260,17,250,26,408,6,6,6,6,6,NA,NA,NA,NA,2011-05-12 04:52:00,0
2011-05-12 06:00:00,WIND,600702,1,HCM,1,18974,1011,270,17,270,26,535,6,6,6,6,6,NA,NA,NA,NA,2011-05-12 05:52:00,0
2011-05-12 07:00:00,WIND,600702,1,HCM,1,18974,1011,280,17,270,25,625,6,6,6,6,6,NA,NA,NA,NA,2011-05-12 06:52:00,0
2011-05-12 08:00:00,WIND,600702,1,HCM,1,18974,1011,280,19,270,27,747,6,6,6,6,6,NA,NA,NA,NA,2011-05-12 07:52:00,0
2011-05-12 09:00:00,WIND,600702,1,HCM,1,18974,1011,280,19,270,28,824,6,6,6,6,6,NA,NA,NA,NA,2011-05-12 08:55:00,0
2011-05-12 10:00:00,WIND,600702,1,HCM,1,18974,1011,280,19,290,28,903,6,6,6,6,6,NA,NA,NA,NA,2011-05-12 09:52:00,0
2011-05-12 11:00:00,WIND,600702,1,HCM,1,18974,1011,280,19,290,28,1028,6,6,6,6,6,NA,NA,NA,NA,2011-05-12 10:52:00,0
2011-05-12 12:00:00,WIND,600702,1,HCM,1,18974,1011,290,18,290,25,1100,6,6,6,6,6,NA,NA,NA,NA,2011-05-12 11:52:00,0
2011-05-12 13:00:00,WIND,600702,1,HCM,1,18974,1011,280,21,270,30,1245,6,6,6,6,6,NA,NA,NA,NA,2011-05-12 12:52:00,0
2011-05-12 14:00:00,WIND,600702,1,HCM,1,18974,1011,270,22,270,30,1347,6,6,6,6,6,NA,NA,NA,NA,2011-05-12 13:52:00,0
2011-05-12 15:00:00,WIND,600702,1,HCM,1,18974,1011,280,23,280,30,1411,6,6,6,6,6,NA,NA,NA,NA,2011-05-12 14:52:00,0
2011-05-12 16:00:00,WIND,600702,1,HCM,1,18974,1011,280,22,280,32,1458,6,6,6,6,6,NA,NA,NA,NA,2011-05-12 15:51:00,0
2011-05-12 17:00:00,WIND,600702,1,HCM,1,18974,1011,280,22,280,29,1615,6,6,6,6,6,NA,NA,NA,NA,2011-05-12 16:52:00,0
2011-05-12 18:00:00,WIND,600702,1,HCM,1,18974,1011,270,19,270,28,1741,6,6,6,6,6,NA,NA,NA,NA,2011-05-12 17:52:00,0
2011-05-12 19:00:00,WIND,600702,1,HCM,1,18974,1011,280,18,280,27,1759,6,6,6,6,6,NA,NA,NA,NA,2011-05-12 19:41:00,0
2011-05-12 20:00:00,WIND,600702,1,HCM,1,18974,1011,270,17,270,25,1948,6,6,6,6,6,NA,NA,NA,NA,2011-05-12 19:53:00,0
2011-05-12 21:00:00,WIND,600702,1,HCM,1,18974,1011,270,15,270,25,1959,6,6,6,6,6,NA,NA,NA,NA,2011-05-12 21:09:00,0
2011-05-12 22:00:00,WIND,600702,1,HCM,1,18974,1011,270,14,260,27,2127,6,6,6,6,6,NA,NA,NA,NA,2011-05-12 21:52:00,0
2011-05-12 23:00:00,WIND,600702,1,HCM,1,18974,1011,260,13,260,19,2221,6,6,6,6,6,NA,NA,NA,NA,2011-05-12 22:53:00,0
2011-05-13 00:00:00,WIND,600702,1,HCM,1,18974,1011,260,12,250,27,2302,6,6,6,6,6,NA,NA,NA,NA,2011-05-12 23:52:00,0
2011-05-13 01:00:00,WIND,600702,1,HCM,1,18974,1011,260,12,260,20,48,6,6,6,6,6,NA,NA,NA,NA,2011-05-13 00:53:00,0
2011-05-13 02:00:00,WIND,600702,1,HCM,1,18974,1011,260,12,260,20,53,6,6,6,6,6,NA,NA,NA,NA,2011-05-13 01:51:00,0
2011-05-13 03:00:00,WIND,600702,1,HCM,1,18974,1011,270,8,290,18,200,6,6,6,6,6,NA,NA,NA,NA,2011-05-13 02:52:00,0
2011-05-13 04:00:00,WIND,600702,1,HCM,1,18974,1011,250,9,260,14,330,6,6,6,6,6,NA,NA,NA,NA,2011-05-13 03:52:00,0
2011-05-13 05:00:00,WIND,600702,1,HCM,1,18974,1011,250,10,240,17,437,6,6,6,6,6,NA,NA,NA,NA,2011-05-13 04:52:00,0
2011-05-13 06:00:00,WIND,600702,1,HCM,1,18974,1011,250,9,270,15,545,6,6,6,6,6,NA,NA,NA,NA,2011-05-13 05:52:00,0
2011-05-13 07:00:00,WIND,600702,1,HCM,1,18974,1011,250,12,260,18,616,6,6,6,6,6,NA,NA,NA,NA,2011-05-13 06:52:00,0
2011-05-13 08:00:00,WIND,600702,1,HCM,1,18974,1011,260,11,270,18,722,6,6,6,6,6,NA,NA,NA,NA,2011-05-13 07:52:00,0
2011-05-13 09:00:00,WIND,600702,1,HCM,1,18974,1011,270,12,260,20,842,6,6,6,6,6,NA,NA,NA,NA,2011-05-13 08:55:00,0
2011-05-13 10:00:00,WIND,600702,1,HCM,1,18974,1011,250,11,260,18,851,6,6,6,6,6,NA,NA,NA,NA,2011-05-13 09:52:00,0
2011-05-13 11:00:00,WIND,600702,1,HCM,1,18974,1011,230,10,220,18,1040,6,6,6,6,6,NA,NA,NA,NA,2011-05-13 10:52:00,0
2011-05-13 12:00:00,WIND,600702,1,HCM,1,18974,1011,260,10,260,19,1107,6,6,6,6,6,NA,NA,NA,NA,2011-05-13 11:52:00,0
2011-05-13 13:00:00,WIND,600702,1,HCM,1,18974,1011,270,14,260,23,1200,6,6,6,6,6,NA,NA,NA,NA,2011-05-13 12:55:00,0
2011-05-13 14:00:00,WIND,600702,1,HCM,1,18974,1011,270,16,270,22,1323,6,6,6,6,6,NA,NA,NA,NA,2011-05-13 13:52:00,0
2011-05-13 15:00:00,WIND,600702,1,HCM,1,18974,1011,270,16,270,23,1403,6,6,6,6,6,NA,NA,NA,NA,2011-05-13 14:51:00,0
2011-05-13 16:00:00,WIND,600702,1,HCM,1,18974,1011,270,16,270,23,1516,6,6,6,6,6,NA,NA,NA,NA,2011-05-13 15:51:00,0
2011-05-13 17:00:00,WIND,600702,1,HCM,1,18974,1011,270,17,270,23,1635,6,6,6,6,6,NA,NA,NA,NA,2011-05-13 16:53:00,0
2011-05-13 18:00:00,WIND,600702,1,HCM,1,18974,1011,280,17,310,24,1732,6,6,6,6,6,NA,NA,NA,NA,2011-05-13 17:52:00,0
2011-05-13 19:00:00,WIND,600702,1,HCM,1,18974,1011,280,14,290,22,1750,6,6,6,6,6,NA,NA,NA,NA,2011-05-13 18:52:00,0
2011-05-13 20:00:00,WIND,600702,1,HCM,1,18974,1011,270,13,260,19,1902,6,6,6,6,6,NA,NA,NA,NA,2011-05-13 21:50:00,0
2011-05-13 21:00:00,WIND,600702,1,HCM,1,18974,1011,280,13,280,22,2038,6,6,6,6,6,NA,NA,NA,NA,2011-05-13 21:52:00,0
2011-05-13 22:00:00,WIND,600702,1,HCM,1,18974,1011,310,16,310,25,2142,6,6,6,6,6,NA,NA,NA,NA,2011-05-13 21:55:00,0
2011-05-13 23:00:00,WIND,600702,1,HCM,1,18974,1011,320,15,310,23,2158,6,6,6,6,6,NA,NA,NA,NA,2011-05-13 22:52:00,0
2011-05-14 00:00:00,WIND,600702,1,HCM,1,18974,1011,320,17,320,27,2340,6,6,6,6,6,NA,NA,NA,NA,2011-05-13 23:53:00,0
2011-05-14 01:00:00,WIND,600702,1,HCM,1,18974,1011,320,16,330,25,8,6,6,6,6,6,NA,NA,NA,NA,2011-05-14 00:52:00,0
2011-05-14 02:00:00,WIND,600702,1,HCM,1,18974,1011,320,17,320,25,149,6,6,6,6,6,NA,NA,NA,NA,2011-05-14 01:55:00,0
2011-05-14 03:00:00,WIND,600702,1,HCM,1,18974,1011,320,18,310,29,207,6,6,6,6,6,NA,NA,NA,NA,2011-05-14 04:46:00,0
2011-05-14 04:00:00,WIND,600702,1,HCM,1,18974,1011,320,20,310,30,341,6,6,6,6,6,NA,NA,NA,NA,2011-05-14 04:58:00,0
2011-05-14 05:00:00,WIND,600702,1,HCM,1,18974,1011,320,19,320,33,436,6,6,6,6,6,NA,NA,NA,NA,2011-05-14 04:58:00,0
2011-05-14 06:00:00,WIND,600702,1,HCM,1,18974,1011,320,19,320,27,519,6,6,6,6,6,NA,NA,NA,NA,2011-05-14 07:44:00,0
2011-05-14 07:00:00,WIND,600702,1,HCM,1,18974,1011,320,18,310,25,642,6,6,6,6,6,NA,NA,NA,NA,2011-05-14 07:45:00,0
2011-05-14 08:00:00,WIND,600702,1,HCM,1,18974,1011,300,18,300,25,740,6,6,6,6,6,NA,NA,NA,NA,2011-05-14 07:52:00,0
2011-05-14 09:00:00,WIND,600702,1,HCM,1,18974,1011,310,19,310,26,812,6,6,6,6,6,NA,NA,NA,NA,2011-05-14 10:14:00,0
2011-05-14 10:00:00,WIND,600702,1,HCM,1,18974,1011,300,18,310,23,931,6,6,6,6,6,NA,NA,NA,NA,2011-05-14 10:14:00,0
2011-05-14 11:00:00,WIND,600702,1,HCM,1,18974,1011,310,17,310,21,1038,6,6,6,6,6,NA,NA,NA,NA,2011-05-14 10:52:00,0
2011-05-14 12:00:00,WIND,600702,1,HCM,1,18974,1011,310,18,300,25,1141,6,6,6,6,6,NA,NA,NA,NA,2011-05-14 11:52:00,0
2011-05-14 13:00:00,WIND,600702,1,HCM,1,18974,1011,310,18,310,27,1205,6,6,6,6,6,NA,NA,NA,NA,2011-05-14 12:51:00,0
2011-05-14 14:00:00,WIND,600702,1,HCM,1,18974,1011,310,18,310,28,1254,6,6,6,6,6,NA,NA,NA,NA,2011-05-14 13:52:00,0
2011-05-14 15:00:00,WIND,600702,1,HCM,1,18974,1011,320,20,310,28,1444,6,6,6,6,6,NA,NA,NA,NA,2011-05-14 14:52:00,0
2011-05-14 16:00:00,WIND,600702,1,HCM,1,18974,1011,320,21,320,28,1507,6,6,6,6,6,NA,NA,NA,NA,2011-05-14 15:52:00,0
2011-05-14 17:00:00,WIND,600702,1,HCM,1,18974,1011,320,20,310,28,1647,6,6,6,6,6,NA,NA,NA,NA,2011-05-14 16:52:00,0
2011-05-14 18:00:00,WIND,600702,1,HCM,1,18974,1011,310,19,310,26,1656,6,6,6,6,6,NA,NA,NA,NA,2011-05-14 17:52:00,0
2011-05-14 19:00:00,WIND,600702,1,HCM,1,18974,1011,310,18,320,27,1839,6,6,6,6,6,NA,NA,NA,NA,2011-05-14 18:51:00,0
2011-05-14 20:00:00,WIND,600702,1,HCM,1,18974,1011,310,16,300,24,1944,6,6,6,6,6,NA,NA,NA,NA,2011-05-14 19:52:00,0
2011-05-14 21:00:00,WIND,600702,1,HCM,1,18974,1011,300,16,300,24,1955,6,6,6,6,6,NA,NA,NA,NA,2011-05-14 20:54:00,0
2011-05-14 22:00:00,WIND,600702,1,HCM,1,18974,1011,300,16,310,24,2122,6,6,6,6,6,NA,NA,NA,NA,2011-05-14 21:52:00,0
2011-05-14 23:00:00,WIND,600702,1,HCM,1,18974,1011,300,14,300,21,2248,6,6,6,6,6,NA,NA,NA,NA,2011-05-14 22:52:00,0
2011-05-15 00:00:00,WIND,600702,1,HCM,1,18974,1011,300,17,290,24,2321,6,6,6,6,6,NA,NA,NA,NA,2011-05-14 23:52:00,0
2011-05-15 01:00:00,WIND,600702,1,HCM,1,18974,1011,290,19,290,27,19,6,6,6,6,6,NA,NA,NA,NA,2011-05-15 00:52:00,0
2011-05-15 02:00:00,WIND,600702,1,HCM,1,18974,1011,290,17,290,24,52,6,6,6,6,6,NA,NA,NA,NA,2011-05-15 01:52:00,0
2011-05-15 03:00:00,WIND,600702,1,HCM,1,18974,1011,290,13,290,20,204,6,6,6,6,6,NA,NA,NA,NA,2011-05-15 02:52:00,0
2011-05-15 04:00:00,WIND,600702,1,HCM,1,18974,1011,280,11,280,18,258,6,6,6,6,6,NA,NA,NA,NA,2011-05-15 03:52:00,0
2011-05-15 05:00:00,WIND,600702,1,HCM,1,18974,1011,260,9,260,14,354,6,6,6,6,6,NA,NA,NA,NA,2011-05-15 04:52:00,0
2011-05-15 06:00:00,WIND,600702,1,HCM,1,18974,1011,240,10,250,19,548,6,6,6,6,6,NA,NA,NA,NA,2011-05-15 05:52:00,0
2011-05-15 07:00:00,WIND,600702,1,HCM,1,18974,1011,240,12,250,19,558,6,6,6,6,6,NA,NA,NA,NA,2011-05-15 06:52:00,0
2011-05-15 08:00:00,WIND,600702,1,HCM,1,18974,1011,220,12,230,17,749,6,6,6,6,6,NA,NA,NA,NA,2011-05-15 07:52:00,0
2011-05-15 09:00:00,WIND,600702,1,HCM,1,18974,1011,250,15,250,21,849,6,6,6,6,6,NA,NA,NA,NA,2011-05-15 08:54:00,0
2011-05-15 10:00:00,WIND,600702,1,HCM,1,18974,1011,270,16,270,23,919,6,6,6,6,6,NA,NA,NA,NA,2011-05-15 09:52:00,0
2011-05-15 11:00:00,WIND,600702,1,HCM,1,18974,1011,270,16,270,23,1041,6,6,6,6,6,NA,NA,NA,NA,2011-05-15 10:52:00,0
2011-05-15 12:00:00,WIND,600702,1,HCM,1,18974,1011,270,18,270,24,1126,6,6,6,6,6,NA,NA,NA,NA,2011-05-15 11:52:00,0
2011-05-15 13:00:00,WIND,600702,1,HCM,1,18974,1011,270,17,280,24,1229,6,6,6,6,6,NA,NA,NA,NA,2011-05-15 12:51:00,0
2011-05-15 14:00:00,WIND,600702,1,HCM,1,18974,1011,270,18,280,25,1343,6,6,6,6,6,NA,NA,NA,NA,2011-05-15 13:52:00,0
2011-05-15 15:00:00,WIND,600702,1,HCM,1,18974,1011,270,17,280,24,1357,6,6,6,6,6,NA,NA,NA,NA,2011-05-15 14:52:00,0
2011-05-15 16:00:00,WIND,600702,1,HCM,1,18974,1011,270,15,260,22,1451,6,6,6,6,6,NA,NA,NA,NA,2011-05-15 15:52:00,0
2011-05-15 17:00:00,WIND,600702,1,HCM,1,18974,1011,260,14,260,21,1610,6,6,6,6,6,NA,NA,NA,NA,2011-05-15 16:52:00,0
2011-05-15 18:00:00,WIND,600702,1,HCM,1,18974,1011,260,15,260,21,1735,6,6,6,6,6,NA,NA,NA,NA,2011-05-15 17:52:00,0
2011-05-15 19:00:00,WIND,600702,1,HCM,1,18974,1011,270,17,270,23,1813,6,6,6,6,6,NA,NA,NA,NA,2011-05-15 18:52:00,0
2011-05-15 20:00:00,WIND,600702,1,HCM,1,18974,1011,270,16,260,22,1915,6,6,6,6,6,NA,NA,NA,NA,2011-05-15 19:52:00,0
2011-05-15 21:00:00,WIND,600702,1,HCM,1,18974,1011,270,19,260,27,2047,6,6,6,6,6,NA,NA,NA,NA,2011-05-15 20:54:00,0
2011-05-15 22:00:00,WIND,600702,1,HCM,1,18974,1011,270,18,270,24,2138,6,6,6,6,6,NA,NA,NA,NA,2011-05-15 21:52:00,0
2011-05-15 23:00:00,WIND,600702,1,HCM,1,18974,1011,260,18,250,26,2247,6,6,6,6,6,NA,NA,NA,NA,2011-05-15 22:52:00,0
2011-05-16 00:00:00,WIND,600702,1,HCM,1,18974,1011,250,18,260,26,2344,6,6,6,6,6,NA,NA,NA,NA,2011-05-15 23:52:00,0
2011-05-16 01:00:00,WIND,600702,1,HCM,1,18974,1011,260,21,250,29,12,6,6,6,6,6,NA,NA,NA,NA,2011-05-16 00:52:00,0
2011-05-16 02:00:00,WIND,600702,1,HCM,1,18974,1011,260,21,260,30,128,6,6,6,6,6,NA,NA,NA,NA,2011-05-16 01:52:00,0
2011-05-16 03:00:00,WIND,600702,1,HCM,1,18974,1011,260,22,260,29,200,6,6,6,6,6,NA,NA,NA,NA,2011-05-16 02:52:00,0
2011-05-16 04:00:00,WIND,600702,1,HCM,1,18974,1011,270,21,260,29,301,6,6,6,6,6,NA,NA,NA,NA,2011-05-16 03:52:00,0
2011-05-16 05:00:00,WIND,600702,1,HCM,1,18974,1011,270,20,270,29,409,6,6,6,6,6,NA,NA,NA,NA,2011-05-16 04:52:00,0
2011-05-16 06:00:00,WIND,600702,1,HCM,1,18974,1011,270,19,270,28,458,6,6,6,6,6,NA,NA,NA,NA,2011-05-16 05:52:00,0
2011-05-16 07:00:00,WIND,600702,1,HCM,1,18974,1011,260,18,260,26,557,6,6,6,6,6,NA,NA,NA,NA,2011-05-16 06:51:00,0
2011-05-16 08:00:00,WIND,600702,1,HCM,1,18974,1011,260,19,270,27,742,6,6,6,6,6,NA,NA,NA,NA,2011-05-16 07:52:00,0
2011-05-16 09:00:00,WIND,600702,1,HCM,1,18974,1011,260,19,260,28,817,6,6,6,6,6,NA,NA,NA,NA,2011-05-16 08:55:00,0
2011-05-16 10:00:00,WIND,600702,1,HCM,1,18974,1011,260,19,260,29,924,6,6,6,6,6,NA,NA,NA,NA,2011-05-16 09:52:00,0
2011-05-16 11:00:00,WIND,600702,1,HCM,1,18974,1011,260,18,270,27,1049,6,6,6,6,6,NA,NA,NA,NA,2011-05-16 10:52:00,0
2011-05-16 12:00:00,WIND,600702,1,HCM,1,18974,1011,260,17,260,24,1149,6,6,6,6,6,NA,NA,NA,NA,2011-05-16 11:52:00,0
2011-05-16 13:00:00,WIND,600702,1,HCM,1,18974,1011,260,17,260,27,1240,6,6,6,6,6,NA,NA,NA,NA,2011-05-16 12:52:00,0
2011-05-16 14:00:00,WIND,600702,1,HCM,1,18974,1011,270,19,260,25,1301,6,6,6,6,6,NA,NA,NA,NA,2011-05-16 13:52:00,0
2011-05-16 15:00:00,WIND,600702,1,HCM,1,18974,1011,270,17,270,26,1359,6,6,6,6,6,NA,NA,NA,NA,2011-05-16 14:52:00,0
2011-05-16 16:00:00,WIND,600702,1,HCM,1,18974,1011,290,15,270,22,1453,6,6,6,6,6,NA,NA,NA,NA,2011-05-16 15:51:00,0
2011-05-16 17:00:00,WIND,600702,1,HCM,1,18974,1011,290,13,290,18,1555,6,6,6,6,6,NA,NA,NA,NA,2011-05-16 16:52:00,0
2011-05-16 18:00:00,WIND,600702,1,HCM,1,18974,1011,300,12,300,17,1713,6,6,6,6,6,NA,NA,NA,NA,2011-05-16 17:52:00,0
2011-05-16 19:00:00,WIND,600702,1,HCM,1,18974,1011,310,10,330,14,1809,6,6,6,6,6,NA,NA,NA,NA,2011-05-16 18:52:00,0
2011-05-16 20:00:00,WIND,600702,1,HCM,1,18974,1011,300,8,310,12,1905,6,6,6,6,6,NA,NA,NA,NA,2011-05-16 19:52:00,0
2011-05-16 21:00:00,WIND,600702,1,HCM,1,18974,1011,320,7,300,17,2014,6,6,6,6,6,NA,NA,NA,NA,2011-05-16 20:53:00,0
2011-05-16 22:00:00,WIND,600702,1,HCM,1,18974,1011,320,7,320,11,2120,6,6,6,6,6,NA,NA,NA,NA,2011-05-16 21:52:00,0
2011-05-16 23:00:00,WIND,600702,1,HCM,1,18974,1011,330,8,330,12,2225,6,6,6,6,6,NA,NA,NA,NA,2011-05-16 22:52:00,0
2011-05-17 00:00:00,WIND,600702,1,HCM,1,18974,1011,340,9,340,12,2315,6,6,6,6,6,NA,NA,NA,NA,2011-05-16 23:53:00,0
2011-05-17 01:00:00,WIND,600702,1,HCM,1,18974,1011,340,5,360,9,2351,6,6,6,6,6,NA,NA,NA,NA,2011-05-17 00:52:00,0
2011-05-17 02:00:00,WIND,600702,1,HCM,1,18974,1011,280,4,290,7,139,6,6,6,6,6,NA,NA,NA,NA,2011-05-17 01:52:00,0
2011-05-17 03:00:00,WIND,600702,1,HCM,1,18974,1011,300,6,290,9,227,6,6,6,6,6,NA,NA,NA,NA,2011-05-17 02:51:00,0
2011-05-17 04:00:00,WIND,600702,1,HCM,1,18974,1011,290,5,300,8,250,6,6,6,6,6,NA,NA,NA,NA,2011-05-17 03:52:00,0
2011-05-17 05:00:00,WIND,600702,1,HCM,1,18974,1011,260,3,250,5,426,6,6,6,6,6,NA,NA,NA,NA,2011-05-17 04:52:00,0
2011-05-17 06:00:00,WIND,600702,1,HCM,1,18974,1011,240,4,270,17,548,6,6,6,6,6,NA,NA,NA,NA,2011-05-17 05:52:00,0
2011-05-17 07:00:00,WIND,600702,1,HCM,1,18974,1011,250,5,280,13,602,6,6,6,6,6,NA,NA,NA,NA,2011-05-17 06:52:00,0
2011-05-17 08:00:00,WIND,600702,1,HCM,1,18974,1011,230,5,260,8,723,6,6,6,6,6,NA,NA,NA,NA,2011-05-17 07:52:00,0
2011-05-17 09:00:00,WIND,600702,1,HCM,1,18974,1011,210,7,180,11,847,6,6,6,6,6,NA,NA,NA,NA,2011-05-17 08:53:00,0
2011-05-17 10:00:00,WIND,600702,1,HCM,1,18974,1011,200,9,200,14,914,6,6,6,6,6,NA,NA,NA,NA,2011-05-17 09:52:00,0
2011-05-17 11:00:00,WIND,600702,1,HCM,1,18974,1011,190,10,180,16,1026,6,6,6,6,6,NA,NA,NA,NA,2011-05-17 10:52:00,0
2011-05-17 12:00:00,WIND,600702,1,HCM,1,18974,1011,180,13,180,19,1147,6,6,6,6,6,NA,NA,NA,NA,2011-05-17 11:51:00,0
2011-05-17 13:00:00,WIND,600702,1,HCM,1,18974,1011,180,14,190,20,1243,6,6,6,6,6,NA,NA,NA,NA,2011-05-17 12:52:00,0
2011-05-17 14:00:00,WIND,600702,1,HCM,1,18974,1011,200,15,220,23,1341,6,6,6,6,6,NA,NA,NA,NA,2011-05-17 13:51:00,0
2011-05-17 15:00:00,WIND,600702,1,HCM,1,18974,1011,210,17,210,24,1447,6,6,6,6,6,NA,NA,NA,NA,2011-05-17 14:52:00,0
2011-05-17 16:00:00,WIND,600702,1,HCM,1,18974,1011,220,18,220,26,1504,6,6,6,6,6,NA,NA,NA,NA,2011-05-17 15:51:00,0
2011-05-17 17:00:00,WIND,600702,1,HCM,1,18974,1011,220,19,230,27,1639,6,6,6,6,6,NA,NA,NA,NA,2011-05-17 16:52:00,0
2011-05-17 18:00:00,WIND,600702,1,HCM,1,18974,1011,230,19,230,26,1737,6,6,6,6,6,NA,NA,NA,NA,2011-05-17 17:52:00,0
2011-05-17 19:00:00,WIND,600702,1,HCM,1,18974,1011,230,19,240,26,1815,6,6,6,6,6,NA,NA,NA,NA,2011-05-17 18:52:00,0
2011-05-17 20:00:00,WIND,600702,1,HCM,1,18974,1011,240,17,250,25,1928,6,6,6,6,6,NA,NA,NA,NA,2011-05-17 19:51:00,0
2011-05-17 21:00:00,WIND,600702,1,HCM,1,18974,1011,250,15,250,23,2004,6,6,6,6,6,NA,NA,NA,NA,2011-05-17 20:55:00,0
2011-05-17 22:00:00,WIND,600702,1,HCM,1,18974,1011,250,14,240,21,2124,6,6,6,6,6,NA,NA,NA,NA,2011-05-17 21:52:00,0
2011-05-17 23:00:00,WIND,600702,1,HCM,1,18974,1011,240,14,250,22,2150,6,6,6,6,6,NA,NA,NA,NA,2011-05-17 22:52:00,0
2011-05-18 00:00:00,WIND,600702,1,HCM,1,18974,1011,240,15,230,21,2326,6,6,6,6,6,NA,NA,NA,NA,2011-05-17 23:53:00,0
2011-05-18 01:00:00,WIND,600702,1,HCM,1,18974,1011,240,16,240,24,25,6,6,6,6,6,NA,NA,NA,NA,2011-05-18 00:52:00,0
2011-05-18 02:00:00,WIND,600702,1,HCM,1,18974,1011,240,16,250,26,133,6,6,6,6,6,NA,NA,NA,NA,2011-05-18 01:52:00,0
2011-05-18 03:00:00,WIND,600702,1,HCM,1,18974,1011,240,18,250,35,245,6,6,6,6,6,NA,NA,NA,NA,2011-05-18 02:51:00,0
2011-05-18 04:00:00,WIND,600702,1,HCM,1,18974,1011,250,18,240,31,314,6,6,6,6,6,NA,NA,NA,NA,2011-05-18 03:52:00,0
2011-05-18 05:00:00,WIND,600702,1,HCM,1,18974,1011,240,19,240,29,429,6,6,6,6,6,NA,NA,NA,NA,2011-05-18 04:52:00,0
2011-05-18 06:00:00,WIND,600702,1,HCM,1,18974,1011,240,20,240,31,539,6,6,6,6,6,NA,NA,NA,NA,2011-05-18 05:52:00,0
2011-05-18 07:00:00,WIND,600702,1,HCM,1,18974,1011,240,21,240,34,643,6,6,6,6,6,NA,NA,NA,NA,2011-05-18 06:52:00,0
2011-05-18 08:00:00,WIND,600702,1,HCM,1,18974,1011,240,19,250,28,721,6,6,6,6,6,NA,NA,NA,NA,2011-05-18 07:51:00,0
2011-05-18 09:00:00,WIND,600702,1,HCM,1,18974,1011,250,22,250,31,812,6,6,6,6,6,NA,NA,NA,NA,2011-05-18 08:52:00,0
2011-05-18 10:00:00,WIND,600702,1,HCM,1,18974,1011,250,21,250,46,929,6,6,6,6,6,NA,NA,NA,NA,2011-05-18 09:52:00,0
2011-05-18 11:00:00,WIND,600702,1,HCM,1,18974,1011,250,22,260,33,1045,6,6,6,6,6,NA,NA,NA,NA,2011-05-18 10:52:00,0
2011-05-18 12:00:00,WIND,600702,1,HCM,1,18974,1011,250,27,270,40,1117,6,6,6,6,6,NA,NA,NA,NA,2011-05-18 11:52:00,0
2011-05-18 13:00:00,WIND,600702,1,HCM,1,18974,1011,250,25,250,38,1226,6,6,6,6,6,NA,NA,NA,NA,2011-05-18 12:52:00,0
2011-05-18 14:00:00,WIND,600702,1,HCM,1,18974,1011,250,28,260,41,1303,6,6,6,6,6,NA,NA,NA,NA,2011-05-18 13:52:00,0
2011-05-18 15:00:00,WIND,600702,1,HCM,1,18974,1011,260,27,260,42,1401,6,6,6,6,6,NA,NA,NA,NA,2011-05-18 14:52:00,0
2011-05-18 16:00:00,WIND,600702,1,HCM,1,18974,1011,260,26,260,39,1514,6,6,6,6,6,NA,NA,NA,NA,2011-05-18 15:52:00,0
2011-05-18 17:00:00,WIND,600702,1,HCM,1,18974,1011,260,27,260,38,1621,6,6,6,6,6,NA,NA,NA,NA,2011-05-18 16:52:00,0
2011-05-18 18:00:00,WIND,600702,1,HCM,1,18974,1011,270,23,270,35,1729,6,6,6,6,6,NA,NA,NA,NA,2011-05-18 17:51:00,0
2011-05-18 19:00:00,WIND,600702,1,HCM,1,18974,1011,270,21,270,32,1810,6,6,6,6,6,NA,NA,NA,NA,2011-05-18 18:52:00,0
2011-05-18 20:00:00,WIND,600702,1,HCM,1,18974,1011,280,18,280,29,1858,6,6,6,6,6,NA,NA,NA,NA,2011-05-18 19:52:00,0
2011-05-18 21:00:00,WIND,600702,1,HCM,1,18974,1011,280,17,280,31,2035,6,6,6,6,6,NA,NA,NA,NA,2011-05-18 20:53:00,0
2011-05-18 22:00:00,WIND,600702,1,HCM,1,18974,1011,280,16,280,24,2149,6,6,6,6,6,NA,NA,NA,NA,2011-05-18 21:52:00,0
2011-05-18 23:00:00,WIND,600702,1,HCM,1,18974,1011,280,16,270,30,2208,6,6,6,6,6,NA,NA,NA,NA,2011-05-18 22:52:00,0
2011-05-19 00:00:00,WIND,600702,1,HCM,1,18974,1011,270,15,270,25,2326,6,6,6,6,6,NA,NA,NA,NA,2011-05-18 23:53:00,0
2011-05-19 01:00:00,WIND,600702,1,HCM,1,18974,1011,270,15,260,29,46,6,6,6,6,6,NA,NA,NA,NA,2011-05-19 00:53:00,0
2011-05-19 02:00:00,WIND,600702,1,HCM,1,18974,1011,280,16,270,26,133,6,6,6,6,6,NA,NA,NA,NA,2011-05-19 01:52:00,0
2011-05-19 03:00:00,WIND,600702,1,HCM,1,18974,1011,280,17,280,26,202,6,6,6,6,6,NA,NA,NA,NA,2011-05-19 02:52:00,0
2011-05-19 04:00:00,WIND,600702,1,HCM,1,18974,1011,280,18,290,33,326,6,6,6,6,6,NA,NA,NA,NA,2011-05-19 03:52:00,0
2011-05-19 05:00:00,WIND,600702,1,HCM,1,18974,1011,280,16,280,24,408,6,6,6,6,6,NA,NA,NA,NA,2011-05-19 04:52:00,0
2011-05-19 06:00:00,WIND,600702,1,HCM,1,18974,1011,280,14,300,22,506,6,6,6,6,6,NA,NA,NA,NA,2011-05-19 05:52:00,0
2011-05-19 07:00:00,WIND,600702,1,HCM,1,18974,1011,270,14,280,28,613,6,6,6,6,6,NA,NA,NA,NA,2011-05-19 06:52:00,0
2011-05-19 08:00:00,WIND,600702,1,HCM,1,18974,1011,260,13,270,23,658,6,6,6,6,6,NA,NA,NA,NA,2011-05-19 07:52:00,0
2011-05-19 09:00:00,WIND,600702,1,HCM,1,18974,1011,260,16,260,27,817,6,6,6,6,6,NA,NA,NA,NA,2011-05-19 08:53:00,0
2011-05-19 10:00:00,WIND,600702,1,HCM,1,18974,1011,250,17,250,24,919,6,6,6,6,6,NA,NA,NA,NA,2011-05-19 09:51:00,0
2011-05-19 11:00:00,WIND,600702,1,HCM,1,18974,1011,230,17,240,28,957,6,6,6,6,6,NA,NA,NA,NA,2011-05-19 10:52:00,0
2011-05-19 12:00:00,WIND,600702,1,HCM,1,18974,1011,230,17,240,24,1149,6,6,6,6,6,NA,NA,NA,NA,2011-05-19 11:52:00,0
2011-05-19 13:00:00,WIND,600702,1,HCM,1,18974,1011,220,18,230,28,1206,6,6,6,6,6,NA,NA,NA,NA,2011-05-19 12:52:00,0
2011-05-19 14:00:00,WIND,600702,1,HCM,1,18974,1011,220,19,210,29,1318,6,6,6,6,6,NA,NA,NA,NA,2011-05-19 13:52:00,0
2011-05-19 15:00:00,WIND,600702,1,HCM,1,18974,1011,210,21,200,31,1414,6,6,6,6,6,NA,NA,NA,NA,2011-05-19 14:52:00,0
2011-05-19 16:00:00,WIND,600702,1,HCM,1,18974,1011,210,21,210,30,1455,6,6,6,6,6,NA,NA,NA,NA,2011-05-19 15:52:00,0
2011-05-19 17:00:00,WIND,600702,1,HCM,1,18974,1011,210,21,210,30,1649,6,6,6,6,6,NA,NA,NA,NA,2011-05-19 16:52:00,0
2011-05-19 18:00:00,WIND,600702,1,HCM,1,18974,1011,210,20,200,29,1707,6,6,6,6,6,NA,NA,NA,NA,2011-05-19 17:52:00,0
2011-05-19 19:00:00,WIND,600702,1,HCM,1,18974,1011,210,20,210,31,1759,6,6,6,6,6,NA,NA,NA,NA,2011-05-19 18:52:00,0
2011-05-19 20:00:00,WIND,600702,1,HCM,1,18974,1011,210,20,220,29,1918,6,6,6,6,6,NA,NA,NA,NA,2011-05-19 19:52:00,0
2011-05-19 21:00:00,WIND,600702,1,HCM,1,18974,1011,210,22,220,32,2012,6,6,6,6,6,NA,NA,NA,NA,2011-05-19 20:53:00,0
2011-05-19 22:00:00,WIND,600702,1,HCM,1,18974,1011,210,23,220,35,2117,6,6,6,6,6,NA,NA,NA,NA,2011-05-19 21:52:00,0
2011-05-19 23:00:00,WIND,600702,1,HCM,1,18974,1011,210,22,210,32,2232,6,6,6,6,6,NA,NA,NA,NA,2011-05-19 22:52:00,0
2011-05-20 00:00:00,WIND,600702,1,HCM,1,18974,1011,270,13,230,31,2258,6,6,6,6,6,NA,NA,NA,NA,2011-05-19 23:52:00,0
2011-05-20 01:00:00,WIND,600702,1,HCM,1,18974,1011,240,10,260,17,2350,6,6,6,6,6,NA,NA,NA,NA,2011-05-20 00:52:00,0
2011-05-20 02:00:00,WIND,600702,1,HCM,1,18974,1011,250,13,250,20,135,6,6,6,6,6,NA,NA,NA,NA,2011-05-20 01:52:00,0
2011-05-20 03:00:00,WIND,600702,1,HCM,1,18974,1011,240,14,250,22,220,6,6,6,6,6,NA,NA,NA,NA,2011-05-20 02:52:00,0
2011-05-20 04:00:00,WIND,600702,1,HCM,1,18974,1011,230,14,230,22,251,6,6,6,6,6,NA,NA,NA,NA,2011-05-20 03:52:00,0
2011-05-20 05:00:00,WIND,600702,1,HCM,1,18974,1011,240,16,280,32,444,6,6,6,6,6,NA,NA,NA,NA,2011-05-20 04:52:00,0
2011-05-20 06:00:00,WIND,600702,1,HCM,1,18974,1011,230,11,270,23,451,6,6,6,6,6,NA,NA,NA,NA,2011-05-20 05:52:00,0
2011-05-20 07:00:00,WIND,600702,1,HCM,1,18974,1011,230,12,240,18,646,6,6,6,6,6,NA,NA,NA,NA,2011-05-20 06:52:00,0
2011-05-20 08:00:00,WIND,600702,1,HCM,1,18974,1011,250,15,250,25,747,6,6,6,6,6,NA,NA,NA,NA,2011-05-20 07:52:00,0
2011-05-20 09:00:00,WIND,600702,1,HCM,1,18974,1011,250,20,260,34,845,6,6,6,6,6,NA,NA,NA,NA,2011-05-20 08:53:00,0
2011-05-20 10:00:00,WIND,600702,1,HCM,1,18974,1011,250,19,230,30,934,6,6,6,6,6,NA,NA,NA,NA,2011-05-20 09:52:00,0
2011-05-20 11:00:00,WIND,600702,1,HCM,1,18974,1011,240,22,230,33,1012,6,6,6,6,6,NA,NA,NA,NA,2011-05-20 10:52:00,0
2011-05-20 12:00:00,WIND,600702,1,HCM,1,18974,1011,240,21,240,31,1130,6,6,6,6,6,NA,NA,NA,NA,2011-05-20 11:51:00,0
2011-05-20 13:00:00,WIND,600702,1,HCM,1,18974,1011,250,23,250,32,1205,6,6,6,6,6,NA,NA,NA,NA,2011-05-20 12:52:00,0
2011-05-20 14:00:00,WIND,600702,1,HCM,1,18974,1011,240,22,240,31,1259,6,6,6,6,6,NA,NA,NA,NA,2011-05-20 13:52:00,0
2011-05-20 15:00:00,WIND,600702,1,HCM,1,18974,1011,240,23,250,32,1437,6,6,6,6,6,NA,NA,NA,NA,2011-05-20 14:52:00,0
2011-05-20 16:00:00,WIND,600702,1,HCM,1,18974,1011,230,23,230,35,1528,6,6,6,6,6,NA,NA,NA,NA,2011-05-20 15:52:00,0
2011-05-20 17:00:00,WIND,600702,1,HCM,1,18974,1011,240,22,250,31,1619,6,6,6,6,6,NA,NA,NA,NA,2011-05-20 16:52:00,0
2011-05-20 18:00:00,WIND,600702,1,HCM,1,18974,1011,240,23,240,36,1729,6,6,6,6,6,NA,NA,NA,NA,2011-05-20 17:52:00,0
2011-05-20 19:00:00,WIND,600702,1,HCM,1,18974,1011,230,23,230,36,1849,6,6,6,6,6,NA,NA,NA,NA,2011-05-20 18:52:00,0
2011-05-20 20:00:00,WIND,600702,1,HCM,1,18974,1011,240,22,260,37,1927,6,6,6,6,6,NA,NA,NA,NA,2011-05-20 19:52:00,0
2011-05-20 21:00:00,WIND,600702,1,HCM,1,18974,1011,240,21,250,33,1952,6,6,6,6,6,NA,NA,NA,NA,2011-05-20 20:53:00,0
2011-05-20 22:00:00,WIND,600702,1,HCM,1,18974,1011,240,20,240,32,2050,6,6,6,6,6,NA,NA,NA,NA,2011-05-20 23:35:00,0
2011-05-20 23:00:00,WIND,600702,1,HCM,1,18974,1011,230,21,240,31,2214,6,6,6,6,6,NA,NA,NA,NA,2011-05-20 23:36:00,0
2011-05-21 00:00:00,WIND,600702,1,HCM,1,18974,1011,220,21,220,31,2319,6,6,6,6,6,NA,NA,NA,NA,2011-05-20 23:53:00,0
2011-05-21 01:00:00,WIND,600702,1,HCM,1,18974,1011,220,22,220,35,37,6,6,6,6,6,NA,NA,NA,NA,2011-05-21 00:52:00,0
2011-05-21 02:00:00,WIND,600702,1,HCM,1,18974,1011,220,24,220,36,143,6,6,6,6,6,NA,NA,NA,NA,2011-05-21 01:52:00,0
2011-05-21 03:00:00,WIND,600702,1,HCM,1,18974,1011,220,25,220,35,204,6,6,6,6,6,NA,NA,NA,NA,2011-05-21 02:52:00,0
2011-05-21 04:00:00,WIND,600702,1,HCM,1,18974,1011,210,23,210,34,255,6,6,6,6,6,NA,NA,NA,NA,2011-05-21 03:52:00,0
2011-05-21 05:00:00,WIND,600702,1,HCM,1,18974,1011,200,20,210,32,440,6,6,6,6,6,NA,NA,NA,NA,2011-05-21 04:52:00,0
2011-05-21 06:00:00,WIND,600702,1,HCM,1,18974,1011,190,25,190,34,519,6,6,6,6,6,NA,NA,NA,NA,2011-05-21 05:52:00,0
2011-05-21 07:00:00,WIND,600702,1,HCM,1,18974,1011,180,25,180,35,639,6,6,6,6,6,NA,NA,NA,NA,2011-05-21 06:52:00,0
2011-05-21 08:00:00,WIND,600702,1,HCM,1,18974,1011,180,26,180,38,736,6,6,6,6,6,NA,NA,NA,NA,2011-05-21 07:51:00,0
2011-05-21 09:00:00,WIND,600702,1,HCM,1,18974,1011,180,27,170,37,831,6,6,6,6,6,NA,NA,NA,NA,2011-05-21 08:53:00,0
2011-05-21 10:00:00,WIND,600702,1,HCM,1,18974,1011,170,28,170,37,903,6,6,6,6,6,NA,NA,NA,NA,2011-05-21 09:52:00,0
2011-05-21 11:00:00,WIND,600702,1,HCM,1,18974,1011,180,29,180,38,1038,6,6,6,6,6,NA,NA,NA,NA,2011-05-21 10:52:00,0
2011-05-21 12:00:00,WIND,600702,1,HCM,1,18974,1011,180,28,180,38,1057,6,6,6,6,6,NA,NA,NA,NA,2011-05-21 11:51:00,0
2011-05-21 13:00:00,WIND,600702,1,HCM,1,18974,1011,180,25,180,36,1155,6,6,6,6,6,NA,NA,NA,NA,2011-05-21 12:51:00,0
2011-05-21 14:00:00,WIND,600702,1,HCM,1,18974,1011,190,23,190,31,1338,6,6,6,6,6,NA,NA,NA,NA,2011-05-21 13:52:00,0
2011-05-21 15:00:00,WIND,600702,1,HCM,1,18974,1011,180,22,180,30,1449,6,6,6,6,6,NA,NA,NA,NA,2011-05-21 14:52:00,0
2011-05-21 16:00:00,WIND,600702,1,HCM,1,18974,1011,180,21,180,29,1459,6,6,6,6,6,NA,NA,NA,NA,2011-05-21 15:52:00,0
2011-05-21 17:00:00,WIND,600702,1,HCM,1,18974,1011,170,20,170,26,1643,6,6,6,6,6,NA,NA,NA,NA,2011-05-21 16:52:00,0
2011-05-21 18:00:00,WIND,600702,1,HCM,1,18974,1011,170,19,170,27,1651,6,6,6,6,6,NA,NA,NA,NA,2011-05-21 17:52:00,0
2011-05-21 19:00:00,WIND,600702,1,HCM,1,18974,1011,210,15,190,23,1752,6,6,6,6,6,NA,NA,NA,NA,2011-05-21 18:52:00,0
2011-05-21 20:00:00,WIND,600702,1,HCM,1,18974,1011,220,13,220,20,1902,6,6,6,6,6,NA,NA,NA,NA,2011-05-21 19:52:00,0
2011-05-21 21:00:00,WIND,600702,1,HCM,1,18974,1011,230,12,230,19,2044,6,6,6,6,6,NA,NA,NA,NA,2011-05-21 20:53:00,0
2011-05-21 22:00:00,WIND,600702,1,HCM,1,18974,1011,230,12,230,25,2117,6,6,6,6,6,NA,NA,NA,NA,2011-05-21 21:52:00,0
2011-05-21 23:00:00,WIND,600702,1,HCM,1,18974,1011,230,12,210,24,2247,6,6,6,6,6,NA,NA,NA,NA,2011-05-21 22:52:00,0
2011-05-22 00:00:00,WIND,600702,1,HCM,1,18974,1011,220,9,230,21,2252,6,6,6,6,6,NA,NA,NA,NA,2011-05-21 23:52:00,0
2011-05-22 01:00:00,WIND,600702,1,HCM,1,18974,1011,220,10,210,19,49,6,6,6,6,6,NA,NA,NA,NA,2011-05-22 00:52:00,0
2011-05-22 02:00:00,WIND,600702,1,HCM,1,18974,1011,230,10,220,17,52,6,6,6,6,6,NA,NA,NA,NA,2011-05-22 01:52:00,0
2011-05-22 03:00:00,WIND,600702,1,HCM,1,18974,1011,200,10,180,27,243,6,6,6,6,6,NA,NA,NA,NA,2011-05-22 02:52:00,0
2011-05-22 04:00:00,WIND,600702,1,HCM,1,18974,1011,200,17,190,24,257,6,6,6,6,6,NA,NA,NA,NA,2011-05-22 03:52:00,0
2011-05-22 05:00:00,WIND,600702,1,HCM,1,18974,1011,210,13,190,20,355,6,6,6,6,6,NA,NA,NA,NA,2011-05-22 04:52:00,0
2011-05-22 06:00:00,WIND,600702,1,HCM,1,18974,1011,240,9,250,18,516,6,6,6,6,6,NA,NA,NA,NA,2011-05-22 05:52:00,0
2011-05-22 07:00:00,WIND,600702,1,HCM,1,18974,1011,230,9,250,14,639,6,6,6,6,6,NA,NA,NA,NA,2011-05-22 06:52:00,0
2011-05-22 08:00:00,WIND,600702,1,HCM,1,18974,1011,250,13,260,22,748,6,6,6,6,6,NA,NA,NA,NA,2011-05-22 07:52:00,0
2011-05-22 09:00:00,WIND,600702,1,HCM,1,18974,1011,270,19,280,34,834,6,6,6,6,6,NA,NA,NA,NA,2011-05-22 08:53:00,0
2011-05-22 10:00:00,WIND,600702,1,HCM,1,18974,1011,290,23,290,31,915,6,6,6,6,6,NA,NA,NA,NA,2011-05-22 09:52:00,0
2011-05-22 11:00:00,WIND,600702,1,HCM,1,18974,1011,280,23,270,33,1031,6,6,6,6,6,NA,NA,NA,NA,2011-05-22 10:52:00,0
2011-05-22 12:00:00,WIND,600702,1,HCM,1,18974,1011,280,25,300,35,1140,6,6,6,6,6,NA,NA,NA,NA,2011-05-22 11:52:00,0
2011-05-22 13:00:00,WIND,600702,1,HCM,1,18974,1011,290,25,300,34,1153,6,6,6,6,6,NA,NA,NA,NA,2011-05-22 12:52:00,0
2011-05-22 14:00:00,WIND,600702,1,HCM,1,18974,1011,280,24,280,38,1306,6,6,6,6,6,NA,NA,NA,NA,2011-05-22 13:52:00,0
2011-05-22 15:00:00,WIND,600702,1,HCM,1,18974,1011,280,25,290,36,1411,6,6,6,6,6,NA,NA,NA,NA,2011-05-22 14:52:00,0
2011-05-22 16:00:00,WIND,600702,1,HCM,1,18974,1011,280,25,280,35,1507,6,6,6,6,6,NA,NA,NA,NA,2011-05-22 15:52:00,0
2011-05-22 17:00:00,WIND,600702,1,HCM,1,18974,1011,270,23,280,34,1602,6,6,6,6,6,NA,NA,NA,NA,2011-05-22 16:52:00,0
2011-05-22 18:00:00,WIND,600702,1,HCM,1,18974,1011,270,19,260,28,1651,6,6,6,6,6,NA,NA,NA,NA,2011-05-22 17:52:00,0
2011-05-22 19:00:00,WIND,600702,1,HCM,1,18974,1011,260,17,260,24,1758,6,6,6,6,6,NA,NA,NA,NA,2011-05-22 18:52:00,0
2011-05-22 20:00:00,WIND,600702,1,HCM,1,18974,1011,250,15,250,22,1900,6,6,6,6,6,NA,NA,NA,NA,2011-05-22 19:52:00,0
2011-05-22 21:00:00,WIND,600702,1,HCM,1,18974,1011,240,15,250,26,2010,6,6,6,6,6,NA,NA,NA,NA,2011-05-22 20:55:00,0
2011-05-22 22:00:00,WIND,600702,1,HCM,1,18974,1011,240,15,230,28,2125,6,6,6,6,6,NA,NA,NA,NA,2011-05-22 21:52:00,0
2011-05-22 23:00:00,WIND,600702,1,HCM,1,18974,1011,230,12,220,22,2244,6,6,6,6,6,NA,NA,NA,NA,2011-05-22 22:51:00,0
2011-05-23 00:00:00,WIND,600702,1,HCM,1,18974,1011,210,16,230,24,2319,6,6,6,6,6,NA,NA,NA,NA,2011-05-22 23:52:00,0
2011-05-23 01:00:00,WIND,600702,1,HCM,1,18974,1011,200,18,200,25,21,6,6,6,6,6,NA,NA,NA,NA,2011-05-23 00:53:00,0
2011-05-23 02:00:00,WIND,600702,1,HCM,1,18974,1011,180,21,180,30,119,6,6,6,6,6,NA,NA,NA,NA,2011-05-23 01:52:00,0
2011-05-23 03:00:00,WIND,600702,1,HCM,1,18974,1011,170,26,160,36,249,6,6,6,6,6,NA,NA,NA,NA,2011-05-23 02:52:00,0
2011-05-23 04:00:00,WIND,600702,1,HCM,1,18974,1011,160,30,160,40,339,6,6,6,6,6,NA,NA,NA,NA,2011-05-23 03:52:00,0
2011-05-23 05:00:00,WIND,600702,1,HCM,1,18974,1011,170,32,170,43,400,6,6,6,6,6,NA,NA,NA,NA,2011-05-23 04:52:00,0
2011-05-23 06:00:00,WIND,600702,1,HCM,1,18974,1011,180,31,180,43,453,6,6,6,6,6,NA,NA,NA,NA,2011-05-23 05:52:00,0
2011-05-23 07:00:00,WIND,600702,1,HCM,1,18974,1011,190,31,220,49,632,6,6,6,6,6,NA,NA,NA,NA,2011-05-23 06:52:00,0
2011-05-23 08:00:00,WIND,600702,1,HCM,1,18974,1011,210,31,210,51,749,6,6,6,6,6,NA,NA,NA,NA,2011-05-23 07:52:00,0
2011-05-23 09:00:00,WIND,600702,1,HCM,1,18974,1011,200,35,200,53,849,6,6,6,6,6,NA,NA,NA,NA,2011-05-23 08:53:00,0
2011-05-23 10:00:00,WIND,600702,1,HCM,1,18974,1011,200,39,190,55,934,6,6,6,6,6,NA,NA,NA,NA,2011-05-23 09:52:00,0
2011-05-23 11:00:00,WIND,600702,1,HCM,1,18974,1011,210,42,200,61,952,6,6,6,6,6,NA,NA,NA,NA,2011-05-23 10:52:00,0
2011-05-23 12:00:00,WIND,600702,1,HCM,1,18974,1011,220,39,210,58,1057,6,6,6,6,6,NA,NA,NA,NA,2011-05-23 11:52:00,0
2011-05-23 13:00:00,WIND,600702,1,HCM,1,18974,1011,230,38,240,59,1236,6,6,6,6,6,NA,NA,NA,NA,2011-05-23 12:52:00,0
2011-05-23 14:00:00,WIND,600702,1,HCM,1,18974,1011,240,38,230,54,1255,6,6,6,6,6,NA,NA,NA,NA,2011-05-23 14:01:00,0
2011-05-23 15:00:00,WIND,600702,1,HCM,1,18974,1011,250,39,240,58,1403,6,6,6,6,6,NA,NA,NA,NA,2011-05-23 14:52:00,0
2011-05-23 16:00:00,WIND,600702,1,HCM,1,18974,1011,260,39,260,55,1506,6,6,6,6,6,NA,NA,NA,NA,2011-05-23 15:54:00,0
2011-05-23 17:00:00,WIND,600702,1,HCM,1,18974,1011,270,40,270,55,1606,6,6,6,6,6,NA,NA,NA,NA,2011-05-23 16:52:00,0
2011-05-23 18:00:00,WIND,600702,1,HCM,1,18974,1011,290,36,290,50,1656,6,6,6,6,6,NA,NA,NA,NA,2011-05-23 17:52:00,0
2011-05-23 19:00:00,WIND,600702,1,HCM,1,18974,1011,290,31,290,46,1817,6,6,6,6,6,NA,NA,NA,NA,2011-05-23 18:52:00,0
2011-05-23 20:00:00,WIND,600702,1,HCM,1,18974,1011,290,31,290,44,1915,6,6,6,6,6,NA,NA,NA,NA,2011-05-23 19:51:00,0
2011-05-23 21:00:00,WIND,600702,1,HCM,1,18974,1011,290,26,290,39,2008,6,6,6,6,6,NA,NA,NA,NA,2011-05-23 20:54:00,0
2011-05-23 22:00:00,WIND,600702,1,HCM,1,18974,1011,290,24,290,33,2148,6,6,6,6,6,NA,NA,NA,NA,2011-05-23 21:52:00,0
2011-05-23 23:00:00,WIND,600702,1,HCM,1,18974,1011,290,21,310,31,2214,6,6,6,6,6,NA,NA,NA,NA,2011-05-23 22:52:00,0
2011-05-24 00:00:00,WIND,600702,1,HCM,1,18974,1011,280,22,290,34,2348,6,6,6,6,6,NA,NA,NA,NA,2011-05-23 23:53:00,0
2011-05-24 01:00:00,WIND,600702,1,HCM,1,18974,1011,280,20,280,32,2350,6,6,6,6,6,NA,NA,NA,NA,2011-05-24 00:52:00,0
2011-05-24 02:00:00,WIND,600702,1,HCM,1,18974,1011,280,21,280,30,135,6,6,6,6,6,NA,NA,NA,NA,2011-05-24 01:52:00,0
2011-05-24 03:00:00,WIND,600702,1,HCM,1,18974,1011,280,20,280,33,221,6,6,6,6,6,NA,NA,NA,NA,2011-05-24 02:52:00,0
2011-05-24 04:00:00,WIND,600702,1,HCM,1,18974,1011,270,22,280,30,310,6,6,6,6,6,NA,NA,NA,NA,2011-05-24 04:02:00,0
2011-05-24 05:00:00,WIND,600702,1,HCM,1,18974,1011,280,23,270,40,402,6,6,6,6,6,NA,NA,NA,NA,2011-05-24 05:00:00,0
2011-05-24 06:00:00,WIND,600702,1,HCM,1,18974,1011,290,23,290,42,458,6,6,6,6,6,NA,NA,NA,NA,2011-05-24 05:53:00,0
2011-05-24 07:00:00,WIND,600702,1,HCM,1,18974,1011,280,25,290,37,613,6,6,6,6,6,NA,NA,NA,NA,2011-05-24 06:52:00,0
2011-05-24 08:00:00,WIND,600702,1,HCM,1,18974,1011,290,24,280,36,716,6,6,6,6,6,NA,NA,NA,NA,2011-05-24 08:05:00,0
2011-05-24 09:00:00,WIND,600702,1,HCM,1,18974,1011,280,27,280,41,840,6,6,6,6,6,NA,NA,NA,NA,2011-05-24 08:55:00,0
2011-05-24 10:00:00,WIND,600702,1,HCM,1,18974,1011,280,27,270,37,948,6,6,6,6,6,NA,NA,NA,NA,2011-05-24 09:52:00,0
2011-05-24 11:00:00,WIND,600702,1,HCM,1,18974,1011,280,27,290,40,953,6,6,6,6,6,NA,NA,NA,NA,2011-05-24 10:52:00,0
2011-05-24 12:00:00,WIND,600702,1,HCM,1,18974,1011,280,26,280,44,1122,6,6,6,6,6,NA,NA,NA,NA,2011-05-24 11:52:00,0
2011-05-24 13:00:00,WIND,600702,1,HCM,1,18974,1011,270,28,270,39,1212,6,6,6,6,6,NA,NA,NA,NA,2011-05-24 12:52:00,0
2011-05-24 14:00:00,WIND,600702,1,HCM,1,18974,1011,280,26,280,42,1255,6,6,6,6,6,NA,NA,NA,NA,2011-05-24 13:52:00,0
2011-05-24 15:00:00,WIND,600702,1,HCM,1,18974,1011,280,25,290,40,1441,6,6,6,6,6,NA,NA,NA,NA,2011-05-24 14:52:00,0
2011-05-24 16:00:00,WIND,600702,1,HCM,1,18974,1011,280,24,290,36,1518,6,6,6,6,6,NA,NA,NA,NA,2011-05-24 20:07:00,0
2011-05-24 17:00:00,WIND,600702,1,HCM,1,18974,1011,280,22,280,32,1611,6,6,6,6,6,NA,NA,NA,NA,2011-05-24 20:09:00,0
2011-05-24 18:00:00,WIND,600702,1,HCM,1,18974,1011,280,22,290,31,1652,6,6,6,6,6,NA,NA,NA,NA,2011-05-24 20:09:00,0
2011-05-24 19:00:00,WIND,600702,1,HCM,1,18974,1011,280,19,270,29,1755,6,6,6,6,6,NA,NA,NA,NA,2011-05-24 20:09:00,0
2011-05-24 20:00:00,WIND,600702,1,HCM,1,18974,1011,280,17,280,26,1850,6,6,6,6,6,NA,NA,NA,NA,2011-05-24 20:10:00,0
2011-05-24 21:00:00,WIND,600702,1,HCM,1,18974,1011,270,15,270,23,2039,6,6,6,6,6,NA,NA,NA,NA,2011-05-24 20:54:00,0
2011-05-24 22:00:00,WIND,600702,1,HCM,1,18974,1011,270,12,270,20,2056,6,6,6,6,6,NA,NA,NA,NA,2011-05-24 21:52:00,0
2011-05-24 23:00:00,WIND,600702,1,HCM,1,18974,1011,270,10,260,17,2215,6,6,6,6,6,NA,NA,NA,NA,2011-05-24 22:52:00,0
2011-05-25 00:00:00,WIND,600702,1,HCM,1,18974,1011,260,8,260,11,2250,6,6,6,6,6,NA,NA,NA,NA,2011-05-24 23:52:00,0
2011-05-25 01:00:00,WIND,600702,1,HCM,1,18974,1011,250,8,250,11,28,6,6,6,6,6,NA,NA,NA,NA,2011-05-25 00:52:00,0
2011-05-25 02:00:00,WIND,600702,1,HCM,1,18974,1011,220,6,240,9,50,6,6,6,6,6,NA,NA,NA,NA,2011-05-25 01:51:00,0
2011-05-25 03:00:00,WIND,600702,1,HCM,1,18974,1011,210,7,210,12,237,6,6,6,6,6,NA,NA,NA,NA,2011-05-25 02:52:00,0
2011-05-25 04:00:00,WIND,600702,1,HCM,1,18974,1011,180,8,160,11,345,6,6,6,6,6,NA,NA,NA,NA,2011-05-25 03:52:00,0
2011-05-25 05:00:00,WIND,600702,1,HCM,1,18974,1011,150,14,150,20,426,6,6,6,6,6,NA,NA,NA,NA,2011-05-25 04:52:00,0
2011-05-25 06:00:00,WIND,600702,1,HCM,1,18974,1011,150,19,150,27,539,6,6,6,6,6,NA,NA,NA,NA,2011-05-25 05:52:00,0
2011-05-25 07:00:00,WIND,600702,1,HCM,1,18974,1011,150,23,140,32,642,6,6,6,6,6,NA,NA,NA,NA,2011-05-25 06:52:00,0
2011-05-25 08:00:00,WIND,600702,1,HCM,1,18974,1011,150,25,150,33,727,6,6,6,6,6,NA,NA,NA,NA,2011-05-25 07:52:00,0
2011-05-25 09:00:00,WIND,600702,1,HCM,1,18974,1011,150,25,160,33,839,6,6,6,6,6,NA,NA,NA,NA,2011-05-25 08:54:00,0
2011-05-25 10:00:00,WIND,600702,1,HCM,1,18974,1011,160,23,160,31,859,6,6,6,6,6,NA,NA,NA,NA,2011-05-25 09:52:00,0
2011-05-25 11:00:00,WIND,600702,1,HCM,1,18974,1011,160,21,160,29,1036,6,6,6,6,6,NA,NA,NA,NA,2011-05-25 10:52:00,0
2011-05-25 12:00:00,WIND,600702,1,HCM,1,18974,1011,150,23,150,30,1130,6,6,6,6,6,NA,NA,NA,NA,2011-05-25 11:51:00,0
2011-05-25 13:00:00,WIND,600702,1,HCM,1,18974,1011,150,22,160,29,1150,6,6,6,6,6,NA,NA,NA,NA,2011-05-25 13:00:00,0
2011-05-25 14:00:00,WIND,600702,1,HCM,1,18974,1011,140,21,140,29,1251,6,6,6,6,6,NA,NA,NA,NA,2011-05-25 13:52:00,0
2011-05-25 15:00:00,WIND,600702,1,HCM,1,18974,1011,140,22,140,29,1432,6,6,6,6,6,NA,NA,NA,NA,2011-05-25 14:52:00,0
2011-05-25 16:00:00,WIND,600702,1,HCM,1,18974,1011,140,23,150,31,1513,6,6,6,6,6,NA,NA,NA,NA,2011-05-25 15:52:00,0
2011-05-25 17:00:00,WIND,600702,1,HCM,1,18974,1011,140,22,140,30,1603,6,6,6,6,6,NA,NA,NA,NA,2011-05-25 16:52:00,0
2011-05-25 18:00:00,WIND,600702,1,HCM,1,18974,1011,140,18,140,24,1710,6,6,6,6,6,NA,NA,NA,NA,2011-05-25 17:52:00,0
2011-05-25 19:00:00,WIND,600702,1,HCM,1,18974,1011,140,20,140,27,1800,6,6,6,6,6,NA,NA,NA,NA,2011-05-25 18:52:00,0
2011-05-25 20:00:00,WIND,600702,1,HCM,1,18974,1011,140,21,140,28,1904,6,6,6,6,6,NA,NA,NA,NA,2011-05-25 19:52:00,0
2011-05-25 21:00:00,WIND,600702,1,HCM,1,18974,1011,140,19,140,26,2013,6,6,6,6,6,NA,NA,NA,NA,2011-05-25 20:54:00,0
2011-05-25 22:00:00,WIND,600702,1,HCM,1,18974,1011,130,15,140,22,2050,6,6,6,6,6,NA,NA,NA,NA,2011-05-25 21:52:00,0
2011-05-25 23:00:00,WIND,600702,1,HCM,1,18974,1011,120,13,120,21,2156,6,6,6,6,6,NA,NA,NA,NA,2011-05-25 22:52:00,0
2011-05-26 00:00:00,WIND,600702,1,HCM,1,18974,1011,100,11,100,18,2316,6,6,6,6,6,NA,NA,NA,NA,2011-05-25 23:53:00,0
2011-05-26 01:00:00,WIND,600702,1,HCM,1,18974,1011,80,9,70,12,40,6,6,6,6,6,NA,NA,NA,NA,2011-05-26 00:53:00,0
2011-05-26 02:00:00,WIND,600702,1,HCM,1,18974,1011,70,9,70,14,149,6,6,6,6,6,NA,NA,NA,NA,2011-05-26 01:52:00,0
2011-05-26 03:00:00,WIND,600702,1,HCM,1,18974,1011,50,10,60,14,203,6,6,6,6,6,NA,NA,NA,NA,2011-05-26 02:52:00,0
2011-05-26 04:00:00,WIND,600702,1,HCM,1,18974,1011,30,13,20,26,347,6,6,6,6,6,NA,NA,NA,NA,2011-05-26 03:53:00,0
2011-05-26 05:00:00,WIND,600702,1,HCM,1,18974,1011,20,20,10,29,430,6,6,6,6,6,NA,NA,NA,NA,2011-05-26 04:52:00,0
2011-05-26 06:00:00,WIND,600702,1,HCM,1,18974,1011,10,22,10,31,531,6,6,6,6,6,NA,NA,NA,NA,2011-05-26 05:52:00,0
2011-05-26 07:00:00,WIND,600702,1,HCM,1,18974,1011,360,23,350,32,640,6,6,6,6,6,NA,NA,NA,NA,2011-05-26 06:52:00,0
2011-05-26 08:00:00,WIND,600702,1,HCM,1,18974,1011,360,26,360,35,742,6,6,6,6,6,NA,NA,NA,NA,2011-05-26 07:52:00,0
2011-05-26 09:00:00,WIND,600702,1,HCM,1,18974,1011,360,28,360,37,830,6,6,6,6,6,NA,NA,NA,NA,2011-05-26 08:54:00,0
2011-05-26 10:00:00,WIND,600702,1,HCM,1,18974,1011,360,27,360,38,854,6,6,6,6,6,NA,NA,NA,NA,2011-05-26 09:52:00,0
2011-05-26 11:00:00,WIND,600702,1,HCM,1,18974,1011,360,26,360,37,1005,6,6,6,6,6,NA,NA,NA,NA,2011-05-26 10:52:00,0
2011-05-26 12:00:00,WIND,600702,1,HCM,1,18974,1011,360,25,360,34,1050,6,6,6,6,6,NA,NA,NA,NA,2011-05-26 11:52:00,0
2011-05-26 13:00:00,WIND,600702,1,HCM,1,18974,1011,350,26,360,34,1153,6,6,6,6,6,NA,NA,NA,NA,2011-05-26 12:52:00,0
2011-05-26 14:00:00,WIND,600702,1,HCM,1,18974,1011,340,25,340,35,1323,6,6,6,6,6,NA,NA,NA,NA,2011-05-26 13:52:00,0
2011-05-26 15:00:00,WIND,600702,1,HCM,1,18974,1011,340,24,330,40,1405,6,6,6,6,6,NA,NA,NA,NA,2011-05-26 14:52:00,0
2011-05-26 16:00:00,WIND,600702,1,HCM,1,18974,1011,340,26,340,35,1525,6,6,6,6,6,NA,NA,NA,NA,2011-05-26 15:51:00,0
2011-05-26 17:00:00,WIND,600702,1,HCM,1,18974,1011,340,26,340,37,1614,6,6,6,6,6,NA,NA,NA,NA,2011-05-26 16:52:00,0
2011-05-26 18:00:00,WIND,600702,1,HCM,1,18974,1011,350,24,350,34,1731,6,6,6,6,6,NA,NA,NA,NA,2011-05-26 17:52:00,0
2011-05-26 19:00:00,WIND,600702,1,HCM,1,18974,1011,350,25,350,33,1829,6,6,6,6,6,NA,NA,NA,NA,2011-05-26 18:51:00,0
2011-05-26 20:00:00,WIND,600702,1,HCM,1,18974,1011,340,24,350,34,1937,6,6,6,6,6,NA,NA,NA,NA,2011-05-26 19:52:00,0
2011-05-26 21:00:00,WIND,600702,1,HCM,1,18974,1011,340,24,350,32,2019,6,6,6,6,6,NA,NA,NA,NA,2011-05-26 20:57:00,0
2011-05-26 22:00:00,WIND,600702,1,HCM,1,18974,1011,340,22,340,30,2125,6,6,6,6,6,NA,NA,NA,NA,2011-05-26 21:52:00,0
2011-05-26 23:00:00,WIND,600702,1,HCM,1,18974,1011,340,22,340,30,2154,6,6,6,6,6,NA,NA,NA,NA,2011-05-26 22:52:00,0
2011-05-27 00:00:00,WIND,600702,1,HCM,1,18974,1011,330,21,330,29,2317,6,6,6,6,6,NA,NA,NA,NA,2011-05-26 23:53:00,0
2011-05-27 01:00:00,WIND,600702,1,HCM,1,18974,1011,330,18,330,25,2,6,6,6,6,6,NA,NA,NA,NA,2011-05-27 00:52:00,0
2011-05-27 02:00:00,WIND,600702,1,HCM,1,18974,1011,320,17,330,25,115,6,6,6,6,6,NA,NA,NA,NA,2011-05-27 01:52:00,0
2011-05-27 03:00:00,WIND,600702,1,HCM,1,18974,1011,320,15,320,22,216,6,6,6,6,6,NA,NA,NA,NA,2011-05-27 02:52:00,0
2011-05-27 04:00:00,WIND,600702,1,HCM,1,18974,1011,320,14,320,19,307,6,6,6,6,6,NA,NA,NA,NA,2011-05-27 03:52:00,0
2011-05-27 05:00:00,WIND,600702,1,HCM,1,18974,1011,320,14,320,20,409,6,6,6,6,6,NA,NA,NA,NA,2011-05-27 04:52:00,0
2011-05-27 06:00:00,WIND,600702,1,HCM,1,18974,1011,310,11,310,16,453,6,6,6,6,6,NA,NA,NA,NA,2011-05-27 05:52:00,0
2011-05-27 07:00:00,WIND,600702,1,HCM,1,18974,1011,300,12,300,16,603,6,6,6,6,6,NA,NA,NA,NA,2011-05-27 06:52:00,0
2011-05-27 08:00:00,WIND,600702,1,HCM,1,18974,1011,290,12,290,16,713,6,6,6,6,6,NA,NA,NA,NA,2011-05-27 07:52:00,0
2011-05-27 09:00:00,WIND,600702,1,HCM,1,18974,1011,260,11,260,17,809,6,6,6,6,6,NA,NA,NA,NA,2011-05-27 09:09:00,0
2011-05-27 10:00:00,WIND,600702,1,HCM,1,18974,1011,230,11,220,15,940,6,6,6,6,6,NA,NA,NA,NA,2011-05-27 10:13:00,0
2011-05-27 11:00:00,WIND,600702,1,HCM,1,18974,1011,220,13,230,20,1041,6,6,6,6,6,NA,NA,NA,NA,2011-05-27 10:52:00,0
2011-05-27 12:00:00,WIND,600702,1,HCM,1,18974,1011,220,15,240,23,1145,6,6,6,6,6,NA,NA,NA,NA,2011-05-27 11:52:00,0
2011-05-27 13:00:00,WIND,600702,1,HCM,1,18974,1011,230,17,240,25,1223,6,6,6,6,6,NA,NA,NA,NA,2011-05-27 13:14:00,0
2011-05-27 14:00:00,WIND,600702,1,HCM,1,18974,1011,220,19,210,29,1347,6,6,6,6,6,NA,NA,NA,NA,2011-05-27 13:52:00,0
2011-05-27 15:00:00,WIND,600702,1,HCM,1,18974,1011,220,21,220,30,1436,6,6,6,6,6,NA,NA,NA,NA,2011-05-27 14:52:00,0
2011-05-27 16:00:00,WIND,600702,1,HCM,1,18974,1011,220,22,230,32,1524,6,6,6,6,6,NA,NA,NA,NA,2011-05-27 16:00:00,0
2011-05-27 17:00:00,WIND,600702,1,HCM,1,18974,1011,230,20,230,29,1605,6,6,6,6,6,NA,NA,NA,NA,2011-05-27 16:52:00,0
2011-05-27 18:00:00,WIND,600702,1,HCM,1,18974,1011,240,18,240,28,1652,6,6,6,6,6,NA,NA,NA,NA,2011-05-27 17:52:00,0
2011-05-27 19:00:00,WIND,600702,1,HCM,1,18974,1011,250,17,260,25,1836,6,6,6,6,6,NA,NA,NA,NA,2011-05-27 18:52:00,0
2011-05-27 20:00:00,WIND,600702,1,HCM,1,18974,1011,250,17,250,24,1915,6,6,6,6,6,NA,NA,NA,NA,2011-05-27 19:52:00,0
2011-05-27 21:00:00,WIND,600702,1,HCM,1,18974,1011,270,17,270,25,2019,6,6,6,6,6,NA,NA,NA,NA,2011-05-27 20:54:00,0
2011-05-27 22:00:00,WIND,600702,1,HCM,1,18974,1011,260,15,260,21,2108,6,6,6,6,6,NA,NA,NA,NA,2011-05-27 21:52:00,0
2011-05-27 23:00:00,WIND,600702,1,HCM,1,18974,1011,270,14,280,22,2205,6,6,6,6,6,NA,NA,NA,NA,2011-05-27 22:52:00,0
2011-05-28 00:00:00,WIND,600702,1,HCM,1,18974,1011,260,14,260,20,2349,6,6,6,6,6,NA,NA,NA,NA,2011-05-27 23:53:00,0
2011-05-28 01:00:00,WIND,600702,1,HCM,1,18974,1011,260,14,260,28,46,6,6,6,6,6,NA,NA,NA,NA,2011-05-28 00:53:00,0
2011-05-28 02:00:00,WIND,600702,1,HCM,1,18974,1011,270,17,270,25,119,6,6,6,6,6,NA,NA,NA,NA,2011-05-28 01:52:00,0
2011-05-28 03:00:00,WIND,600702,1,HCM,1,18974,1011,270,16,270,35,157,6,6,6,6,6,NA,NA,NA,NA,2011-05-28 02:52:00,0
2011-05-28 04:00:00,WIND,600702,1,HCM,1,18974,1011,270,17,270,34,309,6,6,6,6,6,NA,NA,NA,NA,2011-05-28 03:52:00,0
2011-05-28 05:00:00,WIND,600702,1,HCM,1,18974,1011,270,18,280,27,442,6,6,6,6,6,NA,NA,NA,NA,2011-05-28 04:52:00,0
2011-05-28 06:00:00,WIND,600702,1,HCM,1,18974,1011,270,18,280,28,549,6,6,6,6,6,NA,NA,NA,NA,2011-05-28 05:52:00,0
2011-05-28 07:00:00,WIND,600702,1,HCM,1,18974,1011,270,21,270,37,627,6,6,6,6,6,NA,NA,NA,NA,2011-05-28 07:12:00,0
2011-05-28 08:00:00,WIND,600702,1,HCM,1,18974,1011,270,19,280,33,728,6,6,6,6,6,NA,NA,NA,NA,2011-05-28 07:52:00,0
2011-05-28 09:00:00,WIND,600702,1,HCM,1,18974,1011,270,21,270,34,823,6,6,6,6,6,NA,NA,NA,NA,2011-05-28 08:54:00,0
2011-05-28 10:00:00,WIND,600702,1,HCM,1,18974,1011,260,23,270,35,932,6,6,6,6,6,NA,NA,NA,NA,2011-05-28 09:52:00,0
2011-05-28 11:00:00,WIND,600702,1,HCM,1,18974,1011,260,24,260,35,1013,6,6,6,6,6,NA,NA,NA,NA,2011-05-28 10:52:00,0
2011-05-28 12:00:00,WIND,600702,1,HCM,1,18974,1011,270,23,260,36,1145,6,6,6,6,6,NA,NA,NA,NA,2011-05-28 11:52:00,0
2011-05-28 13:00:00,WIND,600702,1,HCM,1,18974,1011,270,26,260,38,1220,6,6,6,6,6,NA,NA,NA,NA,2011-05-28 12:52:00,0
2011-05-28 14:00:00,WIND,600702,1,HCM,1,18974,1011,270,24,270,35,1302,6,6,6,6,6,NA,NA,NA,NA,2011-05-28 13:52:00,0
2011-05-28 15:00:00,WIND,600702,1,HCM,1,18974,1011,270,24,280,37,1412,6,6,6,6,6,NA,NA,NA,NA,2011-05-28 14:52:00,0
2011-05-28 16:00:00,WIND,600702,1,HCM,1,18974,1011,270,24,270,33,1532,6,6,6,6,6,NA,NA,NA,NA,2011-05-28 15:52:00,0
2011-05-28 17:00:00,WIND,600702,1,HCM,1,18974,1011,270,23,270,33,1620,6,6,6,6,6,NA,NA,NA,NA,2011-05-28 16:52:00,0
2011-05-28 18:00:00,WIND,600702,1,HCM,1,18974,1011,270,22,270,36,1712,6,6,6,6,6,NA,NA,NA,NA,2011-05-28 17:52:00,0
2011-05-28 19:00:00,WIND,600702,1,HCM,1,18974,1011,260,20,260,29,1751,6,6,6,6,6,NA,NA,NA,NA,2011-05-28 18:52:00,0
2011-05-28 20:00:00,WIND,600702,1,HCM,1,18974,1011,260,17,270,27,1907,6,6,6,6,6,NA,NA,NA,NA,2011-05-28 19:52:00,0
2011-05-28 21:00:00,WIND,600702,1,HCM,1,18974,1011,260,15,250,24,2014,6,6,6,6,6,NA,NA,NA,NA,2011-05-28 20:54:00,0
2011-05-28 22:00:00,WIND,600702,1,HCM,1,18974,1011,250,15,250,24,2057,6,6,6,6,6,NA,NA,NA,NA,2011-05-28 21:52:00,0
2011-05-28 23:00:00,WIND,600702,1,HCM,1,18974,1011,250,15,250,23,2158,6,6,6,6,6,NA,NA,NA,NA,2011-05-28 22:52:00,0
2011-05-29 00:00:00,WIND,600702,1,HCM,1,18974,1011,240,13,250,20,2335,6,6,6,6,6,NA,NA,NA,NA,2011-05-28 23:53:00,0
2011-05-29 01:00:00,WIND,600702,1,HCM,1,18974,1011,230,12,240,20,1,6,6,6,6,6,NA,NA,NA,NA,2011-05-29 00:53:00,0
2011-05-29 02:00:00,WIND,600702,1,HCM,1,18974,1011,220,10,240,14,138,6,6,6,6,6,NA,NA,NA,NA,2011-05-29 01:52:00,0
2011-05-29 03:00:00,WIND,600702,1,HCM,1,18974,1011,210,12,210,18,220,6,6,6,6,6,NA,NA,NA,NA,2011-05-29 02:52:00,0
2011-05-29 04:00:00,WIND,600702,1,HCM,1,18974,1011,210,11,210,16,258,6,6,6,6,6,NA,NA,NA,NA,2011-05-29 03:52:00,0
2011-05-29 05:00:00,WIND,600702,1,HCM,1,18974,1011,210,10,210,15,432,6,6,6,6,6,NA,NA,NA,NA,2011-05-29 04:52:00,0
2011-05-29 06:00:00,WIND,600702,1,HCM,1,18974,1011,190,16,190,23,546,6,6,6,6,6,NA,NA,NA,NA,2011-05-29 05:52:00,0
2011-05-29 07:00:00,WIND,600702,1,HCM,1,18974,1011,220,20,240,34,640,6,6,6,6,6,NA,NA,NA,NA,2011-05-29 06:52:00,0
2011-05-29 08:00:00,WIND,600702,1,HCM,1,18974,1011,250,27,250,40,741,6,6,6,6,6,NA,NA,NA,NA,2011-05-29 07:52:00,0
2011-05-29 09:00:00,WIND,600702,1,HCM,1,18974,1011,260,28,270,40,805,6,6,6,6,6,NA,NA,NA,NA,2011-05-29 08:54:00,0
2011-05-29 10:00:00,WIND,600702,1,HCM,1,18974,1011,270,31,260,45,901,6,6,6,6,6,NA,NA,NA,NA,2011-05-29 09:52:00,0
2011-05-29 11:00:00,WIND,600702,1,HCM,1,18974,1011,260,31,270,48,1012,6,6,6,6,6,NA,NA,NA,NA,2011-05-29 10:52:00,0
2011-05-29 12:00:00,WIND,600702,1,HCM,1,18974,1011,260,32,270,47,1052,6,6,6,6,6,NA,NA,NA,NA,2011-05-29 11:52:00,0
2011-05-29 13:00:00,WIND,600702,1,HCM,1,18974,1011,260,33,270,46,1227,6,6,6,6,6,NA,NA,NA,NA,2011-05-29 12:52:00,0
2011-05-29 14:00:00,WIND,600702,1,HCM,1,18974,1011,270,32,280,43,1337,6,6,6,6,6,NA,NA,NA,NA,2011-05-29 13:52:00,0
2011-05-29 15:00:00,WIND,600702,1,HCM,1,18974,1011,280,25,290,35,1419,6,6,6,6,6,NA,NA,NA,NA,2011-05-29 14:51:00,0
2011-05-29 16:00:00,WIND,600702,1,HCM,1,18974,1011,290,22,280,32,1533,6,6,6,6,6,NA,NA,NA,NA,2011-05-29 15:52:00,0
2011-05-29 17:00:00,WIND,600702,1,HCM,1,18974,1011,280,19,280,27,1551,6,6,6,6,6,NA,NA,NA,NA,2011-05-29 16:52:00,0
2011-05-29 18:00:00,WIND,600702,1,HCM,1,18974,1011,270,19,270,26,1712,6,6,6,6,6,NA,NA,NA,NA,2011-05-29 17:52:00,0
2011-05-29 19:00:00,WIND,600702,1,HCM,1,18974,1011,260,17,250,24,1830,6,6,6,6,6,NA,NA,NA,NA,2011-05-29 18:52:00,0
2011-05-29 20:00:00,WIND,600702,1,HCM,1,18974,1011,250,13,270,24,1948,6,6,6,6,6,NA,NA,NA,NA,2011-05-29 19:52:00,0
2011-05-29 21:00:00,WIND,600702,1,HCM,1,18974,1011,260,10,290,21,1950,6,6,6,6,6,NA,NA,NA,NA,2011-05-29 20:54:00,0
2011-05-29 22:00:00,WIND,600702,1,HCM,1,18974,1011,260,11,270,26,2055,6,6,6,6,6,NA,NA,NA,NA,2011-05-29 21:52:00,0
2011-05-29 23:00:00,WIND,600702,1,HCM,1,18974,1011,250,12,250,31,2248,6,6,6,6,6,NA,NA,NA,NA,2011-05-29 22:52:00,0
2011-05-30 00:00:00,WIND,600702,1,HCM,1,18974,1011,250,13,250,27,2252,6,6,6,6,6,NA,NA,NA,NA,2011-05-29 23:53:00,0
2011-05-30 01:00:00,WIND,600702,1,HCM,1,18974,1011,250,13,240,19,27,6,6,6,6,6,NA,NA,NA,NA,2011-05-30 00:53:00,0
2011-05-30 02:00:00,WIND,600702,1,HCM,1,18974,1011,250,12,250,18,51,6,6,6,6,6,NA,NA,NA,NA,2011-05-30 01:52:00,0
2011-05-30 03:00:00,WIND,600702,1,HCM,1,18974,1011,250,10,250,15,245,6,6,6,6,6,NA,NA,NA,NA,2011-05-30 02:52:00,0
2011-05-30 04:00:00,WIND,600702,1,HCM,1,18974,1011,250,10,260,14,339,6,6,6,6,6,NA,NA,NA,NA,2011-05-30 03:52:00,0
2011-05-30 05:00:00,WIND,600702,1,HCM,1,18974,1011,240,10,240,18,428,6,6,6,6,6,NA,NA,NA,NA,2011-05-30 04:52:00,0
2011-05-30 06:00:00,WIND,600702,1,HCM,1,18974,1011,230,7,220,15,536,6,6,6,6,6,NA,NA,NA,NA,2011-05-30 05:52:00,0
2011-05-30 07:00:00,WIND,600702,1,HCM,1,18974,1011,240,8,260,15,640,6,6,6,6,6,NA,NA,NA,NA,2011-05-30 06:52:00,0
2011-05-30 08:00:00,WIND,600702,1,HCM,1,18974,1011,250,12,270,19,743,6,6,6,6,6,NA,NA,NA,NA,2011-05-30 07:52:00,0
2011-05-30 09:00:00,WIND,600702,1,HCM,1,18974,1011,260,12,270,18,808,6,6,6,6,6,NA,NA,NA,NA,2011-05-30 08:54:00,0
2011-05-30 10:00:00,WIND,600702,1,HCM,1,18974,1011,250,11,240,23,912,6,6,6,6,6,NA,NA,NA,NA,2011-05-30 09:52:00,0
2011-05-30 11:00:00,WIND,600702,1,HCM,1,18974,1011,240,13,260,20,1015,6,6,6,6,6,NA,NA,NA,NA,2011-05-30 10:52:00,0
2011-05-30 12:00:00,WIND,600702,1,HCM,1,18974,1011,250,12,260,23,1139,6,6,6,6,6,NA,NA,NA,NA,2011-05-30 11:52:00,0
2011-05-30 13:00:00,WIND,600702,1,HCM,1,18974,1011,260,13,270,19,1159,6,6,6,6,6,NA,NA,NA,NA,2011-05-30 12:52:00,0
2011-05-30 14:00:00,WIND,600702,1,HCM,1,18974,1011,260,13,250,20,1341,6,6,6,6,6,NA,NA,NA,NA,2011-05-30 13:52:00,0
2011-05-30 15:00:00,WIND,600702,1,HCM,1,18974,1011,250,13,250,21,1420,6,6,6,6,6,NA,NA,NA,NA,2011-05-30 14:52:00,0
2011-05-30 16:00:00,WIND,600702,1,HCM,1,18974,1011,260,13,260,27,1501,6,6,6,6,6,NA,NA,NA,NA,2011-05-30 15:52:00,0
2011-05-30 17:00:00,WIND,600702,1,HCM,1,18974,1011,260,13,260,19,1555,6,6,6,6,6,NA,NA,NA,NA,2011-05-30 16:52:00,0
2011-05-30 18:00:00,WIND,600702,1,HCM,1,18974,1011,250,12,260,18,1726,6,6,6,6,6,NA,NA,NA,NA,2011-05-30 17:52:00,0
2011-05-30 19:00:00,WIND,600702,1,HCM,1,18974,1011,250,12,240,17,1804,6,6,6,6,6,NA,NA,NA,NA,2011-05-30 18:52:00,0
2011-05-30 20:00:00,WIND,600702,1,HCM,1,18974,1011,250,11,250,16,1901,6,6,6,6,6,NA,NA,NA,NA,2011-05-30 19:52:00,0
2011-05-30 21:00:00,WIND,600702,1,HCM,1,18974,1011,220,7,210,14,1950,6,6,6,6,6,NA,NA,NA,NA,2011-05-30 20:54:00,0
2011-05-30 22:00:00,WIND,600702,1,HCM,1,18974,1011,230,8,220,13,2139,6,6,6,6,6,NA,NA,NA,NA,2011-05-30 21:52:00,0
2011-05-30 23:00:00,WIND,600702,1,HCM,1,18974,1011,230,8,240,12,2211,6,6,6,6,6,NA,NA,NA,NA,2011-05-30 22:52:00,0
2011-05-31 00:00:00,WIND,600702,1,HCM,1,18974,1011,220,7,220,11,2349,6,6,6,6,6,NA,NA,NA,NA,2011-05-30 23:52:00,0
2011-05-31 01:00:00,WIND,600702,1,HCM,1,18974,1011,210,8,220,13,45,6,6,6,6,6,NA,NA,NA,NA,2011-05-31 00:53:00,0
2011-05-31 02:00:00,WIND,600702,1,HCM,1,18974,1011,230,8,240,12,57,6,6,6,6,6,NA,NA,NA,NA,2011-05-31 01:52:00,0
2011-05-31 03:00:00,WIND,600702,1,HCM,1,18974,1011,220,8,220,16,241,6,6,6,6,6,NA,NA,NA,NA,2011-05-31 02:52:00,0
2011-05-31 04:00:00,WIND,600702,1,HCM,1,18974,1011,280,6,250,13,250,6,6,6,6,6,NA,NA,NA,NA,2011-05-31 03:52:00,0
2011-05-31 05:00:00,WIND,600702,1,HCM,1,18974,1011,280,6,300,9,436,6,6,6,6,6,NA,NA,NA,NA,2011-05-31 04:52:00,0
2011-05-31 06:00:00,WIND,600702,1,HCM,1,18974,1011,290,6,300,9,549,6,6,6,6,6,NA,NA,NA,NA,2011-05-31 05:52:00,0
2011-05-31 07:00:00,WIND,600702,1,HCM,1,18974,1011,290,10,290,14,619,6,6,6,6,6,NA,NA,NA,NA,2011-05-31 06:52:00,0
2011-05-31 08:00:00,WIND,600702,1,HCM,1,18974,1011,290,8,290,13,719,6,6,6,6,6,NA,NA,NA,NA,2011-05-31 07:52:00,0
2011-05-31 09:00:00,WIND,600702,1,HCM,1,18974,1011,300,11,290,16,826,6,6,6,6,6,NA,NA,NA,NA,2011-05-31 08:52:00,0
2011-05-31 10:00:00,WIND,600702,1,HCM,1,18974,1011,290,11,270,17,933,6,6,6,6,6,NA,NA,NA,NA,2011-05-31 09:52:00,0
2011-05-31 11:00:00,WIND,600702,1,HCM,1,18974,1011,270,13,270,18,1030,6,6,6,6,6,NA,NA,NA,NA,2011-05-31 10:52:00,0
2011-05-31 12:00:00,WIND,600702,1,HCM,1,18974,1011,270,14,250,21,1055,6,6,6,6,6,NA,NA,NA,NA,2011-05-31 11:52:00,0
2011-05-31 13:00:00,WIND,600702,1,HCM,1,18974,1011,260,15,270,21,1245,6,6,6,6,6,NA,NA,NA,NA,2011-05-31 12:52:00,0
2011-05-31 14:00:00,WIND,600702,1,HCM,1,18974,1011,240,15,240,21,1338,6,6,6,6,6,NA,NA,NA,NA,2011-05-31 13:52:00,0
2011-05-31 15:00:00,WIND,600702,1,HCM,1,18974,1011,240,16,240,22,1436,6,6,6,6,6,NA,NA,NA,NA,2011-05-31 14:52:00,0
2011-05-31 16:00:00,WIND,600702,1,HCM,1,18974,1011,230,16,250,22,1514,6,6,6,6,6,NA,NA,NA,NA,2011-05-31 15:52:00,0
2011-05-31 17:00:00,WIND,600702,1,HCM,1,18974,1011,230,17,230,23,1638,6,6,6,6,6,NA,NA,NA,NA,2011-05-31 16:52:00,0
2011-05-31 18:00:00,WIND,600702,1,HCM,1,18974,1011,220,17,230,26,1744,6,6,6,6,6,NA,NA,NA,NA,2011-05-31 17:52:00,0
2011-05-31 19:00:00,WIND,600702,1,HCM,1,18974,1011,210,19,210,28,1842,6,6,6,6,6,NA,NA,NA,NA,2011-05-31 18:52:00,0
2011-05-31 20:00:00,WIND,600702,1,HCM,1,18974,1011,200,19,200,29,1944,6,6,6,6,6,NA,NA,NA,NA,2011-05-31 19:52:00,0
2011-05-31 21:00:00,WIND,600702,1,HCM,1,18974,1011,200,23,190,36,2049,6,6,6,6,6,NA,NA,NA,NA,2011-05-31 20:56:00,0
2011-05-31 22:00:00,WIND,600702,1,HCM,1,18974,1011,200,24,200,34,2050,6,6,6,6,6,NA,NA,NA,NA,2011-05-31 21:52:00,0
2011-05-31 23:00:00,WIND,600702,1,HCM,1,18974,1011,200,25,190,35,2209,6,6,6,6,6,NA,NA,NA,NA,2011-05-31 22:52:00,0
2011-06-01 00:00:00,WIND,600702,1,HCM,1,18974,1011,200,23,210,34,2326,6,6,6,6,6,NA,NA,NA,NA,2011-05-31 23:53:00,0
2011-06-01 01:00:00,WIND,600702,1,HCM,1,18974,1011,210,25,210,35,43,6,6,6,6,6,NA,NA,NA,NA,2011-06-01 00:52:00,0
2011-06-01 02:00:00,WIND,600702,1,HCM,1,18974,1011,210,25,220,35,54,6,6,6,6,6,NA,NA,NA,NA,2011-06-01 01:53:00,0
2011-06-01 03:00:00,WIND,600702,1,HCM,1,18974,1011,220,24,220,34,218,6,6,6,6,6,NA,NA,NA,NA,2011-06-01 02:52:00,0
2011-06-01 04:00:00,WIND,600702,1,HCM,1,18974,1011,220,23,230,33,323,6,6,6,6,6,NA,NA,NA,NA,2011-06-01 03:52:00,0
2011-06-01 05:00:00,WIND,600702,1,HCM,1,18974,1011,220,23,230,33,429,6,6,6,6,6,NA,NA,NA,NA,2011-06-01 04:52:00,0
2011-06-01 06:00:00,WIND,600702,1,HCM,1,18974,1011,230,24,220,37,543,6,6,6,6,6,NA,NA,NA,NA,2011-06-01 05:52:00,0
2011-06-01 08:00:00,WIND,600702,1,HCM,1,18974,1011,220,24,210,36,723,6,6,6,6,6,NA,NA,NA,NA,2011-06-01 07:52:00,0
2011-06-01 09:00:00,WIND,600702,1,HCM,1,18974,1011,230,23,230,35,832,6,6,6,6,6,NA,NA,NA,NA,2011-06-01 08:53:00,0
2011-06-01 10:00:00,WIND,600702,1,HCM,1,18974,1011,230,24,230,33,924,6,6,6,6,6,NA,NA,NA,NA,2011-06-01 09:52:00,0
2011-06-01 11:00:00,WIND,600702,1,HCM,1,18974,1011,240,24,230,33,1018,6,6,6,6,6,NA,NA,NA,NA,2011-06-01 10:52:00,0
2011-06-01 12:00:00,WIND,600702,1,HCM,1,18974,1011,240,24,240,33,1125,6,6,6,6,6,NA,NA,NA,NA,2011-06-01 11:52:00,0
2011-06-01 13:00:00,WIND,600702,1,HCM,1,18974,1011,240,26,250,37,1233,6,6,6,6,6,NA,NA,NA,NA,2011-06-01 12:52:00,0
2011-06-01 14:00:00,WIND,600702,1,HCM,1,18974,1011,240,25,240,35,1320,6,6,6,6,6,NA,NA,NA,NA,2011-06-01 13:52:00,0
2011-06-01 15:00:00,WIND,600702,1,HCM,1,18974,1011,240,26,240,35,1427,6,6,6,6,6,NA,NA,NA,NA,2011-06-01 14:52:00,0
2011-06-01 16:00:00,WIND,600702,1,HCM,1,18974,1011,250,25,250,35,1531,6,6,6,6,6,NA,NA,NA,NA,2011-06-01 15:52:00,0
2011-06-01 17:00:00,WIND,600702,1,HCM,1,18974,1011,250,23,240,33,1639,6,6,6,6,6,NA,NA,NA,NA,2011-06-01 16:52:00,0
2011-06-01 18:00:00,WIND,600702,1,HCM,1,18974,1011,240,20,250,32,1726,6,6,6,6,6,NA,NA,NA,NA,2011-06-01 17:52:00,0
2011-06-01 19:00:00,WIND,600702,1,HCM,1,18974,1011,230,19,230,27,1843,6,6,6,6,6,NA,NA,NA,NA,2011-06-01 18:52:00,0
2011-06-01 20:00:00,WIND,600702,1,HCM,1,18974,1011,240,20,250,29,1948,6,6,6,6,6,NA,NA,NA,NA,2011-06-01 19:52:00,0
2011-06-01 21:00:00,WIND,600702,1,HCM,1,18974,1011,250,20,260,29,2011,6,6,6,6,6,NA,NA,NA,NA,2011-06-01 20:54:00,0
2011-06-01 22:00:00,WIND,600702,1,HCM,1,18974,1011,240,17,250,25,2111,6,6,6,6,6,NA,NA,NA,NA,2011-06-01 21:52:00,0
2011-06-01 23:00:00,WIND,600702,1,HCM,1,18974,1011,230,17,240,24,2151,6,6,6,6,6,NA,NA,NA,NA,2011-06-01 22:52:00,0
2011-06-02 00:00:00,WIND,600702,1,HCM,1,18974,1011,230,15,240,21,2321,6,6,6,6,6,NA,NA,NA,NA,2011-06-01 23:53:00,0
2011-06-02 01:00:00,WIND,600702,1,HCM,1,18974,1011,230,15,220,21,8,6,6,6,6,6,NA,NA,NA,NA,2011-06-02 00:52:00,0
2011-06-02 02:00:00,WIND,600702,1,HCM,1,18974,1011,230,15,230,22,138,6,6,6,6,6,NA,NA,NA,NA,2011-06-02 01:52:00,0
2011-06-02 03:00:00,WIND,600702,1,HCM,1,18974,1011,230,16,240,24,247,6,6,6,6,6,NA,NA,NA,NA,2011-06-02 02:52:00,0
2011-06-02 04:00:00,WIND,600702,1,HCM,1,18974,1011,240,18,250,27,344,6,6,6,6,6,NA,NA,NA,NA,2011-06-02 03:52:00,0
2011-06-02 05:00:00,WIND,600702,1,HCM,1,18974,1011,240,17,250,25,402,6,6,6,6,6,NA,NA,NA,NA,2011-06-02 04:52:00,0
2011-06-02 06:00:00,WIND,600702,1,HCM,1,18974,1011,240,16,240,25,450,6,6,6,6,6,NA,NA,NA,NA,2011-06-02 05:52:00,0
2011-06-02 07:00:00,WIND,600702,1,HCM,1,18974,1011,240,15,240,24,552,6,6,6,6,6,NA,NA,NA,NA,2011-06-02 06:52:00,0
2011-06-02 08:00:00,WIND,600702,1,HCM,1,18974,1011,230,12,230,18,728,6,6,6,6,6,NA,NA,NA,NA,2011-06-02 07:51:00,0
2011-06-02 09:00:00,WIND,600702,1,HCM,1,18974,1011,230,14,240,20,835,6,6,6,6,6,NA,NA,NA,NA,2011-06-02 08:53:00,0
2011-06-02 10:00:00,WIND,600702,1,HCM,1,18974,1011,230,15,240,22,854,6,6,6,6,6,NA,NA,NA,NA,2011-06-02 09:52:00,0
2011-06-02 11:00:00,WIND,600702,1,HCM,1,18974,1011,240,15,260,24,1029,6,6,6,6,6,NA,NA,NA,NA,2011-06-02 10:52:00,0
2011-06-02 12:00:00,WIND,600702,1,HCM,1,18974,1011,230,15,240,23,1102,6,6,6,6,6,NA,NA,NA,NA,2011-06-02 12:03:00,0
2011-06-02 13:00:00,WIND,600702,1,HCM,1,18974,1011,230,15,240,22,1150,6,6,6,6,6,NA,NA,NA,NA,2011-06-02 12:52:00,0
2011-06-02 14:00:00,WIND,600702,1,HCM,1,18974,1011,220,14,220,21,1253,6,6,6,6,6,NA,NA,NA,NA,2011-06-02 13:52:00,0
2011-06-02 15:00:00,WIND,600702,1,HCM,1,18974,1011,230,13,230,20,1429,6,6,6,6,6,NA,NA,NA,NA,2011-06-02 14:52:00,0
2011-06-02 16:00:00,WIND,600702,1,HCM,1,18974,1011,220,12,220,18,1452,6,6,6,6,6,NA,NA,NA,NA,2011-06-02 15:53:00,0
2011-06-02 17:00:00,WIND,600702,1,HCM,1,18974,1011,200,9,220,15,1550,6,6,6,6,6,NA,NA,NA,NA,2011-06-02 16:52:00,0
2011-06-02 18:00:00,WIND,600702,1,HCM,1,18974,1011,210,8,200,13,1728,6,6,6,6,6,NA,NA,NA,NA,2011-06-02 17:51:00,0
2011-06-02 19:00:00,WIND,600702,1,HCM,1,18974,1011,240,7,220,11,1753,6,6,6,6,6,NA,NA,NA,NA,2011-06-02 18:52:00,0
2011-06-02 20:00:00,WIND,600702,1,HCM,1,18974,1011,220,6,250,9,1858,6,6,6,6,6,NA,NA,NA,NA,2011-06-02 19:52:00,0
2011-06-02 21:00:00,WIND,600702,1,HCM,1,18974,1011,180,7,170,9,2013,6,6,6,6,6,NA,NA,NA,NA,2011-06-02 20:54:00,0
2011-06-02 22:00:00,WIND,600702,1,HCM,1,18974,1011,190,6,180,8,2145,6,6,6,6,6,NA,NA,NA,NA,2011-06-02 21:52:00,0
2011-06-02 23:00:00,WIND,600702,1,HCM,1,18974,1011,190,7,200,11,2237,6,6,6,6,6,NA,NA,NA,NA,2011-06-02 22:52:00,0
2011-06-03 00:00:00,WIND,600702,1,HCM,1,18974,1011,200,7,190,10,2256,6,6,6,6,6,NA,NA,NA,NA,2011-06-02 23:52:00,0
2011-06-03 01:00:00,WIND,600702,1,HCM,1,18974,1011,180,8,180,10,7,6,6,6,6,6,NA,NA,NA,NA,2011-06-03 00:52:00,0
2011-06-03 02:00:00,WIND,600702,1,HCM,1,18974,1011,190,4,180,6,100,6,6,6,6,6,NA,NA,NA,NA,2011-06-03 01:52:00,0
2011-06-03 03:00:00,WIND,600702,1,HCM,1,18974,1011,170,4,180,6,238,6,6,6,6,6,NA,NA,NA,NA,2011-06-03 02:52:00,0
2011-06-03 04:00:00,WIND,600702,1,HCM,1,18974,1011,180,3,180,6,302,6,6,6,6,6,NA,NA,NA,NA,2011-06-03 03:52:00,0
2011-06-03 05:00:00,WIND,600702,1,HCM,1,18974,1011,180,5,180,9,443,6,6,6,6,6,NA,NA,NA,NA,2011-06-03 04:52:00,0
2011-06-03 06:00:00,WIND,600702,1,HCM,1,18974,1011,170,7,170,10,527,6,6,6,6,6,NA,NA,NA,NA,2011-06-03 05:52:00,0
2011-06-03 07:00:00,WIND,600702,1,HCM,1,18974,1011,180,8,170,11,645,6,6,6,6,6,NA,NA,NA,NA,2011-06-03 06:52:00,0
2011-06-03 08:00:00,WIND,600702,1,HCM,1,18974,1011,180,9,180,12,655,6,6,6,6,6,NA,NA,NA,NA,2011-06-03 07:52:00,0
2011-06-03 09:00:00,WIND,600702,1,HCM,1,18974,1011,190,9,190,13,803,6,6,6,6,6,NA,NA,NA,NA,2011-06-03 08:55:00,0
2011-06-03 10:00:00,WIND,600702,1,HCM,1,18974,1011,180,9,180,13,943,6,6,6,6,6,NA,NA,NA,NA,2011-06-03 09:52:00,0
2011-06-03 11:00:00,WIND,600702,1,HCM,1,18974,1011,180,10,180,15,1043,6,6,6,6,6,NA,NA,NA,NA,2011-06-03 10:52:00,0
2011-06-03 12:00:00,WIND,600702,1,HCM,1,18974,1011,190,11,180,14,1116,6,6,6,6,6,NA,NA,NA,NA,2011-06-03 11:52:00,0
2011-06-03 13:00:00,WIND,600702,1,HCM,1,18974,1011,230,10,250,15,1246,6,6,6,6,6,NA,NA,NA,NA,2011-06-03 12:52:00,0
2011-06-03 14:00:00,WIND,600702,1,HCM,1,18974,1011,260,13,240,16,1255,6,6,6,6,6,NA,NA,NA,NA,2011-06-03 13:52:00,0
2011-06-03 15:00:00,WIND,600702,1,HCM,1,18974,1011,260,12,260,17,1405,6,6,6,6,6,NA,NA,NA,NA,2011-06-03 14:52:00,0
2011-06-03 16:00:00,WIND,600702,1,HCM,1,18974,1011,270,11,270,18,1500,6,6,6,6,6,NA,NA,NA,NA,2011-06-03 15:52:00,0
2011-06-03 17:00:00,WIND,600702,1,HCM,1,18974,1011,280,13,270,19,1553,6,6,6,6,6,NA,NA,NA,NA,2011-06-03 16:52:00,0
2011-06-03 18:00:00,WIND,600702,1,HCM,1,18974,1011,290,12,300,18,1657,6,6,6,6,6,NA,NA,NA,NA,2011-06-03 17:52:00,0
2011-06-03 19:00:00,WIND,600702,1,HCM,1,18974,1011,300,11,290,17,1841,6,6,6,6,6,NA,NA,NA,NA,2011-06-03 18:52:00,0
2011-06-03 20:00:00,WIND,600702,1,HCM,1,18974,1011,310,11,300,17,1902,6,6,6,6,6,NA,NA,NA,NA,2011-06-03 19:52:00,0
2011-06-03 21:00:00,WIND,600702,1,HCM,1,18974,1011,310,8,310,12,1950,6,6,6,6,6,NA,NA,NA,NA,2011-06-03 20:54:00,0
2011-06-03 22:00:00,WIND,600702,1,HCM,1,18974,1011,320,7,320,10,2110,6,6,6,6,6,NA,NA,NA,NA,2011-06-03 21:52:00,0
2011-06-03 23:00:00,WIND,600702,1,HCM,1,18974,1011,350,11,350,18,2216,6,6,6,6,6,NA,NA,NA,NA,2011-06-03 22:52:00,0
2011-06-04 00:00:00,WIND,600702,1,HCM,1,18974,1011,20,14,20,21,2327,6,6,6,6,6,NA,NA,NA,NA,2011-06-03 23:53:00,0
2011-06-04 01:00:00,WIND,600702,1,HCM,1,18974,1011,20,14,10,19,2355,6,6,6,6,6,NA,NA,NA,NA,2011-06-04 00:53:00,0
2011-06-04 02:00:00,WIND,600702,1,HCM,1,18974,1011,20,15,10,21,52,6,6,6,6,6,NA,NA,NA,NA,2011-06-04 01:52:00,0
2011-06-04 03:00:00,WIND,600702,1,HCM,1,18974,1011,20,15,20,21,217,6,6,6,6,6,NA,NA,NA,NA,2011-06-04 02:52:00,0
2011-06-04 04:00:00,WIND,600702,1,HCM,1,18974,1011,20,15,20,21,348,6,6,6,6,6,NA,NA,NA,NA,2011-06-04 03:52:00,0
2011-06-04 05:00:00,WIND,600702,1,HCM,1,18974,1011,20,16,20,21,438,6,6,6,6,6,NA,NA,NA,NA,2011-06-04 04:52:00,0
2011-06-04 06:00:00,WIND,600702,1,HCM,1,18974,1011,20,16,20,21,542,6,6,6,6,6,NA,NA,NA,NA,2011-06-04 05:52:00,0
2011-06-04 07:00:00,WIND,600702,1,HCM,1,18974,1011,20,16,20,21,552,6,6,6,6,6,NA,NA,NA,NA,2011-06-04 06:52:00,0
2011-06-04 08:00:00,WIND,600702,1,HCM,1,18974,1011,20,17,20,22,734,6,6,6,6,6,NA,NA,NA,NA,2011-06-04 07:52:00,0
2011-06-04 09:00:00,WIND,600702,1,HCM,1,18974,1011,20,17,20,22,815,6,6,6,6,6,NA,NA,NA,NA,2011-06-04 08:55:00,0
2011-06-04 10:00:00,WIND,600702,1,HCM,1,18974,1011,20,16,20,21,856,6,6,6,6,6,NA,NA,NA,NA,2011-06-04 09:52:00,0
2011-06-04 11:00:00,WIND,600702,1,HCM,1,18974,1011,20,15,20,19,1008,6,6,6,6,6,NA,NA,NA,NA,2011-06-04 10:52:00,0
2011-06-04 12:00:00,WIND,600702,1,HCM,1,18974,1011,20,14,10,17,1121,6,6,6,6,6,NA,NA,NA,NA,2011-06-04 11:52:00,0
2011-06-04 13:00:00,WIND,600702,1,HCM,1,18974,1011,10,15,10,19,1234,6,6,6,6,6,NA,NA,NA,NA,2011-06-04 12:52:00,0
2011-06-04 14:00:00,WIND,600702,1,HCM,1,18974,1011,10,16,10,19,1259,6,6,6,6,6,NA,NA,NA,NA,2011-06-04 13:52:00,0
2011-06-04 15:00:00,WIND,600702,1,HCM,1,18974,1011,10,16,360,20,1445,6,6,6,6,6,NA,NA,NA,NA,2011-06-04 14:52:00,0
2011-06-04 16:00:00,WIND,600702,1,HCM,1,18974,1011,10,16,360,20,1454,6,6,6,6,6,NA,NA,NA,NA,2011-06-04 15:52:00,0
2011-06-04 17:00:00,WIND,600702,1,HCM,1,18974,1011,10,15,10,19,1608,6,6,6,6,6,NA,NA,NA,NA,2011-06-04 16:52:00,0
2011-06-04 18:00:00,WIND,600702,1,HCM,1,18974,1011,20,13,20,17,1652,6,6,6,6,6,NA,NA,NA,NA,2011-06-04 17:52:00,0
2011-06-04 19:00:00,WIND,600702,1,HCM,1,18974,1011,10,12,10,16,1820,6,6,6,6,6,NA,NA,NA,NA,2011-06-04 18:52:00,0
2011-06-04 20:00:00,WIND,600702,1,HCM,1,18974,1011,20,13,20,17,1905,6,6,6,6,6,NA,NA,NA,NA,2011-06-04 19:52:00,0
2011-06-04 21:00:00,WIND,600702,1,HCM,1,18974,1011,20,13,10,18,2039,6,6,6,6,6,NA,NA,NA,NA,2011-06-04 20:55:00,0
2011-06-04 22:00:00,WIND,600702,1,HCM,1,18974,1011,20,14,20,19,2056,6,6,6,6,6,NA,NA,NA,NA,2011-06-04 21:52:00,0
2011-06-04 23:00:00,WIND,600702,1,HCM,1,18974,1011,20,13,20,18,2154,6,6,6,6,6,NA,NA,NA,NA,2011-06-04 22:52:00,0
2011-06-05 00:00:00,WIND,600702,1,HCM,1,18974,1011,20,12,20,16,2325,6,6,6,6,6,NA,NA,NA,NA,2011-06-04 23:52:00,0
2011-06-05 01:00:00,WIND,600702,1,HCM,1,18974,1011,20,11,20,15,2356,6,6,6,6,6,NA,NA,NA,NA,2011-06-05 00:52:00,0
2011-06-05 02:00:00,WIND,600702,1,HCM,1,18974,1011,30,8,20,13,147,6,6,6,6,6,NA,NA,NA,NA,2011-06-05 01:52:00,0
2011-06-05 03:00:00,WIND,600702,1,HCM,1,18974,1011,20,9,20,13,152,6,6,6,6,6,NA,NA,NA,NA,2011-06-05 02:52:00,0
2011-06-05 04:00:00,WIND,600702,1,HCM,1,18974,1011,40,7,20,9,323,6,6,6,6,6,NA,NA,NA,NA,2011-06-05 03:52:00,0
2011-06-05 05:00:00,WIND,600702,1,HCM,1,18974,1011,50,3,30,7,356,6,6,6,6,6,NA,NA,NA,NA,2011-06-05 04:52:00,0
2011-06-05 06:00:00,WIND,600702,1,HCM,1,18974,1011,30,4,40,9,526,6,6,6,6,6,NA,NA,NA,NA,2011-06-05 05:52:00,0
2011-06-05 07:00:00,WIND,600702,1,HCM,1,18974,1011,40,4,10,6,641,6,6,6,6,6,NA,NA,NA,NA,2011-06-05 06:52:00,0
2011-06-05 08:00:00,WIND,600702,1,HCM,1,18974,1011,350,4,20,7,728,6,6,6,6,6,NA,NA,NA,NA,2011-06-05 07:52:00,0
2011-06-05 09:00:00,WIND,600702,1,HCM,1,18974,1011,130,3,30,10,836,6,6,6,6,6,NA,NA,NA,NA,2011-06-05 08:54:00,0
2011-06-05 10:00:00,WIND,600702,1,HCM,1,18974,1011,360,4,360,8,918,6,6,6,6,6,NA,NA,NA,NA,2011-06-05 09:52:00,0
2011-06-05 11:00:00,WIND,600702,1,HCM,1,18974,1011,100,4,180,9,1027,6,6,6,6,6,NA,NA,NA,NA,2011-06-05 10:52:00,0
2011-06-05 12:00:00,WIND,600702,1,HCM,1,18974,1011,210,5,190,10,1050,6,6,6,6,6,NA,NA,NA,NA,2011-06-05 11:52:00,0
2011-06-05 13:00:00,WIND,600702,1,HCM,1,18974,1011,170,7,160,10,1227,6,6,6,6,6,NA,NA,NA,NA,2011-06-05 12:52:00,0
2011-06-05 14:00:00,WIND,600702,1,HCM,1,18974,1011,200,3,210,8,1254,6,6,6,6,6,NA,NA,NA,NA,2011-06-05 13:52:00,0
2011-06-05 15:00:00,WIND,600702,1,HCM,1,18974,1011,240,4,280,10,1441,6,6,6,6,6,NA,NA,NA,NA,2011-06-05 14:52:00,0
2011-06-05 16:00:00,WIND,600702,1,HCM,1,18974,1011,340,7,10,13,1528,6,6,6,6,6,NA,NA,NA,NA,2011-06-05 15:52:00,0
2011-06-05 17:00:00,WIND,600702,1,HCM,1,18974,1011,10,9,10,13,1630,6,6,6,6,6,NA,NA,NA,NA,2011-06-05 16:52:00,0
2011-06-05 18:00:00,WIND,600702,1,HCM,1,18974,1011,360,9,10,13,1729,6,6,6,6,6,NA,NA,NA,NA,2011-06-05 17:52:00,0
2011-06-05 19:00:00,WIND,600702,1,HCM,1,18974,1011,20,9,20,12,1754,6,6,6,6,6,NA,NA,NA,NA,2011-06-05 18:52:00,0
2011-06-05 20:00:00,WIND,600702,1,HCM,1,18974,1011,20,9,20,13,1949,6,6,6,6,6,NA,NA,NA,NA,2011-06-05 19:52:00,0
2011-06-05 21:00:00,WIND,600702,1,HCM,1,18974,1011,20,10,20,13,1955,6,6,6,6,6,NA,NA,NA,NA,2011-06-05 20:54:00,0
2011-06-05 22:00:00,WIND,600702,1,HCM,1,18974,1011,20,9,20,12,2134,6,6,6,6,6,NA,NA,NA,NA,2011-06-05 21:52:00,0
2011-06-05 23:00:00,WIND,600702,1,HCM,1,18974,1011,20,9,20,12,2153,6,6,6,6,6,NA,NA,NA,NA,2011-06-05 22:52:00,0
2011-06-06 00:00:00,WIND,600702,1,HCM,1,18974,1011,360,6,10,9,2250,6,6,6,6,6,NA,NA,NA,NA,2011-06-05 23:52:00,0
2011-06-06 01:00:00,WIND,600702,1,HCM,1,18974,1011,290,4,300,11,47,6,6,6,6,6,NA,NA,NA,NA,2011-06-06 00:52:00,0
2011-06-06 02:00:00,WIND,600702,1,HCM,1,18974,1011,310,14,320,24,137,6,6,6,6,6,NA,NA,NA,NA,2011-06-06 01:52:00,0
2011-06-06 03:00:00,WIND,600702,1,HCM,1,18974,1011,320,17,310,24,204,6,6,6,6,6,NA,NA,NA,NA,2011-06-06 02:52:00,0
2011-06-06 04:00:00,WIND,600702,1,HCM,1,18974,1011,320,15,310,20,308,6,6,6,6,6,NA,NA,NA,NA,2011-06-06 03:52:00,0
2011-06-06 05:00:00,WIND,600702,1,HCM,1,18974,1011,320,13,320,20,413,6,6,6,6,6,NA,NA,NA,NA,2011-06-06 04:52:00,0
2011-06-06 06:00:00,WIND,600702,1,HCM,1,18974,1011,300,10,320,14,515,6,6,6,6,6,NA,NA,NA,NA,2011-06-06 05:52:00,0
2011-06-06 07:00:00,WIND,600702,1,HCM,1,18974,1011,290,8,280,11,600,6,6,6,6,6,NA,NA,NA,NA,2011-06-06 06:52:00,0
2011-06-06 08:00:00,WIND,600702,1,HCM,1,18974,1011,290,7,270,11,745,6,6,6,6,6,NA,NA,NA,NA,2011-06-06 07:52:00,0
2011-06-06 09:00:00,WIND,600702,1,HCM,1,18974,1011,250,7,260,12,752,6,6,6,6,6,NA,NA,NA,NA,2011-06-06 08:54:00,0
2011-06-06 10:00:00,WIND,600702,1,HCM,1,18974,1011,240,7,240,14,907,6,6,6,6,6,NA,NA,NA,NA,2011-06-06 09:52:00,0
2011-06-06 11:00:00,WIND,600702,1,HCM,1,18974,1011,230,8,220,13,1030,6,6,6,6,6,NA,NA,NA,NA,2011-06-06 10:52:00,0
2011-06-06 12:00:00,WIND,600702,1,HCM,1,18974,1011,210,9,220,17,1125,6,6,6,6,6,NA,NA,NA,NA,2011-06-06 11:52:00,0
2011-06-06 13:00:00,WIND,600702,1,HCM,1,18974,1011,170,11,170,15,1242,6,6,6,6,6,NA,NA,NA,NA,2011-06-06 12:52:00,0
2011-06-06 14:00:00,WIND,600702,1,HCM,1,18974,1011,180,11,180,15,1333,6,6,6,6,6,NA,NA,NA,NA,2011-06-06 13:52:00,0
2011-06-06 15:00:00,WIND,600702,1,HCM,1,18974,1011,170,12,180,16,1435,6,6,6,6,6,NA,NA,NA,NA,2011-06-06 14:52:00,0
2011-06-06 16:00:00,WIND,600702,1,HCM,1,18974,1011,170,12,160,16,1546,6,6,6,6,6,NA,NA,NA,NA,2011-06-06 15:52:00,0
2011-06-06 17:00:00,WIND,600702,1,HCM,1,18974,1011,170,15,170,21,1647,6,6,6,6,6,NA,NA,NA,NA,2011-06-06 16:52:00,0
2011-06-06 18:00:00,WIND,600702,1,HCM,1,18974,1011,160,17,160,22,1729,6,6,6,6,6,NA,NA,NA,NA,2011-06-06 17:52:00,0
2011-06-06 19:00:00,WIND,600702,1,HCM,1,18974,1011,150,17,160,21,1836,6,6,6,6,6,NA,NA,NA,NA,2011-06-06 18:52:00,0
2011-06-06 20:00:00,WIND,600702,1,HCM,1,18974,1011,150,16,160,23,1946,6,6,6,6,6,NA,NA,NA,NA,2011-06-06 19:52:00,0
2011-06-06 21:00:00,WIND,600702,1,HCM,1,18974,1011,150,17,140,23,2048,6,6,6,6,6,NA,NA,NA,NA,2011-06-06 20:56:00,0
2011-06-06 22:00:00,WIND,600702,1,HCM,1,18974,1011,140,19,140,25,2127,6,6,6,6,6,NA,NA,NA,NA,2011-06-06 21:52:00,0
2011-06-06 23:00:00,WIND,600702,1,HCM,1,18974,1011,140,19,140,25,2200,6,6,6,6,6,NA,NA,NA,NA,2011-06-06 22:52:00,0
2011-06-07 00:00:00,WIND,600702,1,HCM,1,18974,1011,140,19,140,25,2341,6,6,6,6,6,NA,NA,NA,NA,2011-06-06 23:52:00,0
2011-06-07 01:00:00,WIND,600702,1,HCM,1,18974,1011,130,19,130,25,36,6,6,6,6,6,NA,NA,NA,NA,2011-06-07 00:52:00,0
2011-06-07 02:00:00,WIND,600702,1,HCM,1,18974,1011,130,19,140,25,105,6,6,6,6,6,NA,NA,NA,NA,2011-06-07 01:52:00,0
2011-06-07 03:00:00,WIND,600702,1,HCM,1,18974,1011,120,19,130,25,218,6,6,6,6,6,NA,NA,NA,NA,2011-06-07 02:51:00,0
2011-06-07 04:00:00,WIND,600702,1,HCM,1,18974,1011,120,19,130,25,251,6,6,6,6,6,NA,NA,NA,NA,2011-06-07 03:51:00,0
2011-06-07 05:00:00,WIND,600702,1,HCM,1,18974,1011,120,18,120,25,435,6,6,6,6,6,NA,NA,NA,NA,2011-06-07 04:52:00,0
2011-06-07 06:00:00,WIND,600702,1,HCM,1,18974,1011,110,19,110,25,531,6,6,6,6,6,NA,NA,NA,NA,2011-06-07 05:52:00,0
2011-06-07 07:00:00,WIND,600702,1,HCM,1,18974,1011,110,16,120,22,550,6,6,6,6,6,NA,NA,NA,NA,2011-06-07 06:51:00,0
2011-06-07 08:00:00,WIND,600702,1,HCM,1,18974,1011,90,14,90,18,705,6,6,6,6,6,NA,NA,NA,NA,2011-06-07 07:51:00,0
2011-06-07 09:00:00,WIND,600702,1,HCM,1,18974,1011,100,15,100,22,809,6,6,6,6,6,NA,NA,NA,NA,2011-06-07 08:54:00,0
2011-06-07 10:00:00,WIND,600702,1,HCM,1,18974,1011,100,13,100,17,921,6,6,6,6,6,NA,NA,NA,NA,2011-06-07 09:52:00,0
2011-06-07 11:00:00,WIND,600702,1,HCM,1,18974,1011,100,14,100,21,1026,6,6,6,6,6,NA,NA,NA,NA,2011-06-07 10:52:00,0
2011-06-07 12:00:00,WIND,600702,1,HCM,1,18974,1011,90,12,100,17,1100,6,6,6,6,6,NA,NA,NA,NA,2011-06-07 11:52:00,0
2011-06-07 13:00:00,WIND,600702,1,HCM,1,18974,1011,100,11,110,21,1244,6,6,6,6,6,NA,NA,NA,NA,2011-06-07 12:52:00,0
2011-06-07 14:00:00,WIND,600702,1,HCM,1,18974,1011,100,12,110,20,1251,6,6,6,6,6,NA,NA,NA,NA,2011-06-07 13:52:00,0
2011-06-07 15:00:00,WIND,600702,1,HCM,1,18974,1011,70,9,70,14,1433,6,6,6,6,6,NA,NA,NA,NA,2011-06-07 14:52:00,0
2011-06-07 16:00:00,WIND,600702,1,HCM,1,18974,1011,50,11,50,16,1510,6,6,6,6,6,NA,NA,NA,NA,2011-06-07 15:52:00,0
2011-06-07 17:00:00,WIND,600702,1,HCM,1,18974,1011,40,12,40,16,1648,6,6,6,6,6,NA,NA,NA,NA,2011-06-07 16:52:00,0
2011-06-07 18:00:00,WIND,600702,1,HCM,1,18974,1011,50,14,40,20,1711,6,6,6,6,6,NA,NA,NA,NA,2011-06-07 17:52:00,0
2011-06-07 19:00:00,WIND,600702,1,HCM,1,18974,1011,60,9,70,21,1810,6,6,6,6,6,NA,NA,NA,NA,2011-06-07 18:51:00,0
2011-06-07 20:00:00,WIND,600702,1,HCM,1,18974,1011,110,4,140,8,1900,6,6,6,6,6,NA,NA,NA,NA,2011-06-07 19:52:00,0
2011-06-07 21:00:00,WIND,600702,1,HCM,1,18974,1011,120,4,120,6,2029,6,6,6,6,6,NA,NA,NA,NA,2011-06-07 20:54:00,0
2011-06-07 22:00:00,WIND,600702,1,HCM,1,18974,1011,120,4,130,6,2102,6,6,6,6,6,NA,NA,NA,NA,2011-06-07 21:52:00,0
2011-06-07 23:00:00,WIND,600702,1,HCM,1,18974,1011,90,2,60,3,2248,6,6,6,6,6,NA,NA,NA,NA,2011-06-07 22:52:00,0
2011-06-08 00:00:00,WIND,600702,1,HCM,1,18974,1011,50,4,120,9,2349,6,6,6,6,6,NA,NA,NA,NA,2011-06-07 23:52:00,0
2011-06-08 01:00:00,WIND,600702,1,HCM,1,18974,1011,100,5,130,14,2357,6,6,6,6,6,NA,NA,NA,NA,2011-06-08 00:53:00,0
2011-06-08 02:00:00,WIND,600702,1,HCM,1,18974,1011,40,5,40,7,123,6,6,6,6,6,NA,NA,NA,NA,2011-06-08 01:52:00,0
2011-06-08 03:00:00,WIND,600702,1,HCM,1,18974,1011,90,7,130,13,243,6,6,6,6,6,NA,NA,NA,NA,2011-06-08 02:51:00,0
2011-06-08 04:00:00,WIND,600702,1,HCM,1,18974,1011,100,5,120,10,250,6,6,6,6,6,NA,NA,NA,NA,2011-06-08 03:52:00,0
2011-06-08 05:00:00,WIND,600702,1,HCM,1,18974,1011,40,5,30,7,433,6,6,6,6,6,NA,NA,NA,NA,2011-06-08 04:52:00,0
2011-06-08 06:00:00,WIND,600702,1,HCM,1,18974,1011,50,7,40,9,459,6,6,6,6,6,NA,NA,NA,NA,2011-06-08 05:52:00,0
2011-06-08 07:00:00,WIND,600702,1,HCM,1,18974,1011,50,7,40,11,644,6,6,6,6,6,NA,NA,NA,NA,2011-06-08 06:52:00,0
2011-06-08 08:00:00,WIND,600702,1,HCM,1,18974,1011,40,9,40,13,731,6,6,6,6,6,NA,NA,NA,NA,2011-06-08 07:52:00,0
2011-06-08 09:00:00,WIND,600702,1,HCM,1,18974,1011,40,9,50,12,822,6,6,6,6,6,NA,NA,NA,NA,2011-06-08 08:54:00,0
2011-06-08 10:00:00,WIND,600702,1,HCM,1,18974,1011,20,9,10,12,947,6,6,6,6,6,NA,NA,NA,NA,2011-06-08 09:52:00,0
2011-06-08 11:00:00,WIND,600702,1,HCM,1,18974,1011,360,10,360,14,1008,6,6,6,6,6,NA,NA,NA,NA,2011-06-08 10:52:00,0
2011-06-08 12:00:00,WIND,600702,1,HCM,1,18974,1011,340,11,330,16,1131,6,6,6,6,6,NA,NA,NA,NA,2011-06-08 11:52:00,0
2011-06-08 13:00:00,WIND,600702,1,HCM,1,18974,1011,340,10,340,15,1240,6,6,6,6,6,NA,NA,NA,NA,2011-06-08 12:52:00,0
2011-06-08 14:00:00,WIND,600702,1,HCM,1,18974,1011,320,12,320,16,1316,6,6,6,6,6,NA,NA,NA,NA,2011-06-08 13:52:00,0
2011-06-08 15:00:00,WIND,600702,1,HCM,1,18974,1011,320,12,320,16,1401,6,6,6,6,6,NA,NA,NA,NA,2011-06-08 14:52:00,0
2011-06-08 16:00:00,WIND,600702,1,HCM,1,18974,1011,320,12,320,17,1545,6,6,6,6,6,NA,NA,NA,NA,2011-06-08 15:52:00,0
2011-06-08 17:00:00,WIND,600702,1,HCM,1,18974,1011,330,13,330,20,1648,6,6,6,6,6,NA,NA,NA,NA,2011-06-08 16:52:00,0
2011-06-08 18:00:00,WIND,600702,1,HCM,1,18974,1011,320,17,320,26,1743,6,6,6,6,6,NA,NA,NA,NA,2011-06-08 17:52:00,0
2011-06-08 19:00:00,WIND,600702,1,HCM,1,18974,1011,320,19,320,27,1811,6,6,6,6,6,NA,NA,NA,NA,2011-06-08 18:52:00,0
2011-06-08 20:00:00,WIND,600702,1,HCM,1,18974,1011,320,20,320,27,1947,6,6,6,6,6,NA,NA,NA,NA,2011-06-08 19:52:00,0
2011-06-08 21:00:00,WIND,600702,1,HCM,1,18974,1011,320,19,320,26,1955,6,6,6,6,6,NA,NA,NA,NA,2011-06-08 20:54:00,0
2011-06-08 22:00:00,WIND,600702,1,HCM,1,18974,1011,320,18,330,25,2053,6,6,6,6,6,NA,NA,NA,NA,2011-06-08 21:52:00,0
2011-06-08 23:00:00,WIND,600702,1,HCM,1,18974,1011,320,19,310,28,2248,6,6,6,6,6,NA,NA,NA,NA,2011-06-08 22:52:00,0
2011-06-09 00:00:00,WIND,600702,1,HCM,1,18974,1011,310,17,320,26,2254,6,6,6,6,6,NA,NA,NA,NA,2011-06-08 23:52:00,0
2011-06-09 01:00:00,WIND,600702,1,HCM,1,18974,1011,300,17,310,23,8,6,6,6,6,6,NA,NA,NA,NA,2011-06-09 00:53:00,0
2011-06-09 02:00:00,WIND,600702,1,HCM,1,18974,1011,310,13,310,20,123,6,6,6,6,6,NA,NA,NA,NA,2011-06-09 01:52:00,0
2011-06-09 03:00:00,WIND,600702,1,HCM,1,18974,1011,310,12,300,21,217,6,6,6,6,6,NA,NA,NA,NA,2011-06-09 02:52:00,0
2011-06-09 04:00:00,WIND,600702,1,HCM,1,18974,1011,320,16,320,23,328,6,6,6,6,6,NA,NA,NA,NA,2011-06-09 03:52:00,0
2011-06-09 05:00:00,WIND,600702,1,HCM,1,18974,1011,320,17,320,24,354,6,6,6,6,6,NA,NA,NA,NA,2011-06-09 04:52:00,0
2011-06-09 06:00:00,WIND,600702,1,HCM,1,18974,1011,320,17,310,25,542,6,6,6,6,6,NA,NA,NA,NA,2011-06-09 05:52:00,0
2011-06-09 07:00:00,WIND,600702,1,HCM,1,18974,1011,320,17,320,23,645,6,6,6,6,6,NA,NA,NA,NA,2011-06-09 06:52:00,0
2011-06-09 08:00:00,WIND,600702,1,HCM,1,18974,1011,320,15,330,22,704,6,6,6,6,6,NA,NA,NA,NA,2011-06-09 07:51:00,0
2011-06-09 09:00:00,WIND,600702,1,HCM,1,18974,1011,310,17,300,24,811,6,6,6,6,6,NA,NA,NA,NA,2011-06-09 08:54:00,0
2011-06-09 10:00:00,WIND,600702,1,HCM,1,18974,1011,300,17,300,24,901,6,6,6,6,6,NA,NA,NA,NA,2011-06-09 09:52:00,0
2011-06-09 11:00:00,WIND,600702,1,HCM,1,18974,1011,300,16,300,22,1036,6,6,6,6,6,NA,NA,NA,NA,2011-06-09 10:52:00,0
2011-06-09 12:00:00,WIND,600702,1,HCM,1,18974,1011,280,16,270,23,1111,6,6,6,6,6,NA,NA,NA,NA,2011-06-09 11:52:00,0
2011-06-09 13:00:00,WIND,600702,1,HCM,1,18974,1011,280,17,250,27,1159,6,6,6,6,6,NA,NA,NA,NA,2011-06-09 12:52:00,0
2011-06-09 14:00:00,WIND,600702,1,HCM,1,18974,1011,270,14,260,22,1334,6,6,6,6,6,NA,NA,NA,NA,2011-06-09 13:52:00,0
2011-06-09 20:00:00,WIND,600702,1,HCM,1,18974,1011,240,9,240,21,1929,6,6,6,6,6,NA,NA,NA,NA,2011-06-09 19:52:00,0
2011-06-09 21:00:00,WIND,600702,1,HCM,1,18974,1011,220,5,230,7,1959,6,6,6,6,6,NA,NA,NA,NA,2011-06-09 20:53:00,0
2011-06-09 22:00:00,WIND,600702,1,HCM,1,18974,1011,220,7,240,15,2116,6,6,6,6,6,NA,NA,NA,NA,2011-06-09 21:52:00,0
2011-06-09 23:00:00,WIND,600702,1,HCM,1,18974,1011,200,8,190,15,2238,6,6,6,6,6,NA,NA,NA,NA,2011-06-09 22:52:00,0
2011-06-10 00:00:00,WIND,600702,1,HCM,1,18974,1011,200,11,200,18,2349,6,6,6,6,6,NA,NA,NA,NA,2011-06-09 23:52:00,0
2011-06-10 01:00:00,WIND,600702,1,HCM,1,18974,1011,190,11,190,21,2357,6,6,6,6,6,NA,NA,NA,NA,2011-06-10 00:52:00,0
2011-06-10 02:00:00,WIND,600702,1,HCM,1,18974,1011,190,15,180,20,57,6,6,6,6,6,NA,NA,NA,NA,2011-06-10 01:52:00,0
2011-06-10 03:00:00,WIND,600702,1,HCM,1,18974,1011,200,12,190,24,205,6,6,6,6,6,NA,NA,NA,NA,2011-06-10 02:52:00,0
2011-06-10 04:00:00,WIND,600702,1,HCM,1,18974,1011,200,12,180,18,301,6,6,6,6,6,NA,NA,NA,NA,2011-06-10 03:52:00,0
2011-06-10 05:00:00,WIND,600702,1,HCM,1,18974,1011,210,9,200,14,422,6,6,6,6,6,NA,NA,NA,NA,2011-06-10 04:52:00,0
2011-06-10 06:00:00,WIND,600702,1,HCM,1,18974,1011,200,12,190,17,537,6,6,6,6,6,NA,NA,NA,NA,2011-06-10 05:52:00,0
2011-06-10 07:00:00,WIND,600702,1,HCM,1,18974,1011,190,14,190,18,622,6,6,6,6,6,NA,NA,NA,NA,2011-06-10 06:52:00,0
2011-06-10 08:00:00,WIND,600702,1,HCM,1,18974,1011,190,14,190,20,702,6,6,6,6,6,NA,NA,NA,NA,2011-06-10 07:52:00,0
2011-06-10 09:00:00,WIND,600702,1,HCM,1,18974,1011,190,16,190,21,828,6,6,6,6,6,NA,NA,NA,NA,2011-06-10 08:53:00,0
2011-06-10 10:00:00,WIND,600702,1,HCM,1,18974,1011,190,17,190,23,918,6,6,6,6,6,NA,NA,NA,NA,2011-06-10 09:52:00,0
2011-06-10 11:00:00,WIND,600702,1,HCM,1,18974,1011,190,16,180,21,1019,6,6,6,6,6,NA,NA,NA,NA,2011-06-10 10:52:00,0
2011-06-10 12:00:00,WIND,600702,1,HCM,1,18974,1011,180,15,180,21,1145,6,6,6,6,6,NA,NA,NA,NA,2011-06-10 11:52:00,0
2011-06-10 13:00:00,WIND,600702,1,HCM,1,18974,1011,190,15,190,21,1207,6,6,6,6,6,NA,NA,NA,NA,2011-06-10 12:52:00,0
2011-06-10 14:00:00,WIND,600702,1,HCM,1,18974,1011,180,14,190,18,1308,6,6,6,6,6,NA,NA,NA,NA,2011-06-10 13:52:00,0
2011-06-10 15:00:00,WIND,600702,1,HCM,1,18974,1011,180,13,190,18,1414,6,6,6,6,6,NA,NA,NA,NA,2011-06-10 14:52:00,0
2011-06-10 16:00:00,WIND,600702,1,HCM,1,18974,1011,180,13,190,17,1523,6,6,6,6,6,NA,NA,NA,NA,2011-06-10 15:52:00,0
2011-06-10 17:00:00,WIND,600702,1,HCM,1,18974,1011,190,12,190,17,1630,6,6,6,6,6,NA,NA,NA,NA,2011-06-10 16:52:00,0
2011-06-10 18:00:00,WIND,600702,1,HCM,1,18974,1011,210,10,220,15,1700,6,6,6,6,6,NA,NA,NA,NA,2011-06-10 17:52:00,0
2011-06-10 19:00:00,WIND,600702,1,HCM,1,18974,1011,220,9,230,13,1756,6,6,6,6,6,NA,NA,NA,NA,2011-06-10 18:52:00,0
2011-06-10 20:00:00,WIND,600702,1,HCM,1,18974,1011,210,9,220,13,1851,6,6,6,6,6,NA,NA,NA,NA,2011-06-10 19:52:00,0
2011-06-10 21:00:00,WIND,600702,1,HCM,1,18974,1011,200,9,190,13,2037,6,6,6,6,6,NA,NA,NA,NA,2011-06-10 20:53:00,0
2011-06-10 22:00:00,WIND,600702,1,HCM,1,18974,1011,200,9,200,12,2148,6,6,6,6,6,NA,NA,NA,NA,2011-06-10 21:52:00,0
2011-06-10 23:00:00,WIND,600702,1,HCM,1,18974,1011,200,7,200,11,2242,6,6,6,6,6,NA,NA,NA,NA,2011-06-10 22:52:00,0
2011-06-11 00:00:00,WIND,600702,1,HCM,1,18974,1011,200,6,200,10,2250,6,6,6,6,6,NA,NA,NA,NA,2011-06-10 23:52:00,0
2011-06-11 01:00:00,WIND,600702,1,HCM,1,18974,1011,220,3,210,5,2357,6,6,6,6,6,NA,NA,NA,NA,2011-06-11 00:53:00,0
2011-06-11 02:00:00,WIND,600702,1,HCM,1,18974,1011,300,1,300,3,112,6,6,6,6,6,NA,NA,NA,NA,2011-06-11 01:52:00,0
2011-06-11 03:00:00,WIND,600702,1,HCM,1,18974,1011,130,3,130,5,204,6,6,6,6,6,NA,NA,NA,NA,2011-06-11 02:52:00,0
2011-06-11 04:00:00,WIND,600702,1,HCM,1,18974,1011,170,3,170,5,337,6,6,6,6,6,NA,NA,NA,NA,2011-06-11 03:52:00,0
2011-06-11 05:00:00,WIND,600702,1,HCM,1,18974,1011,160,4,170,6,420,6,6,6,6,6,NA,NA,NA,NA,2011-06-11 04:52:00,0
2011-06-11 06:00:00,WIND,600702,1,HCM,1,18974,1011,180,3,170,6,523,6,6,6,6,6,NA,NA,NA,NA,2011-06-11 05:52:00,0
2011-06-11 07:00:00,WIND,600702,1,HCM,1,18974,1011,250,4,210,6,606,6,6,6,6,6,NA,NA,NA,NA,2011-06-11 06:52:00,0
2011-06-11 08:00:00,WIND,600702,1,HCM,1,18974,1011,300,3,250,7,721,6,6,6,6,6,NA,NA,NA,NA,2011-06-11 07:52:00,0
2011-06-11 09:00:00,WIND,600702,1,HCM,1,18974,1011,340,3,330,5,830,6,6,6,6,6,NA,NA,NA,NA,2011-06-11 08:53:00,0
2011-06-11 10:00:00,WIND,600702,1,HCM,1,18974,1011,330,3,320,8,852,6,6,6,6,6,NA,NA,NA,NA,2011-06-11 09:52:00,0
2011-06-11 11:00:00,WIND,600702,1,HCM,1,18974,1011,320,5,330,9,1047,6,6,6,6,6,NA,NA,NA,NA,2011-06-11 10:52:00,0
2011-06-11 12:00:00,WIND,600702,1,HCM,1,18974,1011,330,7,340,10,1111,6,6,6,6,6,NA,NA,NA,NA,2011-06-11 11:52:00,0
2011-06-11 13:00:00,WIND,600702,1,HCM,1,18974,1011,350,7,350,12,1219,6,6,6,6,6,NA,NA,NA,NA,2011-06-11 12:52:00,0
2011-06-11 14:00:00,WIND,600702,1,HCM,1,18974,1011,330,8,330,12,1345,6,6,6,6,6,NA,NA,NA,NA,2011-06-11 13:52:00,0
2011-06-11 15:00:00,WIND,600702,1,HCM,1,18974,1011,310,9,320,14,1418,6,6,6,6,6,NA,NA,NA,NA,2011-06-11 14:52:00,0
2011-06-11 16:00:00,WIND,600702,1,HCM,1,18974,1011,310,10,300,14,1533,6,6,6,6,6,NA,NA,NA,NA,2011-06-11 15:52:00,0
2011-06-11 17:00:00,WIND,600702,1,HCM,1,18974,1011,310,11,300,14,1600,6,6,6,6,6,NA,NA,NA,NA,2011-06-11 16:52:00,0
2011-06-11 18:00:00,WIND,600702,1,HCM,1,18974,1011,310,11,310,15,1732,6,6,6,6,6,NA,NA,NA,NA,2011-06-11 17:52:00,0
2011-06-11 19:00:00,WIND,600702,1,HCM,1,18974,1011,320,11,320,15,1808,6,6,6,6,6,NA,NA,NA,NA,2011-06-11 18:52:00,0
2011-06-11 20:00:00,WIND,600702,1,HCM,1,18974,1011,320,9,320,13,1853,6,6,6,6,6,NA,NA,NA,NA,2011-06-11 19:52:00,0
2011-06-11 21:00:00,WIND,600702,1,HCM,1,18974,1011,330,7,340,9,1952,6,6,6,6,6,NA,NA,NA,NA,2011-06-11 20:53:00,0
2011-06-11 22:00:00,WIND,600702,1,HCM,1,18974,1011,320,6,320,8,2050,6,6,6,6,6,NA,NA,NA,NA,2011-06-11 21:52:00,0
2011-06-11 23:00:00,WIND,600702,1,HCM,1,18974,1011,330,5,340,7,2241,6,6,6,6,6,NA,NA,NA,NA,2011-06-11 22:52:00,0
2011-06-12 00:00:00,WIND,600702,1,HCM,1,18974,1011,340,6,360,8,2340,6,6,6,6,6,NA,NA,NA,NA,2011-06-11 23:53:00,0
2011-06-12 01:00:00,WIND,600702,1,HCM,1,18974,1011,350,5,360,7,2354,6,6,6,6,6,NA,NA,NA,NA,2011-06-12 00:52:00,0
2011-06-12 02:00:00,WIND,600702,1,HCM,1,18974,1011,320,4,340,5,50,6,6,6,6,6,NA,NA,NA,NA,2011-06-12 01:52:00,0
2011-06-12 03:00:00,WIND,600702,1,HCM,1,18974,1011,310,4,320,5,214,6,6,6,6,6,NA,NA,NA,NA,2011-06-12 02:52:00,0
2011-06-12 04:00:00,WIND,600702,1,HCM,1,18974,1011,320,3,320,5,253,6,6,6,6,6,NA,NA,NA,NA,2011-06-12 03:52:00,0
2011-06-12 05:00:00,WIND,600702,1,HCM,1,18974,1011,310,2,300,3,434,6,6,6,6,6,NA,NA,NA,NA,2011-06-12 04:52:00,0
2011-06-12 06:00:00,WIND,600702,1,HCM,1,18974,1011,10,1,30,2,528,6,6,6,6,6,NA,NA,NA,NA,2011-06-12 05:52:00,0
2011-06-12 07:00:00,WIND,600702,1,HCM,1,18974,1011,60,3,90,5,649,6,6,6,6,6,NA,NA,NA,NA,2011-06-12 06:52:00,0
2011-06-12 08:00:00,WIND,600702,1,HCM,1,18974,1011,100,7,120,11,738,6,6,6,6,6,NA,NA,NA,NA,2011-06-12 07:52:00,0
2011-06-12 09:00:00,WIND,600702,1,HCM,1,18974,1011,120,10,140,14,838,6,6,6,6,6,NA,NA,NA,NA,2011-06-12 08:55:00,0
2011-06-12 10:00:00,WIND,600702,1,HCM,1,18974,1011,130,10,130,14,925,6,6,6,6,6,NA,NA,NA,NA,2011-06-12 09:52:00,0
2011-06-12 11:00:00,WIND,600702,1,HCM,1,18974,1011,130,11,130,15,1048,6,6,6,6,6,NA,NA,NA,NA,2011-06-12 10:52:00,0
2011-06-12 12:00:00,WIND,600702,1,HCM,1,18974,1011,120,12,110,16,1145,6,6,6,6,6,NA,NA,NA,NA,2011-06-12 11:52:00,0
2011-06-12 13:00:00,WIND,600702,1,HCM,1,18974,1011,120,12,120,17,1212,6,6,6,6,6,NA,NA,NA,NA,2011-06-12 12:52:00,0
2011-06-12 14:00:00,WIND,600702,1,HCM,1,18974,1011,130,10,130,14,1250,6,6,6,6,6,NA,NA,NA,NA,2011-06-12 13:52:00,0
2011-06-12 15:00:00,WIND,600702,1,HCM,1,18974,1011,100,9,60,17,1440,6,6,6,6,6,NA,NA,NA,NA,2011-06-12 14:52:00,0
2011-06-12 16:00:00,WIND,600702,1,HCM,1,18974,1011,40,13,40,16,1530,6,6,6,6,6,NA,NA,NA,NA,2011-06-12 15:52:00,0
2011-06-12 17:00:00,WIND,600702,1,HCM,1,18974,1011,30,13,40,17,1600,6,6,6,6,6,NA,NA,NA,NA,2011-06-12 16:52:00,0
2011-06-12 18:00:00,WIND,600702,1,HCM,1,18974,1011,30,12,30,16,1726,6,6,6,6,6,NA,NA,NA,NA,2011-06-12 17:52:00,0
2011-06-12 19:00:00,WIND,600702,1,HCM,1,18974,1011,40,12,40,17,1803,6,6,6,6,6,NA,NA,NA,NA,2011-06-12 18:52:00,0
2011-06-12 20:00:00,WIND,600702,1,HCM,1,18974,1011,40,11,40,14,1939,6,6,6,6,6,NA,NA,NA,NA,2011-06-12 19:52:00,0
2011-06-12 21:00:00,WIND,600702,1,HCM,1,18974,1011,70,9,70,13,2019,6,6,6,6,6,NA,NA,NA,NA,2011-06-12 20:55:00,0
2011-06-12 22:00:00,WIND,600702,1,HCM,1,18974,1011,100,9,100,14,2108,6,6,6,6,6,NA,NA,NA,NA,2011-06-12 21:52:00,0
2011-06-12 23:00:00,WIND,600702,1,HCM,1,18974,1011,110,8,120,13,2156,6,6,6,6,6,NA,NA,NA,NA,2011-06-12 22:52:00,0
2011-06-13 00:00:00,WIND,600702,1,HCM,1,18974,1011,90,8,90,12,2312,6,6,6,6,6,NA,NA,NA,NA,2011-06-12 23:52:00,0
2011-06-13 01:00:00,WIND,600702,1,HCM,1,18974,1011,80,7,80,10,49,6,6,6,6,6,NA,NA,NA,NA,2011-06-13 00:52:00,0
2011-06-13 02:00:00,WIND,600702,1,HCM,1,18974,1011,70,7,70,11,51,6,6,6,6,6,NA,NA,NA,NA,2011-06-13 01:52:00,0
2011-06-13 03:00:00,WIND,600702,1,HCM,1,18974,1011,70,7,90,13,242,6,6,6,6,6,NA,NA,NA,NA,2011-06-13 02:52:00,0
2011-06-13 04:00:00,WIND,600702,1,HCM,1,18974,1011,100,9,100,14,333,6,6,6,6,6,NA,NA,NA,NA,2011-06-13 03:52:00,0
2011-06-13 05:00:00,WIND,600702,1,HCM,1,18974,1011,100,6,100,11,350,6,6,6,6,6,NA,NA,NA,NA,2011-06-13 04:52:00,0
2011-06-13 06:00:00,WIND,600702,1,HCM,1,18974,1011,100,3,90,6,453,6,6,6,6,6,NA,NA,NA,NA,2011-06-13 05:52:00,0
2011-06-13 07:00:00,WIND,600702,1,HCM,1,18974,1011,350,1,280,4,647,6,6,6,6,6,NA,NA,NA,NA,2011-06-13 06:52:00,0
2011-06-13 08:00:00,WIND,600702,1,HCM,1,18974,1011,280,5,270,8,746,6,6,6,6,6,NA,NA,NA,NA,2011-06-13 07:52:00,0
2011-06-13 09:00:00,WIND,600702,1,HCM,1,18974,1011,280,8,270,15,847,6,6,6,6,6,NA,NA,NA,NA,2011-06-13 08:54:00,0
2011-06-13 10:00:00,WIND,600702,1,HCM,1,18974,1011,290,13,290,19,949,6,6,6,6,6,NA,NA,NA,NA,2011-06-13 09:52:00,0
2011-06-13 11:00:00,WIND,600702,1,HCM,1,18974,1011,300,16,300,24,1018,6,6,6,6,6,NA,NA,NA,NA,2011-06-13 10:52:00,0
2011-06-13 12:00:00,WIND,600702,1,HCM,1,18974,1011,310,14,320,20,1125,6,6,6,6,6,NA,NA,NA,NA,2011-06-13 11:52:00,0
2011-06-13 13:00:00,WIND,600702,1,HCM,1,18974,1011,320,13,320,18,1155,6,6,6,6,6,NA,NA,NA,NA,2011-06-13 12:52:00,0
2011-06-13 14:00:00,WIND,600702,1,HCM,1,18974,1011,330,12,330,17,1314,6,6,6,6,6,NA,NA,NA,NA,2011-06-13 13:52:00,0
2011-06-13 15:00:00,WIND,600702,1,HCM,1,18974,1011,330,12,330,17,1405,6,6,6,6,6,NA,NA,NA,NA,2011-06-13 14:52:00,0
2011-06-13 16:00:00,WIND,600702,1,HCM,1,18974,1011,310,11,320,16,1456,6,6,6,6,6,NA,NA,NA,NA,2011-06-13 15:52:00,0
2011-06-13 17:00:00,WIND,600702,1,HCM,1,18974,1011,310,8,310,13,1603,6,6,6,6,6,NA,NA,NA,NA,2011-06-13 16:52:00,0
2011-06-13 18:00:00,WIND,600702,1,HCM,1,18974,1011,300,8,280,13,1724,6,6,6,6,6,NA,NA,NA,NA,2011-06-13 17:52:00,0
2011-06-13 19:00:00,WIND,600702,1,HCM,1,18974,1011,300,9,290,13,1849,6,6,6,6,6,NA,NA,NA,NA,2011-06-13 18:52:00,0
2011-06-13 20:00:00,WIND,600702,1,HCM,1,18974,1011,300,12,300,17,1908,6,6,6,6,6,NA,NA,NA,NA,2011-06-13 19:52:00,0
2011-06-13 21:00:00,WIND,600702,1,HCM,1,18974,1011,300,9,290,14,2027,6,6,6,6,6,NA,NA,NA,NA,2011-06-13 20:55:00,0
2011-06-13 22:00:00,WIND,600702,1,HCM,1,18974,1011,290,9,300,13,2057,6,6,6,6,6,NA,NA,NA,NA,2011-06-13 21:52:00,0
2011-06-13 23:00:00,WIND,600702,1,HCM,1,18974,1011,290,9,300,12,2233,6,6,6,6,6,NA,NA,NA,NA,2011-06-13 22:52:00,0
2011-06-14 00:00:00,WIND,600702,1,HCM,1,18974,1011,290,8,290,12,2250,6,6,6,6,6,NA,NA,NA,NA,2011-06-13 23:52:00,0
2011-06-14 01:00:00,WIND,600702,1,HCM,1,18974,1011,290,7,290,10,2351,6,6,6,6,6,NA,NA,NA,NA,2011-06-14 00:52:00,0
2011-06-14 02:00:00,WIND,600702,1,HCM,1,18974,1011,270,7,270,11,149,6,6,6,6,6,NA,NA,NA,NA,2011-06-14 01:52:00,0
2011-06-14 03:00:00,WIND,600702,1,HCM,1,18974,1011,270,8,270,11,152,6,6,6,6,6,NA,NA,NA,NA,2011-06-14 02:51:00,0
2011-06-14 04:00:00,WIND,600702,1,HCM,1,18974,1011,280,7,280,10,251,6,6,6,6,6,NA,NA,NA,NA,2011-06-14 03:52:00,0
2011-06-14 05:00:00,WIND,600702,1,HCM,1,18974,1011,260,6,260,8,433,6,6,6,6,6,NA,NA,NA,NA,2011-06-14 04:52:00,0
2011-06-14 06:00:00,WIND,600702,1,HCM,1,18974,1011,260,6,250,9,545,6,6,6,6,6,NA,NA,NA,NA,2011-06-14 05:52:00,0
2011-06-14 07:00:00,WIND,600702,1,HCM,1,18974,1011,260,8,250,12,555,6,6,6,6,6,NA,NA,NA,NA,2011-06-14 06:51:00,0
2011-06-14 08:00:00,WIND,600702,1,HCM,1,18974,1011,250,9,250,14,659,6,6,6,6,6,NA,NA,NA,NA,2011-06-14 07:51:00,0
2011-06-14 09:00:00,WIND,600702,1,HCM,1,18974,1011,250,8,220,14,848,6,6,6,6,6,NA,NA,NA,NA,2011-06-14 08:54:00,0
2011-06-14 10:00:00,WIND,600702,1,HCM,1,18974,1011,220,8,190,14,947,6,6,6,6,6,NA,NA,NA,NA,2011-06-14 09:51:00,0
2011-06-14 11:00:00,WIND,600702,1,HCM,1,18974,1011,190,11,170,15,1043,6,6,6,6,6,NA,NA,NA,NA,2011-06-14 10:52:00,0
2011-06-14 12:00:00,WIND,600702,1,HCM,1,18974,1011,190,11,190,15,1113,6,6,6,6,6,NA,NA,NA,NA,2011-06-14 11:52:00,0
2011-06-14 13:00:00,WIND,600702,1,HCM,1,18974,1011,190,12,190,15,1248,6,6,6,6,6,NA,NA,NA,NA,2011-06-14 12:52:00,0
2011-06-14 14:00:00,WIND,600702,1,HCM,1,18974,1011,180,9,190,15,1252,6,6,6,6,6,NA,NA,NA,NA,2011-06-14 13:51:00,0
2011-06-14 15:00:00,WIND,600702,1,HCM,1,18974,1011,160,8,140,12,1448,6,6,6,6,6,NA,NA,NA,NA,2011-06-14 14:52:00,0
2011-06-14 16:00:00,WIND,600702,1,HCM,1,18974,1011,130,10,120,13,1540,6,6,6,6,6,NA,NA,NA,NA,2011-06-14 15:52:00,0
2011-06-14 17:00:00,WIND,600702,1,HCM,1,18974,1011,130,11,130,15,1647,6,6,6,6,6,NA,NA,NA,NA,2011-06-14 16:52:00,0
2011-06-14 18:00:00,WIND,600702,1,HCM,1,18974,1011,130,13,130,18,1738,6,6,6,6,6,NA,NA,NA,NA,2011-06-14 17:52:00,0
2011-06-14 19:00:00,WIND,600702,1,HCM,1,18974,1011,140,16,140,22,1833,6,6,6,6,6,NA,NA,NA,NA,2011-06-14 18:52:00,0
2011-06-14 20:00:00,WIND,600702,1,HCM,1,18974,1011,140,15,140,21,1858,6,6,6,6,6,NA,NA,NA,NA,2011-06-14 19:52:00,0
2011-06-14 21:00:00,WIND,600702,1,HCM,1,18974,1011,140,17,140,25,2042,6,6,6,6,6,NA,NA,NA,NA,2011-06-14 20:54:00,0
2011-06-14 22:00:00,WIND,600702,1,HCM,1,18974,1011,140,19,140,24,2141,6,6,6,6,6,NA,NA,NA,NA,2011-06-14 21:51:00,0
2011-06-14 23:00:00,WIND,600702,1,HCM,1,18974,1011,150,19,150,27,2217,6,6,6,6,6,NA,NA,NA,NA,2011-06-14 22:52:00,0
2011-06-15 00:00:00,WIND,600702,1,HCM,1,18974,1011,150,20,160,27,2342,6,6,6,6,6,NA,NA,NA,NA,2011-06-14 23:52:00,0
2011-06-15 01:00:00,WIND,600702,1,HCM,1,18974,1011,160,20,160,29,26,6,6,6,6,6,NA,NA,NA,NA,2011-06-15 00:53:00,0
2011-06-15 02:00:00,WIND,600702,1,HCM,1,18974,1011,160,21,160,27,149,6,6,6,6,6,NA,NA,NA,NA,2011-06-15 01:52:00,0
2011-06-15 03:00:00,WIND,600702,1,HCM,1,18974,1011,150,19,150,27,153,6,6,6,6,6,NA,NA,NA,NA,2011-06-15 02:52:00,0
2011-06-15 04:00:00,WIND,600702,1,HCM,1,18974,1011,160,18,160,25,344,6,6,6,6,6,NA,NA,NA,NA,2011-06-15 03:52:00,0
2011-06-15 05:00:00,WIND,600702,1,HCM,1,18974,1011,160,19,160,25,357,6,6,6,6,6,NA,NA,NA,NA,2011-06-15 04:52:00,0
2011-06-15 06:00:00,WIND,600702,1,HCM,1,18974,1011,180,18,170,25,455,6,6,6,6,6,NA,NA,NA,NA,2011-06-15 05:52:00,0
2011-06-15 07:00:00,WIND,600702,1,HCM,1,18974,1011,190,17,190,24,552,6,6,6,6,6,NA,NA,NA,NA,2011-06-15 06:52:00,0
2011-06-15 08:00:00,WIND,600702,1,HCM,1,18974,1011,190,14,190,19,701,6,6,6,6,6,NA,NA,NA,NA,2011-06-15 07:51:00,0
2011-06-15 09:00:00,WIND,600702,1,HCM,1,18974,1011,210,12,190,20,800,6,6,6,6,6,NA,NA,NA,NA,2011-06-15 08:55:00,0
2011-06-15 10:00:00,WIND,600702,1,HCM,1,18974,1011,230,13,230,17,929,6,6,6,6,6,NA,NA,NA,NA,2011-06-15 09:52:00,0
2011-06-15 11:00:00,WIND,600702,1,HCM,1,18974,1011,240,13,240,18,1021,6,6,6,6,6,NA,NA,NA,NA,2011-06-15 10:52:00,0
2011-06-15 12:00:00,WIND,600702,1,HCM,1,18974,1011,230,12,220,19,1149,6,6,6,6,6,NA,NA,NA,NA,2011-06-15 11:52:00,0
2011-06-15 13:00:00,WIND,600702,1,HCM,1,18974,1011,230,14,220,20,1247,6,6,6,6,6,NA,NA,NA,NA,2011-06-15 12:52:00,0
2011-06-15 14:00:00,WIND,600702,1,HCM,1,18974,1011,230,13,230,20,1251,6,6,6,6,6,NA,NA,NA,NA,2011-06-15 13:52:00,0
2011-06-15 15:00:00,WIND,600702,1,HCM,1,18974,1011,230,12,210,19,1410,6,6,6,6,6,NA,NA,NA,NA,2011-06-15 14:52:00,0
2011-06-15 16:00:00,WIND,600702,1,HCM,1,18974,1011,210,10,230,17,1450,6,6,6,6,6,NA,NA,NA,NA,2011-06-15 15:52:00,0
2011-06-15 17:00:00,WIND,600702,1,HCM,1,18974,1011,200,9,240,14,1632,6,6,6,6,6,NA,NA,NA,NA,2011-06-15 16:52:00,0
2011-06-15 18:00:00,WIND,600702,1,HCM,1,18974,1011,180,9,190,12,1653,6,6,6,6,6,NA,NA,NA,NA,2011-06-15 17:52:00,0
2011-06-15 19:00:00,WIND,600702,1,HCM,1,18974,1011,180,9,170,13,1817,6,6,6,6,6,NA,NA,NA,NA,2011-06-15 18:52:00,0
2011-06-15 20:00:00,WIND,600702,1,HCM,1,18974,1011,190,8,190,12,1850,6,6,6,6,6,NA,NA,NA,NA,2011-06-15 19:52:00,0
2011-06-15 21:00:00,WIND,600702,1,HCM,1,18974,1011,190,7,190,10,2033,6,6,6,6,6,NA,NA,NA,NA,2011-06-15 20:55:00,0
2011-06-15 22:00:00,WIND,600702,1,HCM,1,18974,1011,200,7,200,10,2103,6,6,6,6,6,NA,NA,NA,NA,2011-06-15 21:52:00,0
2011-06-15 23:00:00,WIND,600702,1,HCM,1,18974,1011,190,7,190,11,2237,6,6,6,6,6,NA,NA,NA,NA,2011-06-15 22:52:00,0
2011-06-16 00:00:00,WIND,600702,1,HCM,1,18974,1011,180,9,170,11,2329,6,6,6,6,6,NA,NA,NA,NA,2011-06-15 23:52:00,0
2011-06-16 01:00:00,WIND,600702,1,HCM,1,18974,1011,170,9,170,12,46,6,6,6,6,6,NA,NA,NA,NA,2011-06-16 00:52:00,0
2011-06-16 02:00:00,WIND,600702,1,HCM,1,18974,1011,180,9,180,13,130,6,6,6,6,6,NA,NA,NA,NA,2011-06-16 01:52:00,0
2011-06-16 03:00:00,WIND,600702,1,HCM,1,18974,1011,170,9,170,13,209,6,6,6,6,6,NA,NA,NA,NA,2011-06-16 02:52:00,0
2011-06-16 04:00:00,WIND,600702,1,HCM,1,18974,1011,190,8,180,13,315,6,6,6,6,6,NA,NA,NA,NA,2011-06-16 03:52:00,0
2011-06-16 05:00:00,WIND,600702,1,HCM,1,18974,1011,190,7,170,15,437,6,6,6,6,6,NA,NA,NA,NA,2011-06-16 04:52:00,0
2011-06-16 06:00:00,WIND,600702,1,HCM,1,18974,1011,170,10,170,15,507,6,6,6,6,6,NA,NA,NA,NA,2011-06-16 05:52:00,0
2011-06-16 07:00:00,WIND,600702,1,HCM,1,18974,1011,180,10,180,14,629,6,6,6,6,6,NA,NA,NA,NA,2011-06-16 06:52:00,0
2011-06-16 08:00:00,WIND,600702,1,HCM,1,18974,1011,180,11,180,15,736,6,6,6,6,6,NA,NA,NA,NA,2011-06-16 07:52:00,0
2011-06-16 09:00:00,WIND,600702,1,HCM,1,18974,1011,170,12,170,17,839,6,6,6,6,6,NA,NA,NA,NA,2011-06-16 08:55:00,0
2011-06-16 10:00:00,WIND,600702,1,HCM,1,18974,1011,190,12,180,18,931,6,6,6,6,6,NA,NA,NA,NA,2011-06-16 09:52:00,0
2011-06-16 11:00:00,WIND,600702,1,HCM,1,18974,1011,190,13,180,17,1034,6,6,6,6,6,NA,NA,NA,NA,2011-06-16 10:52:00,0
2011-06-16 12:00:00,WIND,600702,1,HCM,1,18974,1011,190,13,180,18,1106,6,6,6,6,6,NA,NA,NA,NA,2011-06-16 11:52:00,0
2011-06-16 13:00:00,WIND,600702,1,HCM,1,18974,1011,190,14,190,18,1202,6,6,6,6,6,NA,NA,NA,NA,2011-06-16 12:52:00,0
2011-06-16 14:00:00,WIND,600702,1,HCM,1,18974,1011,200,13,190,18,1303,6,6,6,6,6,NA,NA,NA,NA,2011-06-16 13:52:00,0
2011-06-16 15:00:00,WIND,600702,1,HCM,1,18974,1011,180,12,190,16,1404,6,6,6,6,6,NA,NA,NA,NA,2011-06-16 14:52:00,0
2011-06-16 16:00:00,WIND,600702,1,HCM,1,18974,1011,180,12,190,15,1531,6,6,6,6,6,NA,NA,NA,NA,2011-06-16 15:51:00,0
2011-06-16 17:00:00,WIND,600702,1,HCM,1,18974,1011,180,13,190,18,1643,6,6,6,6,6,NA,NA,NA,NA,2011-06-16 16:52:00,0
2011-06-16 18:00:00,WIND,600702,1,HCM,1,18974,1011,190,13,190,17,1725,6,6,6,6,6,NA,NA,NA,NA,2011-06-16 17:51:00,0
2011-06-16 19:00:00,WIND,600702,1,HCM,1,18974,1011,190,13,190,17,1752,6,6,6,6,6,NA,NA,NA,NA,2011-06-16 18:52:00,0
2011-06-16 20:00:00,WIND,600702,1,HCM,1,18974,1011,190,12,190,17,1857,6,6,6,6,6,NA,NA,NA,NA,2011-06-16 19:51:00,0
2011-06-16 21:00:00,WIND,600702,1,HCM,1,18974,1011,190,11,190,15,2036,6,6,6,6,6,NA,NA,NA,NA,2011-06-16 20:54:00,0
2011-06-16 22:00:00,WIND,600702,1,HCM,1,18974,1011,190,11,190,16,2125,6,6,6,6,6,NA,NA,NA,NA,2011-06-16 21:52:00,0
2011-06-16 23:00:00,WIND,600702,1,HCM,1,18974,1011,200,9,190,13,2150,6,6,6,6,6,NA,NA,NA,NA,2011-06-16 22:52:00,0
2011-06-17 00:00:00,WIND,600702,1,HCM,1,18974,1011,190,11,190,17,2319,6,6,6,6,6,NA,NA,NA,NA,2011-06-16 23:52:00,0
2011-06-17 01:00:00,WIND,600702,1,HCM,1,18974,1011,170,11,170,16,39,6,6,6,6,6,NA,NA,NA,NA,2011-06-17 00:52:00,0
2011-06-17 02:00:00,WIND,600702,1,HCM,1,18974,1011,190,13,190,18,123,6,6,6,6,6,NA,NA,NA,NA,2011-06-17 01:52:00,0
2011-06-17 03:00:00,WIND,600702,1,HCM,1,18974,1011,190,12,190,16,157,6,6,6,6,6,NA,NA,NA,NA,2011-06-17 02:52:00,0
2011-06-17 04:00:00,WIND,600702,1,HCM,1,18974,1011,190,12,190,17,323,6,6,6,6,6,NA,NA,NA,NA,2011-06-17 03:52:00,0
2011-06-17 05:00:00,WIND,600702,1,HCM,1,18974,1011,180,14,180,20,431,6,6,6,6,6,NA,NA,NA,NA,2011-06-17 04:52:00,0
2011-06-17 06:00:00,WIND,600702,1,HCM,1,18974,1011,160,13,160,19,546,6,6,6,6,6,NA,NA,NA,NA,2011-06-17 05:52:00,0
2011-06-17 07:00:00,WIND,600702,1,HCM,1,18974,1011,150,14,140,21,649,6,6,6,6,6,NA,NA,NA,NA,2011-06-17 06:51:00,0
2011-06-17 08:00:00,WIND,600702,1,HCM,1,18974,1011,140,18,130,24,728,6,6,6,6,6,NA,NA,NA,NA,2011-06-17 07:52:00,0
2011-06-17 09:00:00,WIND,600702,1,HCM,1,18974,1011,130,17,130,24,819,6,6,6,6,6,NA,NA,NA,NA,2011-06-17 08:54:00,0
2011-06-17 10:00:00,WIND,600702,1,HCM,1,18974,1011,130,19,140,27,852,6,6,6,6,6,NA,NA,NA,NA,2011-06-17 09:52:00,0
2011-06-17 11:00:00,WIND,600702,1,HCM,1,18974,1011,130,20,130,26,952,6,6,6,6,6,NA,NA,NA,NA,2011-06-17 10:52:00,0
2011-06-17 12:00:00,WIND,600702,1,HCM,1,18974,1011,140,19,130,26,1050,6,6,6,6,6,NA,NA,NA,NA,2011-06-17 11:52:00,0
2011-06-17 13:00:00,WIND,600702,1,HCM,1,18974,1011,130,18,130,27,1209,6,6,6,6,6,NA,NA,NA,NA,2011-06-17 12:52:00,0
2011-06-17 14:00:00,WIND,600702,1,HCM,1,18974,1011,120,19,130,28,1338,6,6,6,6,6,NA,NA,NA,NA,2011-06-17 13:52:00,0
2011-06-17 15:00:00,WIND,600702,1,HCM,1,18974,1011,150,17,120,27,1354,6,6,6,6,6,NA,NA,NA,NA,2011-06-17 14:52:00,0
2011-06-17 16:00:00,WIND,600702,1,HCM,1,18974,1011,190,12,170,20,1458,6,6,6,6,6,NA,NA,NA,NA,2011-06-17 15:52:00,0
2011-06-17 17:00:00,WIND,600702,1,HCM,1,18974,1011,190,11,190,16,1628,6,6,6,6,6,NA,NA,NA,NA,2011-06-17 16:52:00,0
2011-06-17 18:00:00,WIND,600702,1,HCM,1,18974,1011,200,10,180,14,1724,6,6,6,6,6,NA,NA,NA,NA,2011-06-17 17:52:00,0
2011-06-17 19:00:00,WIND,600702,1,HCM,1,18974,1011,170,9,170,12,1817,6,6,6,6,6,NA,NA,NA,NA,2011-06-17 18:52:00,0
2011-06-17 20:00:00,WIND,600702,1,HCM,1,18974,1011,150,8,140,12,1948,6,6,6,6,6,NA,NA,NA,NA,2011-06-17 19:52:00,0
2011-06-17 21:00:00,WIND,600702,1,HCM,1,18974,1011,140,11,140,16,2033,6,6,6,6,6,NA,NA,NA,NA,2011-06-17 20:55:00,0
2011-06-17 22:00:00,WIND,600702,1,HCM,1,18974,1011,140,13,140,18,2123,6,6,6,6,6,NA,NA,NA,NA,2011-06-17 21:52:00,0
2011-06-17 23:00:00,WIND,600702,1,HCM,1,18974,1011,140,13,150,20,2231,6,6,6,6,6,NA,NA,NA,NA,2011-06-17 22:52:00,0
2011-06-18 00:00:00,WIND,600702,1,HCM,1,18974,1011,140,13,140,17,2317,6,6,6,6,6,NA,NA,NA,NA,2011-06-17 23:52:00,0
2011-06-18 01:00:00,WIND,600702,1,HCM,1,18974,1011,140,11,140,14,4,6,6,6,6,6,NA,NA,NA,NA,2011-06-18 00:53:00,0
2011-06-18 02:00:00,WIND,600702,1,HCM,1,18974,1011,130,9,130,13,117,6,6,6,6,6,NA,NA,NA,NA,2011-06-18 01:52:00,0
2011-06-18 03:00:00,WIND,600702,1,HCM,1,18974,1011,130,12,130,17,200,6,6,6,6,6,NA,NA,NA,NA,2011-06-18 02:52:00,0
2011-06-18 04:00:00,WIND,600702,1,HCM,1,18974,1011,130,9,120,14,319,6,6,6,6,6,NA,NA,NA,NA,2011-06-18 03:52:00,0
2011-06-18 05:00:00,WIND,600702,1,HCM,1,18974,1011,120,8,120,14,350,6,6,6,6,6,NA,NA,NA,NA,2011-06-18 04:52:00,0
2011-06-18 06:00:00,WIND,600702,1,HCM,1,18974,1011,100,6,110,9,502,6,6,6,6,6,NA,NA,NA,NA,2011-06-18 05:52:00,0
2011-06-18 07:00:00,WIND,600702,1,HCM,1,18974,1011,70,4,80,7,613,6,6,6,6,6,NA,NA,NA,NA,2011-06-18 06:52:00,0
2011-06-18 08:00:00,WIND,600702,1,HCM,1,18974,1011,50,5,50,12,738,6,6,6,6,6,NA,NA,NA,NA,2011-06-18 07:52:00,0
2011-06-18 09:00:00,WIND,600702,1,HCM,1,18974,1011,70,8,40,12,753,6,6,6,6,6,NA,NA,NA,NA,2011-06-18 08:54:00,0
2011-06-18 10:00:00,WIND,600702,1,HCM,1,18974,1011,80,8,90,13,941,6,6,6,6,6,NA,NA,NA,NA,2011-06-18 09:52:00,0
2011-06-18 11:00:00,WIND,600702,1,HCM,1,18974,1011,80,8,90,12,952,6,6,6,6,6,NA,NA,NA,NA,2011-06-18 10:52:00,0
2011-06-18 12:00:00,WIND,600702,1,HCM,1,18974,1011,70,8,70,11,1125,6,6,6,6,6,NA,NA,NA,NA,2011-06-18 11:52:00,0
2011-06-18 13:00:00,WIND,600702,1,HCM,1,18974,1011,20,6,20,9,1217,6,6,6,6,6,NA,NA,NA,NA,2011-06-18 12:52:00,0
2011-06-18 14:00:00,WIND,600702,1,HCM,1,18974,1011,360,7,350,9,1343,6,6,6,6,6,NA,NA,NA,NA,2011-06-18 13:52:00,0
2011-06-18 15:00:00,WIND,600702,1,HCM,1,18974,1011,340,10,340,14,1436,6,6,6,6,6,NA,NA,NA,NA,2011-06-18 14:52:00,0
2011-06-18 16:00:00,WIND,600702,1,HCM,1,18974,1011,340,10,340,15,1505,6,6,6,6,6,NA,NA,NA,NA,2011-06-18 15:52:00,0
2011-06-18 17:00:00,WIND,600702,1,HCM,1,18974,1011,330,11,330,15,1636,6,6,6,6,6,NA,NA,NA,NA,2011-06-18 16:52:00,0
2011-06-18 18:00:00,WIND,600702,1,HCM,1,18974,1011,340,11,340,15,1702,6,6,6,6,6,NA,NA,NA,NA,2011-06-18 17:52:00,0
2011-06-18 19:00:00,WIND,600702,1,HCM,1,18974,1011,350,5,360,8,1756,6,6,6,6,6,NA,NA,NA,NA,2011-06-18 18:52:00,0
2011-06-18 20:00:00,WIND,600702,1,HCM,1,18974,1011,10,5,10,7,1928,6,6,6,6,6,NA,NA,NA,NA,2011-06-18 19:52:00,0
2011-06-18 21:00:00,WIND,600702,1,HCM,1,18974,1011,20,5,30,7,1950,6,6,6,6,6,NA,NA,NA,NA,2011-06-18 20:55:00,0
2011-06-18 22:00:00,WIND,600702,1,HCM,1,18974,1011,20,5,20,7,2052,6,6,6,6,6,NA,NA,NA,NA,2011-06-18 21:52:00,0
2011-06-18 23:00:00,WIND,600702,1,HCM,1,18974,1011,20,5,20,7,2231,6,6,6,6,6,NA,NA,NA,NA,2011-06-18 22:52:00,0
2011-06-19 00:00:00,WIND,600702,1,HCM,1,18974,1011,10,5,20,6,2254,6,6,6,6,6,NA,NA,NA,NA,2011-06-18 23:52:00,0
2011-06-19 01:00:00,WIND,600702,1,HCM,1,18974,1011,340,5,340,7,41,6,6,6,6,6,NA,NA,NA,NA,2011-06-19 00:52:00,0
2011-06-19 02:00:00,WIND,600702,1,HCM,1,18974,1011,330,5,330,6,56,6,6,6,6,6,NA,NA,NA,NA,2011-06-19 01:51:00,0
2011-06-19 03:00:00,WIND,600702,1,HCM,1,18974,1011,310,5,290,6,244,6,6,6,6,6,NA,NA,NA,NA,2011-06-19 02:52:00,0
2011-06-19 04:00:00,WIND,600702,1,HCM,1,18974,1011,300,4,290,5,337,6,6,6,6,6,NA,NA,NA,NA,2011-06-19 03:52:00,0
2011-06-19 05:00:00,WIND,600702,1,HCM,1,18974,1011,280,4,290,5,354,6,6,6,6,6,NA,NA,NA,NA,2011-06-19 04:52:00,0
2011-06-19 06:00:00,WIND,600702,1,HCM,1,18974,1011,320,4,350,6,533,6,6,6,6,6,NA,NA,NA,NA,2011-06-19 05:52:00,0
2011-06-19 07:00:00,WIND,600702,1,HCM,1,18974,1011,340,5,340,8,640,6,6,6,6,6,NA,NA,NA,NA,2011-06-19 06:52:00,0
2011-06-19 08:00:00,WIND,600702,1,HCM,1,18974,1011,350,7,10,9,711,6,6,6,6,6,NA,NA,NA,NA,2011-06-19 07:51:00,0
2011-06-19 09:00:00,WIND,600702,1,HCM,1,18974,1011,340,8,350,12,847,6,6,6,6,6,NA,NA,NA,NA,2011-06-19 08:54:00,0
2011-06-19 10:00:00,WIND,600702,1,HCM,1,18974,1011,360,9,350,12,939,6,6,6,6,6,NA,NA,NA,NA,2011-06-19 09:52:00,0
2011-06-19 11:00:00,WIND,600702,1,HCM,1,18974,1011,360,9,360,12,1016,6,6,6,6,6,NA,NA,NA,NA,2011-06-19 10:52:00,0
2011-06-19 12:00:00,WIND,600702,1,HCM,1,18974,1011,350,10,340,13,1147,6,6,6,6,6,NA,NA,NA,NA,2011-06-19 11:52:00,0
2011-06-19 13:00:00,WIND,600702,1,HCM,1,18974,1011,330,10,320,14,1237,6,6,6,6,6,NA,NA,NA,NA,2011-06-19 12:52:00,0
2011-06-19 14:00:00,WIND,600702,1,HCM,1,18974,1011,330,9,320,14,1344,6,6,6,6,6,NA,NA,NA,NA,2011-06-19 13:52:00,0
2011-06-19 15:00:00,WIND,600702,1,HCM,1,18974,1011,320,11,320,17,1438,6,6,6,6,6,NA,NA,NA,NA,2011-06-19 14:52:00,0
2011-06-19 16:00:00,WIND,600702,1,HCM,1,18974,1011,320,13,330,17,1547,6,6,6,6,6,NA,NA,NA,NA,2011-06-19 15:52:00,0
2011-06-19 17:00:00,WIND,600702,1,HCM,1,18974,1011,330,12,320,17,1600,6,6,6,6,6,NA,NA,NA,NA,2011-06-19 16:52:00,0
2011-06-19 18:00:00,WIND,600702,1,HCM,1,18974,1011,320,12,330,16,1651,6,6,6,6,6,NA,NA,NA,NA,2011-06-19 17:52:00,0
2011-06-19 19:00:00,WIND,600702,1,HCM,1,18974,1011,320,11,320,15,1755,6,6,6,6,6,NA,NA,NA,NA,2011-06-19 18:52:00,0
2011-06-19 20:00:00,WIND,600702,1,HCM,1,18974,1011,330,10,330,14,1915,6,6,6,6,6,NA,NA,NA,NA,2011-06-19 19:52:00,0
2011-06-19 21:00:00,WIND,600702,1,HCM,1,18974,1011,330,9,340,13,1950,6,6,6,6,6,NA,NA,NA,NA,2011-06-19 20:55:00,0
2011-06-19 22:00:00,WIND,600702,1,HCM,1,18974,1011,330,8,340,12,2105,6,6,6,6,6,NA,NA,NA,NA,2011-06-19 21:52:00,0
2011-06-19 23:00:00,WIND,600702,1,HCM,1,18974,1011,330,7,320,11,2216,6,6,6,6,6,NA,NA,NA,NA,2011-06-19 22:52:00,0
2011-06-20 00:00:00,WIND,600702,1,HCM,1,18974,1011,320,7,320,10,2314,6,6,6,6,6,NA,NA,NA,NA,2011-06-19 23:52:00,0
2011-06-20 01:00:00,WIND,600702,1,HCM,1,18974,1011,320,5,320,7,2359,6,6,6,6,6,NA,NA,NA,NA,2011-06-20 00:52:00,0
2011-06-20 02:00:00,WIND,600702,1,HCM,1,18974,1011,340,5,320,6,149,6,6,6,6,6,NA,NA,NA,NA,2011-06-20 01:52:00,0
2011-06-20 03:00:00,WIND,600702,1,HCM,1,18974,1011,310,4,330,6,150,6,6,6,6,6,NA,NA,NA,NA,2011-06-20 02:52:00,0
2011-06-20 04:00:00,WIND,600702,1,HCM,1,18974,1011,330,5,330,6,333,6,6,6,6,6,NA,NA,NA,NA,2011-06-20 03:52:00,0
2011-06-20 05:00:00,WIND,600702,1,HCM,1,18974,1011,50,4,40,7,403,6,6,6,6,6,NA,NA,NA,NA,2011-06-20 04:52:00,0
2011-06-20 06:00:00,WIND,600702,1,HCM,1,18974,1011,50,2,40,3,501,6,6,6,6,6,NA,NA,NA,NA,2011-06-20 05:52:00,0
2011-06-20 07:00:00,WIND,600702,1,HCM,1,18974,1011,50,3,40,6,644,6,6,6,6,6,NA,NA,NA,NA,2011-06-20 06:52:00,0
2011-06-20 08:00:00,WIND,600702,1,HCM,1,18974,1011,30,4,10,8,732,6,6,6,6,6,NA,NA,NA,NA,2011-06-20 07:52:00,0
2011-06-20 09:00:00,WIND,600702,1,HCM,1,18974,1011,20,4,360,7,845,6,6,6,6,6,NA,NA,NA,NA,2011-06-20 08:55:00,0
2011-06-20 10:00:00,WIND,600702,1,HCM,1,18974,1011,20,6,10,9,933,6,6,6,6,6,NA,NA,NA,NA,2011-06-20 09:52:00,0
2011-06-20 11:00:00,WIND,600702,1,HCM,1,18974,1011,60,3,160,7,1048,6,6,6,6,6,NA,NA,NA,NA,2011-06-20 10:52:00,0
2011-06-20 12:00:00,WIND,600702,1,HCM,1,18974,1011,170,5,160,9,1146,6,6,6,6,6,NA,NA,NA,NA,2011-06-20 11:52:00,0
2011-06-20 13:00:00,WIND,600702,1,HCM,1,18974,1011,170,5,170,9,1200,6,6,6,6,6,NA,NA,NA,NA,2011-06-20 12:52:00,0
2011-06-20 14:00:00,WIND,600702,1,HCM,1,18974,1011,170,5,160,8,1256,6,6,6,6,6,NA,NA,NA,NA,2011-06-20 13:52:00,0
2011-06-20 15:00:00,WIND,600702,1,HCM,1,18974,1011,160,4,110,10,1435,6,6,6,6,6,NA,NA,NA,NA,2011-06-20 14:52:00,0
2011-06-20 16:00:00,WIND,600702,1,HCM,1,18974,1011,140,3,350,11,1544,6,6,6,6,6,NA,NA,NA,NA,2011-06-20 15:52:00,0
2011-06-20 17:00:00,WIND,600702,1,HCM,1,18974,1011,30,5,10,8,1635,6,6,6,6,6,NA,NA,NA,NA,2011-06-20 16:52:00,0
2011-06-20 18:00:00,WIND,600702,1,HCM,1,18974,1011,40,7,30,9,1736,6,6,6,6,6,NA,NA,NA,NA,2011-06-20 17:52:00,0
2011-06-20 19:00:00,WIND,600702,1,HCM,1,18974,1011,40,7,40,10,1758,6,6,6,6,6,NA,NA,NA,NA,2011-06-20 18:52:00,0
2011-06-20 20:00:00,WIND,600702,1,HCM,1,18974,1011,40,6,30,9,1924,6,6,6,6,6,NA,NA,NA,NA,2011-06-20 19:52:00,0
2011-06-20 21:00:00,WIND,600702,1,HCM,1,18974,1011,50,6,50,9,2025,6,6,6,6,6,NA,NA,NA,NA,2011-06-20 20:55:00,0
2011-06-20 22:00:00,WIND,600702,1,HCM,1,18974,1011,50,6,40,7,2051,6,6,6,6,6,NA,NA,NA,NA,2011-06-20 21:52:00,0
2011-06-20 23:00:00,WIND,600702,1,HCM,1,18974,1011,50,6,50,8,2248,6,6,6,6,6,NA,NA,NA,NA,2011-06-20 22:52:00,0
2011-06-21 00:00:00,WIND,600702,1,HCM,1,18974,1011,60,6,50,8,2259,6,6,6,6,6,NA,NA,NA,NA,2011-06-20 23:52:00,0
2011-06-21 01:00:00,WIND,600702,1,HCM,1,18974,1011,50,6,50,8,43,6,6,6,6,6,NA,NA,NA,NA,2011-06-21 00:53:00,0
2011-06-21 02:00:00,WIND,600702,1,HCM,1,18974,1011,40,7,50,8,110,6,6,6,6,6,NA,NA,NA,NA,2011-06-21 01:52:00,0
2011-06-21 03:00:00,WIND,600702,1,HCM,1,18974,1011,30,8,40,9,248,6,6,6,6,6,NA,NA,NA,NA,2011-06-21 02:51:00,0
2011-06-21 04:00:00,WIND,600702,1,HCM,1,18974,1011,50,7,40,9,312,6,6,6,6,6,NA,NA,NA,NA,2011-06-21 03:51:00,0
2011-06-21 05:00:00,WIND,600702,1,HCM,1,18974,1011,40,6,40,9,431,6,6,6,6,6,NA,NA,NA,NA,2011-06-21 04:52:00,0
2011-06-21 06:00:00,WIND,600702,1,HCM,1,18974,1011,40,7,40,10,549,6,6,6,6,6,NA,NA,NA,NA,2011-06-21 05:52:00,0
2011-06-21 07:00:00,WIND,600702,1,HCM,1,18974,1011,50,9,60,12,622,6,6,6,6,6,NA,NA,NA,NA,2011-06-21 06:51:00,0
2011-06-21 08:00:00,WIND,600702,1,HCM,1,18974,1011,50,8,60,12,659,6,6,6,6,6,NA,NA,NA,NA,2011-06-21 07:52:00,0
2011-06-21 09:00:00,WIND,600702,1,HCM,1,18974,1011,60,7,60,10,803,6,6,6,6,6,NA,NA,NA,NA,2011-06-21 08:55:00,0
2011-06-21 10:00:00,WIND,600702,1,HCM,1,18974,1011,100,5,110,12,857,6,6,6,6,6,NA,NA,NA,NA,2011-06-21 09:51:00,0
2011-06-21 11:00:00,WIND,600702,1,HCM,1,18974,1011,70,5,50,11,1049,6,6,6,6,6,NA,NA,NA,NA,2011-06-21 10:52:00,0
2011-06-21 12:00:00,WIND,600702,1,HCM,1,18974,1011,60,7,60,11,1050,6,6,6,6,6,NA,NA,NA,NA,2011-06-21 11:51:00,0
2011-06-21 13:00:00,WIND,600702,1,HCM,1,18974,1011,50,6,60,10,1150,6,6,6,6,6,NA,NA,NA,NA,2011-06-21 12:52:00,0
2011-06-21 14:00:00,WIND,600702,1,HCM,1,18974,1011,70,7,70,12,1326,6,6,6,6,6,NA,NA,NA,NA,2011-06-21 13:52:00,0
2011-06-21 15:00:00,WIND,600702,1,HCM,1,18974,1011,110,6,120,9,1402,6,6,6,6,6,NA,NA,NA,NA,2011-06-21 15:19:00,0
2011-06-21 16:00:00,WIND,600702,1,HCM,1,18974,1011,40,4,10,7,1548,6,6,6,6,6,NA,NA,NA,NA,2011-06-21 15:51:00,0
2011-06-21 17:00:00,WIND,600702,1,HCM,1,18974,1011,30,6,30,9,1630,6,6,6,6,6,NA,NA,NA,NA,2011-06-21 16:51:00,0
2011-06-21 18:00:00,WIND,600702,1,HCM,1,18974,1011,40,8,30,11,1715,6,6,6,6,6,NA,NA,NA,NA,2011-06-21 17:52:00,0
2011-06-21 19:00:00,WIND,600702,1,HCM,1,18974,1011,40,9,30,12,1820,6,6,6,6,6,NA,NA,NA,NA,2011-06-21 18:51:00,0
2011-06-21 20:00:00,WIND,600702,1,HCM,1,18974,1011,50,10,50,13,1925,6,6,6,6,6,NA,NA,NA,NA,2011-06-21 19:51:00,0
2011-06-21 21:00:00,WIND,600702,1,HCM,1,18974,1011,50,9,50,13,1951,6,6,6,6,6,NA,NA,NA,NA,2011-06-21 20:54:00,0
2011-06-21 22:00:00,WIND,600702,1,HCM,1,18974,1011,70,8,70,11,2132,6,6,6,6,6,NA,NA,NA,NA,2011-06-21 21:51:00,0
2011-06-21 23:00:00,WIND,600702,1,HCM,1,18974,1011,70,7,70,12,2152,6,6,6,6,6,NA,NA,NA,NA,2011-06-21 22:52:00,0
2011-06-22 00:00:00,WIND,600702,1,HCM,1,18974,1011,60,8,70,13,2328,6,6,6,6,6,NA,NA,NA,NA,2011-06-21 23:52:00,0
2011-06-22 01:00:00,WIND,600702,1,HCM,1,18974,1011,50,10,50,14,44,6,6,6,6,6,NA,NA,NA,NA,2011-06-22 00:52:00,0
2011-06-22 02:00:00,WIND,600702,1,HCM,1,18974,1011,60,10,70,15,125,6,6,6,6,6,NA,NA,NA,NA,2011-06-22 01:52:00,0
2011-06-22 03:00:00,WIND,600702,1,HCM,1,18974,1011,50,9,60,13,159,6,6,6,6,6,NA,NA,NA,NA,2011-06-22 02:52:00,0
2011-06-22 04:00:00,WIND,600702,1,HCM,1,18974,1011,40,8,40,13,313,6,6,6,6,6,NA,NA,NA,NA,2011-06-22 03:51:00,0
2011-06-22 05:00:00,WIND,600702,1,HCM,1,18974,1011,40,8,40,13,416,6,6,6,6,6,NA,NA,NA,NA,2011-06-22 04:52:00,0
2011-06-22 06:00:00,WIND,600702,1,HCM,1,18974,1011,40,9,40,12,533,6,6,6,6,6,NA,NA,NA,NA,2011-06-22 05:52:00,0
2011-06-22 07:00:00,WIND,600702,1,HCM,1,18974,1011,50,10,50,15,644,6,6,6,6,6,NA,NA,NA,NA,2011-06-22 06:52:00,0
2011-06-22 08:00:00,WIND,600702,1,HCM,1,18974,1011,50,12,50,16,723,6,6,6,6,6,NA,NA,NA,NA,2011-06-22 07:52:00,0
2011-06-22 09:00:00,WIND,600702,1,HCM,1,18974,1011,50,11,40,15,811,6,6,6,6,6,NA,NA,NA,NA,2011-06-22 08:54:00,0
2011-06-22 10:00:00,WIND,600702,1,HCM,1,18974,1011,40,12,40,17,947,6,6,6,6,6,NA,NA,NA,NA,2011-06-22 09:52:00,0
2011-06-22 11:00:00,WIND,600702,1,HCM,1,18974,1011,40,15,30,20,1032,6,6,6,6,6,NA,NA,NA,NA,2011-06-22 10:51:00,0
2011-06-22 12:00:00,WIND,600702,1,HCM,1,18974,1011,40,15,40,20,1127,6,6,6,6,6,NA,NA,NA,NA,2011-06-22 11:51:00,0
2011-06-22 13:00:00,WIND,600702,1,HCM,1,18974,1011,40,15,50,21,1152,6,6,6,6,6,NA,NA,NA,NA,2011-06-22 12:51:00,0
2011-06-22 14:00:00,WIND,600702,1,HCM,1,18974,1011,30,13,40,19,1254,6,6,6,6,6,NA,NA,NA,NA,2011-06-22 13:51:00,0
2011-06-22 15:00:00,WIND,600702,1,HCM,1,18974,1011,10,14,10,21,1449,6,6,6,6,6,NA,NA,NA,NA,2011-06-22 14:51:00,0
2011-06-22 16:00:00,WIND,600702,1,HCM,1,18974,1011,10,16,10,21,1505,6,6,6,6,6,NA,NA,NA,NA,2011-06-22 15:51:00,0
2011-06-22 17:00:00,WIND,600702,1,HCM,1,18974,1011,10,16,20,22,1648,6,6,6,6,6,NA,NA,NA,NA,2011-06-22 16:51:00,0
2011-06-22 18:00:00,WIND,600702,1,HCM,1,18974,1011,10,17,20,22,1714,6,6,6,6,6,NA,NA,NA,NA,2011-06-22 17:51:00,0
2011-06-22 19:00:00,WIND,600702,1,HCM,1,18974,1011,10,16,10,22,1759,6,6,6,6,6,NA,NA,NA,NA,2011-06-22 18:52:00,0
2011-06-22 20:00:00,WIND,600702,1,HCM,1,18974,1011,10,16,20,22,1921,6,6,6,6,6,NA,NA,NA,NA,2011-06-22 19:51:00,0
2011-06-22 21:00:00,WIND,600702,1,HCM,1,18974,1011,10,16,10,22,2027,6,6,6,6,6,NA,NA,NA,NA,2011-06-22 20:54:00,0
2011-06-22 22:00:00,WIND,600702,1,HCM,1,18974,1011,10,16,10,21,2109,6,6,6,6,6,NA,NA,NA,NA,2011-06-22 21:51:00,0
2011-06-22 23:00:00,WIND,600702,1,HCM,1,18974,1011,10,15,10,22,2155,6,6,6,6,6,NA,NA,NA,NA,2011-06-22 22:51:00,0
2011-06-23 00:00:00,WIND,600702,1,HCM,1,18974,1011,10,14,10,20,2252,6,6,6,6,6,NA,NA,NA,NA,2011-06-22 23:52:00,0
2011-06-23 01:00:00,WIND,600702,1,HCM,1,18974,1011,10,13,10,18,14,6,6,6,6,6,NA,NA,NA,NA,2011-06-23 00:52:00,0
2011-06-23 02:00:00,WIND,600702,1,HCM,1,18974,1011,10,11,10,17,54,6,6,6,6,6,NA,NA,NA,NA,2011-06-23 01:52:00,0
2011-06-23 03:00:00,WIND,600702,1,HCM,1,18974,1011,10,12,10,16,201,6,6,6,6,6,NA,NA,NA,NA,2011-06-23 02:51:00,0
2011-06-23 04:00:00,WIND,600702,1,HCM,1,18974,1011,360,11,360,15,258,6,6,6,6,6,NA,NA,NA,NA,2011-06-23 03:52:00,0
2011-06-23 05:00:00,WIND,600702,1,HCM,1,18974,1011,360,9,350,12,414,6,6,6,6,6,NA,NA,NA,NA,2011-06-23 04:52:00,0
2011-06-23 06:00:00,WIND,600702,1,HCM,1,18974,1011,350,8,340,12,535,6,6,6,6,6,NA,NA,NA,NA,2011-06-23 05:52:00,0
2011-06-23 07:00:00,WIND,600702,1,HCM,1,18974,1011,340,9,350,13,648,6,6,6,6,6,NA,NA,NA,NA,2011-06-23 06:52:00,0
2011-06-23 08:00:00,WIND,600702,1,HCM,1,18974,1011,340,9,350,12,713,6,6,6,6,6,NA,NA,NA,NA,2011-06-23 07:52:00,0
2011-06-23 09:00:00,WIND,600702,1,HCM,1,18974,1011,340,9,340,13,837,6,6,6,6,6,NA,NA,NA,NA,2011-06-23 08:54:00,0
2011-06-23 10:00:00,WIND,600702,1,HCM,1,18974,1011,330,10,320,14,936,6,6,6,6,6,NA,NA,NA,NA,2011-06-23 09:52:00,0
2011-06-23 11:00:00,WIND,600702,1,HCM,1,18974,1011,330,10,330,15,1004,6,6,6,6,6,NA,NA,NA,NA,2011-06-23 10:52:00,0
2011-06-23 12:00:00,WIND,600702,1,HCM,1,18974,1011,310,10,320,17,1133,6,6,6,6,6,NA,NA,NA,NA,2011-06-23 11:52:00,0
2011-06-23 13:00:00,WIND,600702,1,HCM,1,18974,1011,310,11,320,19,1227,6,6,6,6,6,NA,NA,NA,NA,2011-06-23 12:52:00,0
2011-06-23 14:00:00,WIND,600702,1,HCM,1,18974,1011,310,12,290,17,1344,6,6,6,6,6,NA,NA,NA,NA,2011-06-23 13:52:00,0
2011-06-23 15:00:00,WIND,600702,1,HCM,1,18974,1011,310,12,290,17,1354,6,6,6,6,6,NA,NA,NA,NA,2011-06-23 14:52:00,0
2011-06-23 16:00:00,WIND,600702,1,HCM,1,18974,1011,310,11,310,17,1523,6,6,6,6,6,NA,NA,NA,NA,2011-06-23 15:52:00,0
2011-06-23 17:00:00,WIND,600702,1,HCM,1,18974,1011,310,12,310,18,1610,6,6,6,6,6,NA,NA,NA,NA,2011-06-23 16:51:00,0
2011-06-23 18:00:00,WIND,600702,1,HCM,1,18974,1011,310,12,320,16,1746,6,6,6,6,6,NA,NA,NA,NA,2011-06-23 17:52:00,0
2011-06-23 19:00:00,WIND,600702,1,HCM,1,18974,1011,310,11,310,15,1751,6,6,6,6,6,NA,NA,NA,NA,2011-06-23 18:52:00,0
2011-06-23 20:00:00,WIND,600702,1,HCM,1,18974,1011,310,10,300,15,1853,6,6,6,6,6,NA,NA,NA,NA,2011-06-23 19:51:00,0
2011-06-23 21:00:00,WIND,600702,1,HCM,1,18974,1011,310,8,310,12,2000,6,6,6,6,6,NA,NA,NA,NA,2011-06-23 20:54:00,0
2011-06-23 22:00:00,WIND,600702,1,HCM,1,18974,1011,310,7,300,8,2118,6,6,6,6,6,NA,NA,NA,NA,2011-06-23 21:52:00,0
2011-06-23 23:00:00,WIND,600702,1,HCM,1,18974,1011,290,6,290,9,2246,6,6,6,6,6,NA,NA,NA,NA,2011-06-23 22:52:00,0
2011-06-24 00:00:00,WIND,600702,1,HCM,1,18974,1011,290,7,290,9,2258,6,6,6,6,6,NA,NA,NA,NA,2011-06-23 23:52:00,0
2011-06-24 01:00:00,WIND,600702,1,HCM,1,18974,1011,300,7,290,9,49,6,6,6,6,6,NA,NA,NA,NA,2011-06-24 00:53:00,0
2011-06-24 02:00:00,WIND,600702,1,HCM,1,18974,1011,270,6,280,11,58,6,6,6,6,6,NA,NA,NA,NA,2011-06-24 01:52:00,0
2011-06-24 03:00:00,WIND,600702,1,HCM,1,18974,1011,300,6,300,8,209,6,6,6,6,6,NA,NA,NA,NA,2011-06-24 02:52:00,0
2011-06-24 04:00:00,WIND,600702,1,HCM,1,18974,1011,310,7,310,8,313,6,6,6,6,6,NA,NA,NA,NA,2011-06-24 03:53:00,0
2011-06-24 05:00:00,WIND,600702,1,HCM,1,18974,1011,320,6,320,9,353,6,6,6,6,6,NA,NA,NA,NA,2011-06-24 04:52:00,0
2011-06-24 06:00:00,WIND,600702,1,HCM,1,18974,1011,320,5,310,7,545,6,6,6,6,6,NA,NA,NA,NA,2011-06-24 05:52:00,0
2011-06-24 07:00:00,WIND,600702,1,HCM,1,18974,1011,320,6,310,8,621,6,6,6,6,6,NA,NA,NA,NA,2011-06-24 06:52:00,0
2011-06-24 08:00:00,WIND,600702,1,HCM,1,18974,1011,330,5,340,9,657,6,6,6,6,6,NA,NA,NA,NA,2011-06-24 07:52:00,0
2011-06-24 09:00:00,WIND,600702,1,HCM,1,18974,1011,310,4,330,8,801,6,6,6,6,6,NA,NA,NA,NA,2011-06-24 08:54:00,0
2011-06-24 10:00:00,WIND,600702,1,HCM,1,18974,1011,290,3,270,9,906,6,6,6,6,6,NA,NA,NA,NA,2011-06-24 09:57:00,0
2011-06-24 11:00:00,WIND,600702,1,HCM,1,18974,1011,180,5,190,9,1033,6,6,6,6,6,NA,NA,NA,NA,2011-06-24 10:52:00,0
2011-06-24 12:00:00,WIND,600702,1,HCM,1,18974,1011,180,9,190,13,1112,6,6,6,6,6,NA,NA,NA,NA,2011-06-24 11:52:00,0
2011-06-24 13:00:00,WIND,600702,1,HCM,1,18974,1011,190,9,190,13,1234,6,6,6,6,6,NA,NA,NA,NA,2011-06-24 12:52:00,0
2011-06-24 14:00:00,WIND,600702,1,HCM,1,18974,1011,180,9,190,15,1348,6,6,6,6,6,NA,NA,NA,NA,2011-06-24 13:52:00,0
2011-06-24 15:00:00,WIND,600702,1,HCM,1,18974,1011,170,9,190,14,1350,6,6,6,6,6,NA,NA,NA,NA,2011-06-24 14:52:00,0
2011-06-24 16:00:00,WIND,600702,1,HCM,1,18974,1011,170,9,150,13,1543,6,6,6,6,6,NA,NA,NA,NA,2011-06-24 15:51:00,0
2011-06-24 17:00:00,WIND,600702,1,HCM,1,18974,1011,150,11,140,14,1649,6,6,6,6,6,NA,NA,NA,NA,2011-06-24 16:52:00,0
2011-06-24 18:00:00,WIND,600702,1,HCM,1,18974,1011,140,12,150,17,1706,6,6,6,6,6,NA,NA,NA,NA,2011-06-24 17:52:00,0
2011-06-24 19:00:00,WIND,600702,1,HCM,1,18974,1011,140,15,150,19,1818,6,6,6,6,6,NA,NA,NA,NA,2011-06-24 18:52:00,0
2011-06-24 20:00:00,WIND,600702,1,HCM,1,18974,1011,140,15,140,19,1928,6,6,6,6,6,NA,NA,NA,NA,2011-06-24 19:52:00,0
2011-06-24 21:00:00,WIND,600702,1,HCM,1,18974,1011,160,18,150,25,2041,6,6,6,6,6,NA,NA,NA,NA,2011-06-24 20:55:00,0
2011-06-24 22:00:00,WIND,600702,1,HCM,1,18974,1011,150,20,160,27,2139,6,6,6,6,6,NA,NA,NA,NA,2011-06-24 21:52:00,0
2011-06-24 23:00:00,WIND,600702,1,HCM,1,18974,1011,140,20,150,26,2240,6,6,6,6,6,NA,NA,NA,NA,2011-06-24 22:52:00,0
2011-06-25 00:00:00,WIND,600702,1,HCM,1,18974,1011,140,23,130,29,2323,6,6,6,6,6,NA,NA,NA,NA,2011-06-24 23:53:00,0
2011-06-25 01:00:00,WIND,600702,1,HCM,1,18974,1011,130,20,130,28,24,6,6,6,6,6,NA,NA,NA,NA,2011-06-25 00:52:00,0
2011-06-25 02:00:00,WIND,600702,1,HCM,1,18974,1011,130,22,140,29,104,6,6,6,6,6,NA,NA,NA,NA,2011-06-25 01:52:00,0
2011-06-25 03:00:00,WIND,600702,1,HCM,1,18974,1011,140,24,140,31,246,6,6,6,6,6,NA,NA,NA,NA,2011-06-25 02:52:00,0
2011-06-25 04:00:00,WIND,600702,1,HCM,1,18974,1011,140,24,140,33,252,6,6,6,6,6,NA,NA,NA,NA,2011-06-25 03:51:00,0
2011-06-25 05:00:00,WIND,600702,1,HCM,1,18974,1011,150,23,140,32,419,6,6,6,6,6,NA,NA,NA,NA,2011-06-25 04:52:00,0
2011-06-25 06:00:00,WIND,600702,1,HCM,1,18974,1011,150,23,150,31,507,6,6,6,6,6,NA,NA,NA,NA,2011-06-25 05:52:00,0
2011-06-25 07:00:00,WIND,600702,1,HCM,1,18974,1011,160,19,150,28,557,6,6,6,6,6,NA,NA,NA,NA,2011-06-25 06:52:00,0
2011-06-25 08:00:00,WIND,600702,1,HCM,1,18974,1011,220,13,220,20,719,6,6,6,6,6,NA,NA,NA,NA,2011-06-25 07:51:00,0
2011-06-25 09:00:00,WIND,600702,1,HCM,1,18974,1011,210,12,220,19,754,6,6,6,6,6,NA,NA,NA,NA,2011-06-25 08:54:00,0
2011-06-25 10:00:00,WIND,600702,1,HCM,1,18974,1011,200,13,200,20,945,6,6,6,6,6,NA,NA,NA,NA,2011-06-25 09:52:00,0
2011-06-25 11:00:00,WIND,600702,1,HCM,1,18974,1011,200,15,210,22,1040,6,6,6,6,6,NA,NA,NA,NA,2011-06-25 10:52:00,0
2011-06-25 12:00:00,WIND,600702,1,HCM,1,18974,1011,200,16,210,23,1139,6,6,6,6,6,NA,NA,NA,NA,2011-06-25 11:52:00,0
2011-06-25 13:00:00,WIND,600702,1,HCM,1,18974,1011,200,14,220,22,1212,6,6,6,6,6,NA,NA,NA,NA,2011-06-25 12:52:00,0
2011-06-25 14:00:00,WIND,600702,1,HCM,1,18974,1011,220,16,220,26,1342,6,6,6,6,6,NA,NA,NA,NA,2011-06-25 13:51:00,0
2011-06-25 15:00:00,WIND,600702,1,HCM,1,18974,1011,230,17,230,25,1443,6,6,6,6,6,NA,NA,NA,NA,2011-06-25 14:52:00,0
2011-06-25 16:00:00,WIND,600702,1,HCM,1,18974,1011,240,15,240,22,1452,6,6,6,6,6,NA,NA,NA,NA,2011-06-25 15:51:00,0
2011-06-25 17:00:00,WIND,600702,1,HCM,1,18974,1011,240,16,230,24,1635,6,6,6,6,6,NA,NA,NA,NA,2011-06-25 16:52:00,0
2011-06-25 18:00:00,WIND,600702,1,HCM,1,18974,1011,230,14,240,23,1737,6,6,6,6,6,NA,NA,NA,NA,2011-06-25 17:52:00,0
2011-06-25 19:00:00,WIND,600702,1,HCM,1,18974,1011,240,14,240,24,1819,6,6,6,6,6,NA,NA,NA,NA,2011-06-25 18:52:00,0
2011-06-25 20:00:00,WIND,600702,1,HCM,1,18974,1011,240,11,240,19,1935,6,6,6,6,6,NA,NA,NA,NA,2011-06-25 19:52:00,0
2011-06-25 21:00:00,WIND,600702,1,HCM,1,18974,1011,230,10,230,16,1951,6,6,6,6,6,NA,NA,NA,NA,2011-06-25 20:55:00,0
2011-06-25 22:00:00,WIND,600702,1,HCM,1,18974,1011,240,9,240,15,2107,6,6,6,6,6,NA,NA,NA,NA,2011-06-25 21:52:00,0
2011-06-25 23:00:00,WIND,600702,1,HCM,1,18974,1011,210,6,230,10,2152,6,6,6,6,6,NA,NA,NA,NA,2011-06-25 22:52:00,0
2011-06-26 00:00:00,WIND,600702,1,HCM,1,18974,1011,210,6,200,9,2349,6,6,6,6,6,NA,NA,NA,NA,2011-06-25 23:53:00,0
2011-06-26 01:00:00,WIND,600702,1,HCM,1,18974,1011,180,9,190,14,34,6,6,6,6,6,NA,NA,NA,NA,2011-06-26 00:53:00,0
2011-06-26 02:00:00,WIND,600702,1,HCM,1,18974,1011,170,12,170,17,113,6,6,6,6,6,NA,NA,NA,NA,2011-06-26 01:52:00,0
2011-06-26 03:00:00,WIND,600702,1,HCM,1,18974,1011,170,12,170,17,158,6,6,6,6,6,NA,NA,NA,NA,2011-06-26 02:52:00,0
2011-06-26 04:00:00,WIND,600702,1,HCM,1,18974,1011,170,13,170,19,330,6,6,6,6,6,NA,NA,NA,NA,2011-06-26 03:52:00,0
2011-06-26 05:00:00,WIND,600702,1,HCM,1,18974,1011,180,11,180,16,415,6,6,6,6,6,NA,NA,NA,NA,2011-06-26 04:52:00,0
2011-06-26 06:00:00,WIND,600702,1,HCM,1,18974,1011,190,11,190,16,538,6,6,6,6,6,NA,NA,NA,NA,2011-06-26 05:52:00,0
2011-06-26 07:00:00,WIND,600702,1,HCM,1,18974,1011,200,11,210,18,643,6,6,6,6,6,NA,NA,NA,NA,2011-06-26 06:52:00,0
2011-06-26 08:00:00,WIND,600702,1,HCM,1,18974,1011,200,13,190,19,745,6,6,6,6,6,NA,NA,NA,NA,2011-06-26 07:52:00,0
2011-06-26 09:00:00,WIND,600702,1,HCM,1,18974,1011,190,15,190,21,801,6,6,6,6,6,NA,NA,NA,NA,2011-06-26 08:54:00,0
2011-06-26 10:00:00,WIND,600702,1,HCM,1,18974,1011,190,13,190,18,927,6,6,6,6,6,NA,NA,NA,NA,2011-06-26 09:52:00,0
2011-06-26 11:00:00,WIND,600702,1,HCM,1,18974,1011,190,15,190,21,1043,6,6,6,6,6,NA,NA,NA,NA,2011-06-26 10:52:00,0
2011-06-26 12:00:00,WIND,600702,1,HCM,1,18974,1011,190,15,180,22,1103,6,6,6,6,6,NA,NA,NA,NA,2011-06-26 11:52:00,0
2011-06-26 13:00:00,WIND,600702,1,HCM,1,18974,1011,190,15,190,22,1226,6,6,6,6,6,NA,NA,NA,NA,2011-06-26 12:51:00,0
2011-06-26 14:00:00,WIND,600702,1,HCM,1,18974,1011,180,15,180,23,1343,6,6,6,6,6,NA,NA,NA,NA,2011-06-26 13:52:00,0
2011-06-26 15:00:00,WIND,600702,1,HCM,1,18974,1011,180,17,180,23,1431,6,6,6,6,6,NA,NA,NA,NA,2011-06-26 14:52:00,0
2011-06-26 16:00:00,WIND,600702,1,HCM,1,18974,1011,200,17,190,23,1453,6,6,6,6,6,NA,NA,NA,NA,2011-06-26 15:52:00,0
2011-06-26 17:00:00,WIND,600702,1,HCM,1,18974,1011,210,17,220,28,1622,6,6,6,6,6,NA,NA,NA,NA,2011-06-26 16:52:00,0
2011-06-26 18:00:00,WIND,600702,1,HCM,1,18974,1011,230,19,250,32,1715,6,6,6,6,6,NA,NA,NA,NA,2011-06-26 17:52:00,0
2011-06-26 19:00:00,WIND,600702,1,HCM,1,18974,1011,250,17,250,26,1807,6,6,6,6,6,NA,NA,NA,NA,2011-06-26 18:52:00,0
2011-06-26 20:00:00,WIND,600702,1,HCM,1,18974,1011,260,13,260,21,1922,6,6,6,6,6,NA,NA,NA,NA,2011-06-26 19:52:00,0
2011-06-26 21:00:00,WIND,600702,1,HCM,1,18974,1011,260,11,260,18,2001,6,6,6,6,6,NA,NA,NA,NA,2011-06-26 20:57:00,0
2011-06-26 22:00:00,WIND,600702,1,HCM,1,18974,1011,250,8,260,13,2104,6,6,6,6,6,NA,NA,NA,NA,2011-06-26 21:52:00,0
2011-06-26 23:00:00,WIND,600702,1,HCM,1,18974,1011,240,6,250,10,2210,6,6,6,6,6,NA,NA,NA,NA,2011-06-26 22:52:00,0
2011-06-27 00:00:00,WIND,600702,1,HCM,1,18974,1011,240,6,250,10,2311,6,6,6,6,6,NA,NA,NA,NA,2011-06-26 23:53:00,0
2011-06-27 01:00:00,WIND,600702,1,HCM,1,18974,1011,230,6,230,10,2350,6,6,6,6,6,NA,NA,NA,NA,2011-06-27 00:52:00,0
2011-06-27 02:00:00,WIND,600702,1,HCM,1,18974,1011,220,5,240,8,50,6,6,6,6,6,NA,NA,NA,NA,2011-06-27 01:52:00,0
2011-06-27 03:00:00,WIND,600702,1,HCM,1,18974,1011,240,6,250,9,238,6,6,6,6,6,NA,NA,NA,NA,2011-06-27 02:52:00,0
2011-06-27 04:00:00,WIND,600702,1,HCM,1,18974,1011,240,5,240,8,329,6,6,6,6,6,NA,NA,NA,NA,2011-06-27 03:52:00,0
2011-06-27 05:00:00,WIND,600702,1,HCM,1,18974,1011,240,5,240,7,426,6,6,6,6,6,NA,NA,NA,NA,2011-06-27 04:52:00,0
2011-06-27 06:00:00,WIND,600702,1,HCM,1,18974,1011,230,4,230,7,546,6,6,6,6,6,NA,NA,NA,NA,2011-06-27 05:52:00,0
2011-06-27 07:00:00,WIND,600702,1,HCM,1,18974,1011,240,7,220,10,627,6,6,6,6,6,NA,NA,NA,NA,2011-06-27 06:52:00,0
2011-06-27 08:00:00,WIND,600702,1,HCM,1,18974,1011,230,8,210,12,655,6,6,6,6,6,NA,NA,NA,NA,2011-06-27 07:52:00,0
2011-06-27 09:00:00,WIND,600702,1,HCM,1,18974,1011,230,8,230,13,751,6,6,6,6,6,NA,NA,NA,NA,2011-06-27 08:54:00,0
2011-06-27 10:00:00,WIND,600702,1,HCM,1,18974,1011,230,9,230,13,904,6,6,6,6,6,NA,NA,NA,NA,2011-06-27 09:52:00,0
2011-06-27 11:00:00,WIND,600702,1,HCM,1,18974,1011,230,9,230,14,1030,6,6,6,6,6,NA,NA,NA,NA,2011-06-27 10:52:00,0
2011-06-27 12:00:00,WIND,600702,1,HCM,1,18974,1011,230,9,230,13,1059,6,6,6,6,6,NA,NA,NA,NA,2011-06-27 11:52:00,0
2011-06-27 13:00:00,WIND,600702,1,HCM,1,18974,1011,260,8,250,12,1211,6,6,6,6,6,NA,NA,NA,NA,2011-06-27 12:52:00,0
2011-06-27 14:00:00,WIND,600702,1,HCM,1,18974,1011,250,9,240,14,1322,6,6,6,6,6,NA,NA,NA,NA,2011-06-27 13:52:00,0
2011-06-27 15:00:00,WIND,600702,1,HCM,1,18974,1011,250,10,240,16,1417,6,6,6,6,6,NA,NA,NA,NA,2011-06-27 14:52:00,0
2011-06-27 16:00:00,WIND,600702,1,HCM,1,18974,1011,260,10,260,16,1525,6,6,6,6,6,NA,NA,NA,NA,2011-06-27 15:51:00,0
2011-06-27 17:00:00,WIND,600702,1,HCM,1,18974,1011,270,10,260,16,1612,6,6,6,6,6,NA,NA,NA,NA,2011-06-27 16:51:00,0
2011-06-27 18:00:00,WIND,600702,1,HCM,1,18974,1011,270,10,250,14,1655,6,6,6,6,6,NA,NA,NA,NA,2011-06-27 17:51:00,0
2011-06-27 19:00:00,WIND,600702,1,HCM,1,18974,1011,260,10,270,13,1838,6,6,6,6,6,NA,NA,NA,NA,2011-06-27 18:52:00,0
2011-06-27 20:00:00,WIND,600702,1,HCM,1,18974,1011,260,9,270,13,1901,6,6,6,6,6,NA,NA,NA,NA,2011-06-27 19:52:00,0
2011-06-27 21:00:00,WIND,600702,1,HCM,1,18974,1011,250,7,260,10,1951,6,6,6,6,6,NA,NA,NA,NA,2011-06-27 20:54:00,0
2011-06-27 22:00:00,WIND,600702,1,HCM,1,18974,1011,250,7,250,9,2145,6,6,6,6,6,NA,NA,NA,NA,2011-06-27 21:52:00,0
2011-06-27 23:00:00,WIND,600702,1,HCM,1,18974,1011,240,7,240,9,2211,6,6,6,6,6,NA,NA,NA,NA,2011-06-27 22:51:00,0
2011-06-28 00:00:00,WIND,600702,1,HCM,1,18974,1011,240,7,240,10,2339,6,6,6,6,6,NA,NA,NA,NA,2011-06-27 23:53:00,0
2011-06-28 01:00:00,WIND,600702,1,HCM,1,18974,1011,240,8,240,11,2357,6,6,6,6,6,NA,NA,NA,NA,2011-06-28 00:53:00,0
2011-06-28 02:00:00,WIND,600702,1,HCM,1,18974,1011,240,8,250,12,149,6,6,6,6,6,NA,NA,NA,NA,2011-06-28 01:52:00,0
2011-06-28 03:00:00,WIND,600702,1,HCM,1,18974,1011,240,7,240,11,154,6,6,6,6,6,NA,NA,NA,NA,2011-06-28 02:52:00,0
2011-06-28 04:00:00,WIND,600702,1,HCM,1,18974,1011,230,7,240,14,259,6,6,6,6,6,NA,NA,NA,NA,2011-06-28 03:52:00,0
2011-06-28 05:00:00,WIND,600702,1,HCM,1,18974,1011,230,7,230,11,351,6,6,6,6,6,NA,NA,NA,NA,2011-06-28 04:52:00,0
2011-06-28 06:00:00,WIND,600702,1,HCM,1,18974,1011,240,8,240,14,537,6,6,6,6,6,NA,NA,NA,NA,2011-06-28 05:51:00,0
2011-06-28 07:00:00,WIND,600702,1,HCM,1,18974,1011,240,10,240,15,614,6,6,6,6,6,NA,NA,NA,NA,2011-06-28 06:52:00,0
2011-06-28 08:00:00,WIND,600702,1,HCM,1,18974,1011,230,11,240,16,727,6,6,6,6,6,NA,NA,NA,NA,2011-06-28 07:52:00,0
2011-06-28 09:00:00,WIND,600702,1,HCM,1,18974,1011,230,12,240,18,829,6,6,6,6,6,NA,NA,NA,NA,2011-06-28 08:54:00,0
2011-06-28 10:00:00,WIND,600702,1,HCM,1,18974,1011,220,12,230,19,905,6,6,6,6,6,NA,NA,NA,NA,2011-06-28 09:52:00,0
2011-06-28 11:00:00,WIND,600702,1,HCM,1,18974,1011,230,11,220,17,1008,6,6,6,6,6,NA,NA,NA,NA,2011-06-28 10:52:00,0
2011-06-28 12:00:00,WIND,600702,1,HCM,1,18974,1011,230,11,230,18,1108,6,6,6,6,6,NA,NA,NA,NA,2011-06-28 11:52:00,0
2011-06-28 13:00:00,WIND,600702,1,HCM,1,18974,1011,230,12,230,19,1239,6,6,6,6,6,NA,NA,NA,NA,2011-06-28 12:52:00,0
2011-06-28 14:00:00,WIND,600702,1,HCM,1,18974,1011,230,13,240,20,1343,6,6,6,6,6,NA,NA,NA,NA,2011-06-28 13:52:00,0
2011-06-28 15:00:00,WIND,600702,1,HCM,1,18974,1011,230,13,240,19,1433,6,6,6,6,6,NA,NA,NA,NA,2011-06-28 14:52:00,0
2011-06-28 16:00:00,WIND,600702,1,HCM,1,18974,1011,230,12,230,18,1454,6,6,6,6,6,NA,NA,NA,NA,2011-06-28 15:51:00,0
2011-06-28 17:00:00,WIND,600702,1,HCM,1,18974,1011,230,11,220,17,1556,6,6,6,6,6,NA,NA,NA,NA,2011-06-28 16:51:00,0
2011-06-28 18:00:00,WIND,600702,1,HCM,1,18974,1011,230,11,230,16,1712,6,6,6,6,6,NA,NA,NA,NA,2011-06-28 17:52:00,0
2011-06-28 19:00:00,WIND,600702,1,HCM,1,18974,1011,230,11,230,16,1803,6,6,6,6,6,NA,NA,NA,NA,2011-06-28 18:51:00,0
2011-06-28 20:00:00,WIND,600702,1,HCM,1,18974,1011,230,9,220,14,1910,6,6,6,6,6,NA,NA,NA,NA,2011-06-28 19:51:00,0
2011-06-28 21:00:00,WIND,600702,1,HCM,1,18974,1011,210,7,220,11,2008,6,6,6,6,6,NA,NA,NA,NA,2011-06-28 21:00:00,0
2011-06-28 22:00:00,WIND,600702,1,HCM,1,18974,1011,210,7,220,11,2140,6,6,6,6,6,NA,NA,NA,NA,2011-06-28 21:51:00,0
2011-06-28 23:00:00,WIND,600702,1,HCM,1,18974,1011,210,7,210,13,2248,6,6,6,6,6,NA,NA,NA,NA,2011-06-28 22:51:00,0
2011-06-29 00:00:00,WIND,600702,1,HCM,1,18974,1011,230,8,240,13,2341,6,6,6,6,6,NA,NA,NA,NA,2011-06-28 23:52:00,0
2011-06-29 01:00:00,WIND,600702,1,HCM,1,18974,1011,270,5,250,12,2351,6,6,6,6,6,NA,NA,NA,NA,2011-06-29 00:52:00,0
2011-06-29 02:00:00,WIND,600702,1,HCM,1,18974,1011,300,7,280,14,52,6,6,6,6,6,NA,NA,NA,NA,2011-06-29 01:52:00,0
2011-06-29 03:00:00,WIND,600702,1,HCM,1,18974,1011,290,6,300,12,155,6,6,6,6,6,NA,NA,NA,NA,2011-06-29 02:52:00,0
2011-06-29 04:00:00,WIND,600702,1,HCM,1,18974,1011,270,5,270,9,257,6,6,6,6,6,NA,NA,NA,NA,2011-06-29 03:52:00,0
2011-06-29 05:00:00,WIND,600702,1,HCM,1,18974,1011,270,5,270,8,438,6,6,6,6,6,NA,NA,NA,NA,2011-06-29 04:52:00,0
2011-06-29 06:00:00,WIND,600702,1,HCM,1,18974,1011,270,7,260,10,518,6,6,6,6,6,NA,NA,NA,NA,2011-06-29 05:52:00,0
2011-06-29 07:00:00,WIND,600702,1,HCM,1,18974,1011,260,8,250,12,638,6,6,6,6,6,NA,NA,NA,NA,2011-06-29 06:52:00,0
2011-06-29 08:00:00,WIND,600702,1,HCM,1,18974,1011,250,9,250,12,741,6,6,6,6,6,NA,NA,NA,NA,2011-06-29 07:52:00,0
2011-06-29 09:00:00,WIND,600702,1,HCM,1,18974,1011,250,11,220,15,848,6,6,6,6,6,NA,NA,NA,NA,2011-06-29 08:54:00,0
2011-06-29 10:00:00,WIND,600702,1,HCM,1,18974,1011,240,13,230,19,948,6,6,6,6,6,NA,NA,NA,NA,2011-06-29 09:51:00,0
2011-06-29 11:00:00,WIND,600702,1,HCM,1,18974,1011,250,13,230,19,1027,6,6,6,6,6,NA,NA,NA,NA,2011-06-29 10:51:00,0
2011-06-29 12:00:00,WIND,600702,1,HCM,1,18974,1011,250,13,240,18,1143,6,6,6,6,6,NA,NA,NA,NA,2011-06-29 11:52:00,0
2011-06-29 13:00:00,WIND,600702,1,HCM,1,18974,1011,250,13,250,19,1227,6,6,6,6,6,NA,NA,NA,NA,2011-06-29 12:51:00,0
2011-06-29 14:00:00,WIND,600702,1,HCM,1,18974,1011,250,13,230,20,1348,6,6,6,6,6,NA,NA,NA,NA,2011-06-29 13:51:00,0
2011-06-29 15:00:00,WIND,600702,1,HCM,1,18974,1011,250,13,230,19,1404,6,6,6,6,6,NA,NA,NA,NA,2011-06-29 14:52:00,0
2011-06-29 16:00:00,WIND,600702,1,HCM,1,18974,1011,250,11,250,19,1504,6,6,6,6,6,NA,NA,NA,NA,2011-06-29 15:52:00,0
2011-06-29 17:00:00,WIND,600702,1,HCM,1,18974,1011,270,12,280,17,1551,6,6,6,6,6,NA,NA,NA,NA,2011-06-29 16:52:00,0
2011-06-29 18:00:00,WIND,600702,1,HCM,1,18974,1011,260,12,270,16,1724,6,6,6,6,6,NA,NA,NA,NA,2011-06-29 17:52:00,0
2011-06-29 19:00:00,WIND,600702,1,HCM,1,18974,1011,260,12,250,17,1849,6,6,6,6,6,NA,NA,NA,NA,2011-06-29 18:52:00,0
2011-06-29 20:00:00,WIND,600702,1,HCM,1,18974,1011,260,11,260,17,1851,6,6,6,6,6,NA,NA,NA,NA,2011-06-29 19:51:00,0
2011-06-29 21:00:00,WIND,600702,1,HCM,1,18974,1011,260,10,260,18,2043,6,6,6,6,6,NA,NA,NA,NA,2011-06-29 20:54:00,0
2011-06-29 22:00:00,WIND,600702,1,HCM,1,18974,1011,260,9,260,13,2057,6,6,6,6,6,NA,NA,NA,NA,2011-06-29 21:51:00,0
2011-06-29 23:00:00,WIND,600702,1,HCM,1,18974,1011,270,8,280,14,2239,6,6,6,6,6,NA,NA,NA,NA,2011-06-29 22:51:00,0
2011-06-30 00:00:00,WIND,600702,1,HCM,1,18974,1011,270,7,260,13,2251,6,6,6,6,6,NA,NA,NA,NA,2011-06-29 23:51:00,0
2011-06-30 01:00:00,WIND,600702,1,HCM,1,18974,1011,280,9,280,14,1,6,6,6,6,6,NA,NA,NA,NA,2011-06-30 00:52:00,0
2011-06-30 02:00:00,WIND,600702,1,HCM,1,18974,1011,280,8,280,13,126,6,6,6,6,6,NA,NA,NA,NA,2011-06-30 01:52:00,0
2011-06-30 03:00:00,WIND,600702,1,HCM,1,18974,1011,270,9,260,15,237,6,6,6,6,6,NA,NA,NA,NA,2011-06-30 02:52:00,0
2011-06-30 04:00:00,WIND,600702,1,HCM,1,18974,1011,270,8,260,12,328,6,6,6,6,6,NA,NA,NA,NA,2011-06-30 03:52:00,0
2011-06-30 05:00:00,WIND,600702,1,HCM,1,18974,1011,290,9,290,19,416,6,6,6,6,6,NA,NA,NA,NA,2011-06-30 04:52:00,0
2011-06-30 06:00:00,WIND,600702,1,HCM,1,18974,1011,280,8,290,17,546,6,6,6,6,6,NA,NA,NA,NA,2011-06-30 05:51:00,0
2011-06-30 07:00:00,WIND,600702,1,HCM,1,18974,1011,290,9,290,16,648,6,6,6,6,6,NA,NA,NA,NA,2011-06-30 06:51:00,0
2011-06-30 08:00:00,WIND,600702,1,HCM,1,18974,1011,300,11,290,16,654,6,6,6,6,6,NA,NA,NA,NA,2011-06-30 07:51:00,0
2011-06-30 09:00:00,WIND,600702,1,HCM,1,18974,1011,300,12,310,20,810,6,6,6,6,6,NA,NA,NA,NA,2011-06-30 08:54:00,0
2011-06-30 10:00:00,WIND,600702,1,HCM,1,18974,1011,300,11,310,18,913,6,6,6,6,6,NA,NA,NA,NA,2011-06-30 09:52:00,0
2011-06-30 11:00:00,WIND,600702,1,HCM,1,18974,1011,310,13,290,18,1009,6,6,6,6,6,NA,NA,NA,NA,2011-06-30 10:51:00,0
2011-06-30 12:00:00,WIND,600702,1,HCM,1,18974,1011,310,14,300,19,1138,6,6,6,6,6,NA,NA,NA,NA,2011-06-30 11:51:00,0
2011-06-30 13:00:00,WIND,600702,1,HCM,1,18974,1011,300,14,290,20,1214,6,6,6,6,6,NA,NA,NA,NA,2011-06-30 12:51:00,0
2011-06-30 14:00:00,WIND,600702,1,HCM,1,18974,1011,300,13,310,19,1342,6,6,6,6,6,NA,NA,NA,NA,2011-06-30 13:51:00,0
2011-06-30 15:00:00,WIND,600702,1,HCM,1,18974,1011,300,13,320,20,1420,6,6,6,6,6,NA,NA,NA,NA,2011-06-30 14:51:00,0
2011-06-30 16:00:00,WIND,600702,1,HCM,1,18974,1011,300,14,310,19,1526,6,6,6,6,6,NA,NA,NA,NA,2011-06-30 15:51:00,0
2011-06-30 17:00:00,WIND,600702,1,HCM,1,18974,1011,310,12,300,17,1555,6,6,6,6,6,NA,NA,NA,NA,2011-06-30 16:51:00,0
2011-06-30 18:00:00,WIND,600702,1,HCM,1,18974,1011,310,12,310,17,1727,6,6,6,6,6,NA,NA,NA,NA,2011-06-30 17:51:00,0
2011-06-30 19:00:00,WIND,600702,1,HCM,1,18974,1011,310,12,300,16,1843,6,6,6,6,6,NA,NA,NA,NA,2011-06-30 18:51:00,0
2011-06-30 20:00:00,WIND,600702,1,HCM,1,18974,1011,310,11,300,16,1901,6,6,6,6,6,NA,NA,NA,NA,2011-06-30 19:51:00,0
2011-06-30 21:00:00,WIND,600702,1,HCM,1,18974,1011,300,8,300,13,1955,6,6,6,6,6,NA,NA,NA,NA,2011-06-30 20:55:00,0
2011-06-30 22:00:00,WIND,600702,1,HCM,1,18974,1011,310,7,310,11,2105,6,6,6,6,6,NA,NA,NA,NA,2011-06-30 21:51:00,0
2011-06-30 23:00:00,WIND,600702,1,HCM,1,18974,1011,300,5,310,8,2151,6,6,6,6,6,NA,NA,NA,NA,2011-06-30 22:51:00,0
2011-07-01 00:00:00,WIND,600702,1,HCM,1,18974,1011,310,5,300,11,2308,6,6,6,6,6,NA,NA,NA,NA,2011-06-30 23:52:00,0
2011-07-01 01:00:00,WIND,600702,1,HCM,1,18974,1011,280,5,280,7,49,6,6,6,6,6,NA,NA,NA,NA,2011-07-01 00:52:00,0
2011-07-01 02:00:00,WIND,600702,1,HCM,1,18974,1011,290,3,280,7,50,6,6,6,6,6,NA,NA,NA,NA,2011-07-01 01:52:00,0
2011-07-01 03:00:00,WIND,600702,1,HCM,1,18974,1011,270,2,280,6,213,6,6,6,6,6,NA,NA,NA,NA,2011-07-01 02:52:00,0
2011-07-01 04:00:00,WIND,600702,1,HCM,1,18974,1011,280,5,280,7,257,6,6,6,6,6,NA,NA,NA,NA,2011-07-01 03:51:00,0
2011-07-01 05:00:00,WIND,600702,1,HCM,1,18974,1011,270,5,270,7,412,6,6,6,6,6,NA,NA,NA,NA,2011-07-01 04:51:00,0
2011-07-01 06:00:00,WIND,600702,1,HCM,1,18974,1011,260,4,260,7,549,6,6,6,6,6,NA,NA,NA,NA,2011-07-01 05:52:00,0
2011-07-01 07:00:00,WIND,600702,1,HCM,1,18974,1011,260,6,260,9,607,6,6,6,6,6,NA,NA,NA,NA,2011-07-01 06:51:00,0
2011-07-01 08:00:00,WIND,600702,1,HCM,1,18974,1011,250,6,270,10,655,6,6,6,6,6,NA,NA,NA,NA,2011-07-01 07:51:00,0
2011-07-01 09:00:00,WIND,600702,1,HCM,1,18974,1011,220,5,190,8,845,6,6,6,6,6,NA,NA,NA,NA,2011-07-01 08:54:00,0
2011-07-01 10:00:00,WIND,600702,1,HCM,1,18974,1011,190,7,190,9,947,6,6,6,6,6,NA,NA,NA,NA,2011-07-01 09:52:00,0
2011-07-01 11:00:00,WIND,600702,1,HCM,1,18974,1011,190,9,200,13,1049,6,6,6,6,6,NA,NA,NA,NA,2011-07-01 10:52:00,0
2011-07-01 12:00:00,WIND,600702,1,HCM,1,18974,1011,190,9,190,14,1108,6,6,6,6,6,NA,NA,NA,NA,2011-07-01 11:51:00,0
2011-07-01 13:00:00,WIND,600702,1,HCM,1,18974,1011,190,9,180,13,1244,6,6,6,6,6,NA,NA,NA,NA,2011-07-01 12:51:00,0
2011-07-01 14:00:00,WIND,600702,1,HCM,1,18974,1011,190,10,190,14,1333,6,6,6,6,6,NA,NA,NA,NA,2011-07-01 13:51:00,0
2011-07-01 15:00:00,WIND,600702,1,HCM,1,18974,1011,180,10,190,13,1441,6,6,6,6,6,NA,NA,NA,NA,2011-07-01 14:51:00,0
2011-07-01 16:00:00,WIND,600702,1,HCM,1,18974,1011,180,9,190,12,1502,6,6,6,6,6,NA,NA,NA,NA,2011-07-01 15:51:00,0
2011-07-01 17:00:00,WIND,600702,1,HCM,1,18974,1011,180,9,190,11,1618,6,6,6,6,6,NA,NA,NA,NA,2011-07-01 16:51:00,0
2011-07-01 18:00:00,WIND,600702,1,HCM,1,18974,1011,170,8,190,11,1651,6,6,6,6,6,NA,NA,NA,NA,2011-07-01 17:51:00,0
2011-07-01 19:00:00,WIND,600702,1,HCM,1,18974,1011,170,7,160,10,1754,6,6,6,6,6,NA,NA,NA,NA,2011-07-01 18:51:00,0
2011-07-01 20:00:00,WIND,600702,1,HCM,1,18974,1011,170,6,170,9,1904,6,6,6,6,6,NA,NA,NA,NA,2011-07-01 19:52:00,0
2011-07-01 21:00:00,WIND,600702,1,HCM,1,18974,1011,160,6,150,8,2048,6,6,6,6,6,NA,NA,NA,NA,2011-07-01 20:54:00,0
2011-07-01 22:00:00,WIND,600702,1,HCM,1,18974,1011,160,6,150,8,2051,6,6,6,6,6,NA,NA,NA,NA,2011-07-01 21:51:00,0
2011-07-01 23:00:00,WIND,600702,1,HCM,1,18974,1011,160,5,170,7,2150,6,6,6,6,6,NA,NA,NA,NA,2011-07-01 22:52:00,0
2011-07-02 00:00:00,WIND,600702,1,HCM,1,18974,1011,150,5,140,6,2340,6,6,6,6,6,NA,NA,NA,NA,2011-07-01 23:51:00,0
2011-07-02 01:00:00,WIND,600702,1,HCM,1,18974,1011,140,5,130,6,4,6,6,6,6,6,NA,NA,NA,NA,2011-07-02 00:51:00,0
2011-07-02 02:00:00,WIND,600702,1,HCM,1,18974,1011,130,6,120,8,140,6,6,6,6,6,NA,NA,NA,NA,2011-07-02 01:51:00,0
2011-07-02 03:00:00,WIND,600702,1,HCM,1,18974,1011,140,7,140,9,216,6,6,6,6,6,NA,NA,NA,NA,2011-07-02 02:52:00,0
2011-07-02 04:00:00,WIND,600702,1,HCM,1,18974,1011,150,8,150,13,344,6,6,6,6,6,NA,NA,NA,NA,2011-07-02 03:51:00,0
2011-07-02 05:00:00,WIND,600702,1,HCM,1,18974,1011,150,10,150,13,436,6,6,6,6,6,NA,NA,NA,NA,2011-07-02 04:51:00,0
2011-07-02 06:00:00,WIND,600702,1,HCM,1,18974,1011,160,10,150,13,545,6,6,6,6,6,NA,NA,NA,NA,2011-07-02 05:52:00,0
2011-07-02 07:00:00,WIND,600702,1,HCM,1,18974,1011,160,11,150,15,647,6,6,6,6,6,NA,NA,NA,NA,2011-07-02 06:52:00,0
2011-07-02 08:00:00,WIND,600702,1,HCM,1,18974,1011,160,12,160,15,716,6,6,6,6,6,NA,NA,NA,NA,2011-07-02 07:51:00,0
2011-07-02 09:00:00,WIND,600702,1,HCM,1,18974,1011,160,11,160,14,807,6,6,6,6,6,NA,NA,NA,NA,2011-07-02 08:54:00,0
2011-07-02 10:00:00,WIND,600702,1,HCM,1,18974,1011,160,11,150,15,850,6,6,6,6,6,NA,NA,NA,NA,2011-07-02 09:51:00,0
2011-07-02 11:00:00,WIND,600702,1,HCM,1,18974,1011,150,11,150,14,1002,6,6,6,6,6,NA,NA,NA,NA,2011-07-02 10:52:00,0
2011-07-02 12:00:00,WIND,600702,1,HCM,1,18974,1011,150,11,150,14,1135,6,6,6,6,6,NA,NA,NA,NA,2011-07-02 11:52:00,0
2011-07-02 13:00:00,WIND,600702,1,HCM,1,18974,1011,160,10,160,14,1218,6,6,6,6,6,NA,NA,NA,NA,2011-07-02 12:52:00,0
2011-07-02 14:00:00,WIND,600702,1,HCM,1,18974,1011,150,10,160,13,1308,6,6,6,6,6,NA,NA,NA,NA,2011-07-02 13:51:00,0
2011-07-02 15:00:00,WIND,600702,1,HCM,1,18974,1011,150,9,150,12,1358,6,6,6,6,6,NA,NA,NA,NA,2011-07-02 14:51:00,0
2011-07-02 16:00:00,WIND,600702,1,HCM,1,18974,1011,150,8,150,11,1503,6,6,6,6,6,NA,NA,NA,NA,2011-07-02 15:52:00,0
2011-07-02 17:00:00,WIND,600702,1,HCM,1,18974,1011,150,8,150,11,1640,6,6,6,6,6,NA,NA,NA,NA,2011-07-02 16:52:00,0
2011-07-02 18:00:00,WIND,600702,1,HCM,1,18974,1011,160,8,150,12,1707,6,6,6,6,6,NA,NA,NA,NA,2011-07-02 17:52:00,0
2011-07-02 19:00:00,WIND,600702,1,HCM,1,18974,1011,160,6,170,9,1757,6,6,6,6,6,NA,NA,NA,NA,2011-07-02 18:52:00,0
2011-07-02 20:00:00,WIND,600702,1,HCM,1,18974,1011,150,6,140,10,1912,6,6,6,6,6,NA,NA,NA,NA,2011-07-02 19:51:00,0
2011-07-02 21:00:00,WIND,600702,1,HCM,1,18974,1011,150,6,150,9,2028,6,6,6,6,6,NA,NA,NA,NA,2011-07-02 20:54:00,0
2011-07-02 22:00:00,WIND,600702,1,HCM,1,18974,1011,150,6,150,8,2146,6,6,6,6,6,NA,NA,NA,NA,2011-07-02 21:51:00,0
2011-07-02 23:00:00,WIND,600702,1,HCM,1,18974,1011,150,7,160,10,2242,6,6,6,6,6,NA,NA,NA,NA,2011-07-02 22:51:00,0
2011-07-03 00:00:00,WIND,600702,1,HCM,1,18974,1011,190,7,160,10,2256,6,6,6,6,6,NA,NA,NA,NA,2011-07-02 23:52:00,0
2011-07-03 01:00:00,WIND,600702,1,HCM,1,18974,1011,180,7,200,9,2353,6,6,6,6,6,NA,NA,NA,NA,2011-07-03 00:51:00,0
2011-07-03 02:00:00,WIND,600702,1,HCM,1,18974,1011,190,6,210,7,149,6,6,6,6,6,NA,NA,NA,NA,2011-07-03 01:51:00,0
2011-07-03 03:00:00,WIND,600702,1,HCM,1,18974,1011,200,6,210,8,153,6,6,6,6,6,NA,NA,NA,NA,2011-07-03 02:52:00,0
2011-07-03 04:00:00,WIND,600702,1,HCM,1,18974,1011,200,6,200,8,322,6,6,6,6,6,NA,NA,NA,NA,2011-07-03 03:51:00,0
2011-07-03 05:00:00,WIND,600702,1,HCM,1,18974,1011,200,5,200,7,350,6,6,6,6,6,NA,NA,NA,NA,2011-07-03 04:52:00,0
2011-07-03 06:00:00,WIND,600702,1,HCM,1,18974,1011,190,6,190,8,532,6,6,6,6,6,NA,NA,NA,NA,2011-07-03 05:51:00,0
2011-07-03 07:00:00,WIND,600702,1,HCM,1,18974,1011,180,7,180,9,615,6,6,6,6,6,NA,NA,NA,NA,2011-07-03 06:51:00,0
2011-07-03 08:00:00,WIND,600702,1,HCM,1,18974,1011,250,7,190,11,706,6,6,6,6,6,NA,NA,NA,NA,2011-07-03 07:52:00,0
2011-07-03 09:00:00,WIND,600702,1,HCM,1,18974,1011,240,5,230,9,823,6,6,6,6,6,NA,NA,NA,NA,2011-07-03 08:54:00,0
2011-07-03 10:00:00,WIND,600702,1,HCM,1,18974,1011,250,5,280,8,901,6,6,6,6,6,NA,NA,NA,NA,2011-07-03 09:52:00,0
2011-07-03 11:00:00,WIND,600702,1,HCM,1,18974,1011,210,5,240,10,1000,6,6,6,6,6,NA,NA,NA,NA,2011-07-03 10:51:00,0
2011-07-03 12:00:00,WIND,600702,1,HCM,1,18974,1011,170,5,150,9,1125,6,6,6,6,6,NA,NA,NA,NA,2011-07-03 11:51:00,0
2011-07-03 13:00:00,WIND,600702,1,HCM,1,18974,1011,170,5,190,8,1249,6,6,6,6,6,NA,NA,NA,NA,2011-07-03 12:51:00,0
2011-07-03 14:00:00,WIND,600702,1,HCM,1,18974,1011,180,5,170,8,1253,6,6,6,6,6,NA,NA,NA,NA,2011-07-03 13:51:00,0
2011-07-03 15:00:00,WIND,600702,1,HCM,1,18974,1011,180,3,180,7,1403,6,6,6,6,6,NA,NA,NA,NA,2011-07-03 14:51:00,0
2011-07-03 16:00:00,WIND,600702,1,HCM,1,18974,1011,170,3,220,7,1450,6,6,6,6,6,NA,NA,NA,NA,2011-07-03 15:51:00,0
2011-07-03 17:00:00,WIND,600702,1,HCM,1,18974,1011,160,4,170,7,1628,6,6,6,6,6,NA,NA,NA,NA,2011-07-03 16:51:00,0
2011-07-03 18:00:00,WIND,600702,1,HCM,1,18974,1011,360,3,50,6,1737,6,6,6,6,6,NA,NA,NA,NA,2011-07-03 17:51:00,0
2011-07-03 19:00:00,WIND,600702,1,HCM,1,18974,1011,20,4,350,7,1800,6,6,6,6,6,NA,NA,NA,NA,2011-07-03 18:52:00,0
2011-07-03 20:00:00,WIND,600702,1,HCM,1,18974,1011,90,4,110,6,1927,6,6,6,6,6,NA,NA,NA,NA,2011-07-03 19:51:00,0
2011-07-03 21:00:00,WIND,600702,1,HCM,1,18974,1011,100,4,100,6,1952,6,6,6,6,6,NA,NA,NA,NA,2011-07-03 20:54:00,0
2011-07-03 22:00:00,WIND,600702,1,HCM,1,18974,1011,100,3,100,5,2054,6,6,6,6,6,NA,NA,NA,NA,2011-07-03 21:51:00,0
2011-07-03 23:00:00,WIND,600702,1,HCM,1,18974,1011,50,2,60,3,2229,6,6,6,6,6,NA,NA,NA,NA,2011-07-03 22:51:00,0
2011-07-04 00:00:00,WIND,600702,1,HCM,1,18974,1011,10,3,340,4,2349,6,6,6,6,6,NA,NA,NA,NA,2011-07-03 23:52:00,0
2011-07-04 01:00:00,WIND,600702,1,HCM,1,18974,1011,10,3,10,4,49,6,6,6,6,6,NA,NA,NA,NA,2011-07-04 00:52:00,0
2011-07-04 02:00:00,WIND,600702,1,HCM,1,18974,1011,20,4,60,4,143,6,6,6,6,6,NA,NA,NA,NA,2011-07-04 01:52:00,0
2011-07-04 03:00:00,WIND,600702,1,HCM,1,18974,1011,90,4,90,8,207,6,6,6,6,6,NA,NA,NA,NA,2011-07-04 02:51:00,0
2011-07-04 04:00:00,WIND,600702,1,HCM,1,18974,1011,120,4,160,6,338,6,6,6,6,6,NA,NA,NA,NA,2011-07-04 03:52:00,0
2011-07-04 05:00:00,WIND,600702,1,HCM,1,18974,1011,150,6,140,9,445,6,6,6,6,6,NA,NA,NA,NA,2011-07-04 04:51:00,0
2011-07-04 06:00:00,WIND,600702,1,HCM,1,18974,1011,150,8,150,13,547,6,6,6,6,6,NA,NA,NA,NA,2011-07-04 05:51:00,0
2011-07-04 07:00:00,WIND,600702,1,HCM,1,18974,1011,140,11,140,15,634,6,6,6,6,6,NA,NA,NA,NA,2011-07-04 06:52:00,0
2011-07-04 08:00:00,WIND,600702,1,HCM,1,18974,1011,140,12,140,17,745,6,6,6,6,6,NA,NA,NA,NA,2011-07-04 07:51:00,0
2011-07-04 09:00:00,WIND,600702,1,HCM,1,18974,1011,140,14,140,18,836,6,6,6,6,6,NA,NA,NA,NA,2011-07-04 08:54:00,0
2011-07-04 10:00:00,WIND,600702,1,HCM,1,18974,1011,150,16,150,21,946,6,6,6,6,6,NA,NA,NA,NA,2011-07-04 09:51:00,0
2011-07-04 11:00:00,WIND,600702,1,HCM,1,18974,1011,150,17,150,23,1003,6,6,6,6,6,NA,NA,NA,NA,2011-07-04 10:51:00,0
2011-07-04 12:00:00,WIND,600702,1,HCM,1,18974,1011,150,15,150,20,1102,6,6,6,6,6,NA,NA,NA,NA,2011-07-04 11:51:00,0
2011-07-04 13:00:00,WIND,600702,1,HCM,1,18974,1011,150,14,150,19,1215,6,6,6,6,6,NA,NA,NA,NA,2011-07-04 12:51:00,0
2011-07-04 14:00:00,WIND,600702,1,HCM,1,18974,1011,150,12,160,17,1250,6,6,6,6,6,NA,NA,NA,NA,2011-07-04 13:51:00,0
2011-07-04 15:00:00,WIND,600702,1,HCM,1,18974,1011,150,11,160,16,1350,6,6,6,6,6,NA,NA,NA,NA,2011-07-04 14:51:00,0
2011-07-04 16:00:00,WIND,600702,1,HCM,1,18974,1011,160,11,160,16,1514,6,6,6,6,6,NA,NA,NA,NA,2011-07-04 15:51:00,0
2011-07-04 17:00:00,WIND,600702,1,HCM,1,18974,1011,150,9,170,14,1556,6,6,6,6,6,NA,NA,NA,NA,2011-07-04 16:51:00,0
2011-07-04 18:00:00,WIND,600702,1,HCM,1,18974,1011,150,12,150,17,1747,6,6,6,6,6,NA,NA,NA,NA,2011-07-04 17:51:00,0
2011-07-04 19:00:00,WIND,600702,1,HCM,1,18974,1011,150,15,150,20,1831,6,6,6,6,6,NA,NA,NA,NA,2011-07-04 18:51:00,0
2011-07-04 20:00:00,WIND,600702,1,HCM,1,18974,1011,140,15,140,19,1857,6,6,6,6,6,NA,NA,NA,NA,2011-07-04 19:51:00,0
2011-07-04 21:00:00,WIND,600702,1,HCM,1,18974,1011,150,16,150,21,2037,6,6,6,6,6,NA,NA,NA,NA,2011-07-04 20:54:00,0
2011-07-04 22:00:00,WIND,600702,1,HCM,1,18974,1011,150,16,150,22,2111,6,6,6,6,6,NA,NA,NA,NA,2011-07-04 21:51:00,0
2011-07-04 23:00:00,WIND,600702,1,HCM,1,18974,1011,150,16,150,22,2231,6,6,6,6,6,NA,NA,NA,NA,2011-07-04 22:51:00,0
2011-07-05 00:00:00,WIND,600702,1,HCM,1,18974,1011,150,17,150,22,2336,6,6,6,6,6,NA,NA,NA,NA,2011-07-04 23:51:00,0
2011-07-05 01:00:00,WIND,600702,1,HCM,1,18974,1011,150,19,150,26,33,6,6,6,6,6,NA,NA,NA,NA,2011-07-05 00:51:00,0
2011-07-05 02:00:00,WIND,600702,1,HCM,1,18974,1011,140,17,150,23,57,6,6,6,6,6,NA,NA,NA,NA,2011-07-05 01:51:00,0
2011-07-05 03:00:00,WIND,600702,1,HCM,1,18974,1011,150,17,140,23,247,6,6,6,6,6,NA,NA,NA,NA,2011-07-05 02:51:00,0
2011-07-05 04:00:00,WIND,600702,1,HCM,1,18974,1011,140,19,140,24,339,6,6,6,6,6,NA,NA,NA,NA,2011-07-05 03:51:00,0
2011-07-05 05:00:00,WIND,600702,1,HCM,1,18974,1011,150,17,150,23,405,6,6,6,6,6,NA,NA,NA,NA,2011-07-05 04:51:00,0
2011-07-05 06:00:00,WIND,600702,1,HCM,1,18974,1011,150,19,150,26,540,6,6,6,6,6,NA,NA,NA,NA,2011-07-05 05:51:00,0
2011-07-05 07:00:00,WIND,600702,1,HCM,1,18974,1011,150,20,150,32,641,6,6,6,6,6,NA,NA,NA,NA,2011-07-05 06:51:00,0
2011-07-05 08:00:00,WIND,600702,1,HCM,1,18974,1011,150,23,140,34,740,6,6,6,6,6,NA,NA,NA,NA,2011-07-05 07:51:00,0
2011-07-05 09:00:00,WIND,600702,1,HCM,1,18974,1011,150,22,140,35,751,6,6,6,6,6,NA,NA,NA,NA,2011-07-05 08:54:00,0
2011-07-05 10:00:00,WIND,600702,1,HCM,1,18974,1011,150,21,150,31,932,6,6,6,6,6,NA,NA,NA,NA,2011-07-05 09:51:00,0
2011-07-05 11:00:00,WIND,600702,1,HCM,1,18974,1011,150,22,150,33,1043,6,6,6,6,6,NA,NA,NA,NA,2011-07-05 10:51:00,0
2011-07-05 12:00:00,WIND,600702,1,HCM,1,18974,1011,160,22,160,31,1101,6,6,6,6,6,NA,NA,NA,NA,2011-07-05 11:51:00,0
2011-07-05 13:00:00,WIND,600702,1,HCM,1,18974,1011,150,20,160,27,1231,6,6,6,6,6,NA,NA,NA,NA,2011-07-05 12:51:00,0
2011-07-05 14:00:00,WIND,600702,1,HCM,1,18974,1011,150,20,150,27,1304,6,6,6,6,6,NA,NA,NA,NA,2011-07-05 13:51:00,0
2011-07-05 15:00:00,WIND,600702,1,HCM,1,18974,1011,140,21,130,28,1437,6,6,6,6,6,NA,NA,NA,NA,2011-07-05 14:51:00,0
2011-07-05 16:00:00,WIND,600702,1,HCM,1,18974,1011,140,19,150,27,1454,6,6,6,6,6,NA,NA,NA,NA,2011-07-05 15:51:00,0
2011-07-05 17:00:00,WIND,600702,1,HCM,1,18974,1011,140,18,140,27,1641,6,6,6,6,6,NA,NA,NA,NA,2011-07-05 16:51:00,0
2011-07-05 18:00:00,WIND,600702,1,HCM,1,18974,1011,150,16,150,23,1700,6,6,6,6,6,NA,NA,NA,NA,2011-07-05 17:51:00,0
2011-07-05 19:00:00,WIND,600702,1,HCM,1,18974,1011,150,10,160,16,1811,6,6,6,6,6,NA,NA,NA,NA,2011-07-05 18:51:00,0
2011-07-05 20:00:00,WIND,600702,1,HCM,1,18974,1011,140,13,150,19,1908,6,6,6,6,6,NA,NA,NA,NA,2011-07-05 19:51:00,0
2011-07-05 21:00:00,WIND,600702,1,HCM,1,18974,1011,140,13,140,19,2048,6,6,6,6,6,NA,NA,NA,NA,2011-07-05 20:54:00,0
2011-07-05 22:00:00,WIND,600702,1,HCM,1,18974,1011,140,17,140,22,2111,6,6,6,6,6,NA,NA,NA,NA,2011-07-05 21:51:00,0
2011-07-05 23:00:00,WIND,600702,1,HCM,1,18974,1011,140,16,150,22,2233,6,6,6,6,6,NA,NA,NA,NA,2011-07-05 22:51:00,0
2011-07-06 00:00:00,WIND,600702,1,HCM,1,18974,1011,140,15,140,21,2316,6,6,6,6,6,NA,NA,NA,NA,2011-07-05 23:51:00,0
2011-07-06 01:00:00,WIND,600702,1,HCM,1,18974,1011,140,13,140,19,2351,6,6,6,6,6,NA,NA,NA,NA,2011-07-06 00:51:00,0
2011-07-06 02:00:00,WIND,600702,1,HCM,1,18974,1011,140,11,150,16,135,6,6,6,6,6,NA,NA,NA,NA,2011-07-06 01:51:00,0
2011-07-06 03:00:00,WIND,600702,1,HCM,1,18974,1011,150,12,150,18,223,6,6,6,6,6,NA,NA,NA,NA,2011-07-06 02:52:00,0
2011-07-06 04:00:00,WIND,600702,1,HCM,1,18974,1011,140,8,150,11,319,6,6,6,6,6,NA,NA,NA,NA,2011-07-06 03:51:00,0
2011-07-06 05:00:00,WIND,600702,1,HCM,1,18974,1011,150,7,150,13,401,6,6,6,6,6,NA,NA,NA,NA,2011-07-06 04:51:00,0
2011-07-06 06:00:00,WIND,600702,1,HCM,1,18974,1011,130,5,140,8,514,6,6,6,6,6,NA,NA,NA,NA,2011-07-06 05:51:00,0
2011-07-06 07:00:00,WIND,600702,1,HCM,1,18974,1011,100,3,120,7,550,6,6,6,6,6,NA,NA,NA,NA,2011-07-06 06:51:00,0
2011-07-06 08:00:00,WIND,600702,1,HCM,1,18974,1011,30,3,50,5,746,6,6,6,6,6,NA,NA,NA,NA,2011-07-06 07:51:00,0
2011-07-06 09:00:00,WIND,600702,1,HCM,1,18974,1011,40,4,40,6,806,6,6,6,6,6,NA,NA,NA,NA,2011-07-06 08:54:00,0
2011-07-06 10:00:00,WIND,600702,1,HCM,1,18974,1011,340,3,360,7,949,6,6,6,6,6,NA,NA,NA,NA,2011-07-06 09:51:00,0
2011-07-06 11:00:00,WIND,600702,1,HCM,1,18974,1011,350,7,350,9,1017,6,6,6,6,6,NA,NA,NA,NA,2011-07-06 10:51:00,0
2011-07-06 12:00:00,WIND,600702,1,HCM,1,18974,1011,330,8,310,11,1141,6,6,6,6,6,NA,NA,NA,NA,2011-07-06 11:51:00,0
2011-07-06 13:00:00,WIND,600702,1,HCM,1,18974,1011,300,9,290,13,1239,6,6,6,6,6,NA,NA,NA,NA,2011-07-06 12:51:00,0
2011-07-06 14:00:00,WIND,600702,1,HCM,1,18974,1011,320,7,300,14,1258,6,6,6,6,6,NA,NA,NA,NA,2011-07-06 13:51:00,0
2011-07-06 15:00:00,WIND,600702,1,HCM,1,18974,1011,20,5,360,8,1356,6,6,6,6,6,NA,NA,NA,NA,2011-07-06 14:51:00,0
2011-07-06 16:00:00,WIND,600702,1,HCM,1,18974,1011,130,6,90,9,1458,6,6,6,6,6,NA,NA,NA,NA,2011-07-06 15:51:00,0
2011-07-06 17:00:00,WIND,600702,1,HCM,1,18974,1011,200,9,210,14,1644,6,6,6,6,6,NA,NA,NA,NA,2011-07-06 16:51:00,0
2011-07-06 18:00:00,WIND,600702,1,HCM,1,18974,1011,210,10,210,15,1657,6,6,6,6,6,NA,NA,NA,NA,2011-07-06 17:51:00,0
2011-07-06 19:00:00,WIND,600702,1,HCM,1,18974,1011,200,8,210,12,1751,6,6,6,6,6,NA,NA,NA,NA,2011-07-06 18:51:00,0
2011-07-06 20:00:00,WIND,600702,1,HCM,1,18974,1011,180,7,190,10,1852,6,6,6,6,6,NA,NA,NA,NA,2011-07-06 19:51:00,0
2011-07-06 21:00:00,WIND,600702,1,HCM,1,18974,1011,160,7,160,9,2031,6,6,6,6,6,NA,NA,NA,NA,2011-07-06 20:55:00,0
2011-07-06 22:00:00,WIND,600702,1,HCM,1,18974,1011,150,6,150,9,2051,6,6,6,6,6,NA,NA,NA,NA,2011-07-06 21:51:00,0
2011-07-06 23:00:00,WIND,600702,1,HCM,1,18974,1011,110,5,110,8,2244,6,6,6,6,6,NA,NA,NA,NA,2011-07-06 22:51:00,0
2011-07-07 00:00:00,WIND,600702,1,HCM,1,18974,1011,140,11,150,17,2314,6,6,6,6,6,NA,NA,NA,NA,2011-07-06 23:51:00,0
2011-07-07 01:00:00,WIND,600702,1,HCM,1,18974,1011,140,13,140,17,5,6,6,6,6,6,NA,NA,NA,NA,2011-07-07 00:51:00,0
2011-07-07 02:00:00,WIND,600702,1,HCM,1,18974,1011,130,11,140,17,52,6,6,6,6,6,NA,NA,NA,NA,2011-07-07 01:51:00,0
2011-07-07 03:00:00,WIND,600702,1,HCM,1,18974,1011,120,8,130,14,248,6,6,6,6,6,NA,NA,NA,NA,2011-07-07 02:51:00,0
2011-07-07 04:00:00,WIND,600702,1,HCM,1,18974,1011,120,9,130,15,329,6,6,6,6,6,NA,NA,NA,NA,2011-07-07 03:51:00,0
2011-07-07 05:00:00,WIND,600702,1,HCM,1,18974,1011,110,7,110,12,351,6,6,6,6,6,NA,NA,NA,NA,2011-07-07 04:51:00,0
2011-07-07 06:00:00,WIND,600702,1,HCM,1,18974,1011,90,9,90,14,532,6,6,6,6,6,NA,NA,NA,NA,2011-07-07 05:51:00,0
2011-07-07 07:00:00,WIND,600702,1,HCM,1,18974,1011,90,9,100,14,558,6,6,6,6,6,NA,NA,NA,NA,2011-07-07 06:51:00,0
2011-07-07 08:00:00,WIND,600702,1,HCM,1,18974,1011,80,9,90,13,746,6,6,6,6,6,NA,NA,NA,NA,2011-07-07 07:51:00,0
2011-07-07 09:00:00,WIND,600702,1,HCM,1,18974,1011,80,9,90,14,803,6,6,6,6,6,NA,NA,NA,NA,2011-07-07 08:54:00,0
2011-07-07 10:00:00,WIND,600702,1,HCM,1,18974,1011,70,9,70,14,941,6,6,6,6,6,NA,NA,NA,NA,2011-07-07 09:51:00,0
2011-07-07 11:00:00,WIND,600702,1,HCM,1,18974,1011,80,10,90,14,950,6,6,6,6,6,NA,NA,NA,NA,2011-07-07 10:51:00,0
2011-07-07 12:00:00,WIND,600702,1,HCM,1,18974,1011,70,10,80,19,1145,6,6,6,6,6,NA,NA,NA,NA,2011-07-07 11:51:00,0
2011-07-07 13:00:00,WIND,600702,1,HCM,1,18974,1011,90,7,80,23,1154,6,6,6,6,6,NA,NA,NA,NA,2011-07-07 12:51:00,0
2011-07-07 14:00:00,WIND,600702,1,HCM,1,18974,1011,70,8,60,13,1252,6,6,6,6,6,NA,NA,NA,NA,2011-07-07 13:51:00,0
2011-07-07 15:00:00,WIND,600702,1,HCM,1,18974,1011,110,9,100,14,1412,6,6,6,6,6,NA,NA,NA,NA,2011-07-07 14:51:00,0
2011-07-07 16:00:00,WIND,600702,1,HCM,1,18974,1011,150,11,140,15,1521,6,6,6,6,6,NA,NA,NA,NA,2011-07-07 15:51:00,0
2011-07-07 17:00:00,WIND,600702,1,HCM,1,18974,1011,160,10,160,14,1614,6,6,6,6,6,NA,NA,NA,NA,2011-07-07 16:51:00,0
2011-07-07 18:00:00,WIND,600702,1,HCM,1,18974,1011,150,8,160,12,1654,6,6,6,6,6,NA,NA,NA,NA,2011-07-07 17:51:00,0
2011-07-07 19:00:00,WIND,600702,1,HCM,1,18974,1011,140,10,140,17,1838,6,6,6,6,6,NA,NA,NA,NA,2011-07-07 18:51:00,0
2011-07-07 20:00:00,WIND,600702,1,HCM,1,18974,1011,160,10,160,16,1855,6,6,6,6,6,NA,NA,NA,NA,2011-07-07 19:51:00,0
2011-07-07 21:00:00,WIND,600702,1,HCM,1,18974,1011,140,11,140,16,2041,6,6,6,6,6,NA,NA,NA,NA,2011-07-07 20:54:00,0
2011-07-07 22:00:00,WIND,600702,1,HCM,1,18974,1011,140,12,140,16,2122,6,6,6,6,6,NA,NA,NA,NA,2011-07-07 21:51:00,0
2011-07-07 23:00:00,WIND,600702,1,HCM,1,18974,1011,140,15,150,21,2238,6,6,6,6,6,NA,NA,NA,NA,2011-07-07 22:51:00,0
2011-07-08 00:00:00,WIND,600702,1,HCM,1,18974,1011,140,14,140,20,2317,6,6,6,6,6,NA,NA,NA,NA,2011-07-07 23:51:00,0
2011-07-08 01:00:00,WIND,600702,1,HCM,1,18974,1011,130,13,130,17,30,6,6,6,6,6,NA,NA,NA,NA,2011-07-08 00:51:00,0
2011-07-08 02:00:00,WIND,600702,1,HCM,1,18974,1011,120,12,120,16,143,6,6,6,6,6,NA,NA,NA,NA,2011-07-08 01:51:00,0
2011-07-08 03:00:00,WIND,600702,1,HCM,1,18974,1011,110,12,120,17,244,6,6,6,6,6,NA,NA,NA,NA,2011-07-08 02:51:00,0
2011-07-08 04:00:00,WIND,600702,1,HCM,1,18974,1011,120,16,120,21,315,6,6,6,6,6,NA,NA,NA,NA,2011-07-08 03:51:00,0
2011-07-08 05:00:00,WIND,600702,1,HCM,1,18974,1011,130,15,120,21,405,6,6,6,6,6,NA,NA,NA,NA,2011-07-08 04:51:00,0
2011-07-08 06:00:00,WIND,600702,1,HCM,1,18974,1011,140,13,140,18,451,6,6,6,6,6,NA,NA,NA,NA,2011-07-08 05:51:00,0
2011-07-08 07:00:00,WIND,600702,1,HCM,1,18974,1011,120,11,130,17,647,6,6,6,6,6,NA,NA,NA,NA,2011-07-08 06:51:00,0
2011-07-08 08:00:00,WIND,600702,1,HCM,1,18974,1011,120,12,110,17,727,6,6,6,6,6,NA,NA,NA,NA,2011-07-08 07:51:00,0
2011-07-08 09:00:00,WIND,600702,1,HCM,1,18974,1011,120,11,110,15,753,6,6,6,6,6,NA,NA,NA,NA,2011-07-08 08:54:00,0
2011-07-08 10:00:00,WIND,600702,1,HCM,1,18974,1011,110,9,120,14,903,6,6,6,6,6,NA,NA,NA,NA,2011-07-08 09:51:00,0
2011-07-08 11:00:00,WIND,600702,1,HCM,1,18974,1011,90,6,110,11,952,6,6,6,6,6,NA,NA,NA,NA,2011-07-08 10:51:00,0
2011-07-08 12:00:00,WIND,600702,1,HCM,1,18974,1011,10,9,20,13,1123,6,6,6,6,6,NA,NA,NA,NA,2011-07-08 11:51:00,0
2011-07-08 13:00:00,WIND,600702,1,HCM,1,18974,1011,30,11,30,14,1247,6,6,6,6,6,NA,NA,NA,NA,2011-07-08 12:51:00,0
2011-07-08 14:00:00,WIND,600702,1,HCM,1,18974,1011,20,13,20,16,1329,6,6,6,6,6,NA,NA,NA,NA,2011-07-08 13:51:00,0
2011-07-08 15:00:00,WIND,600702,1,HCM,1,18974,1011,10,12,10,16,1352,6,6,6,6,6,NA,NA,NA,NA,2011-07-08 14:52:00,0
2011-07-08 16:00:00,WIND,600702,1,HCM,1,18974,1011,360,13,10,18,1507,6,6,6,6,6,NA,NA,NA,NA,2011-07-08 15:51:00,0
2011-07-08 17:00:00,WIND,600702,1,HCM,1,18974,1011,360,12,360,17,1555,6,6,6,6,6,NA,NA,NA,NA,2011-07-08 16:51:00,0
2011-07-08 18:00:00,WIND,600702,1,HCM,1,18974,1011,360,11,360,17,1650,6,6,6,6,6,NA,NA,NA,NA,2011-07-08 17:51:00,0
2011-07-08 19:00:00,WIND,600702,1,HCM,1,18974,1011,360,10,10,16,1801,6,6,6,6,6,NA,NA,NA,NA,2011-07-08 18:51:00,0
2011-07-08 20:00:00,WIND,600702,1,HCM,1,18974,1011,360,9,360,13,1858,6,6,6,6,6,NA,NA,NA,NA,2011-07-08 19:51:00,0
2011-07-08 21:00:00,WIND,600702,1,HCM,1,18974,1011,360,10,10,15,2011,6,6,6,6,6,NA,NA,NA,NA,2011-07-08 20:53:00,0
2011-07-08 22:00:00,WIND,600702,1,HCM,1,18974,1011,360,9,360,12,2053,6,6,6,6,6,NA,NA,NA,NA,2011-07-08 21:51:00,0
2011-07-08 23:00:00,WIND,600702,1,HCM,1,18974,1011,350,9,350,13,2234,6,6,6,6,6,NA,NA,NA,NA,2011-07-08 22:51:00,0
2011-07-09 00:00:00,WIND,600702,1,HCM,1,18974,1011,340,9,350,13,2313,6,6,6,6,6,NA,NA,NA,NA,2011-07-08 23:51:00,0
2011-07-09 01:00:00,WIND,600702,1,HCM,1,18974,1011,340,8,340,12,11,6,6,6,6,6,NA,NA,NA,NA,2011-07-09 00:51:00,0
2011-07-09 02:00:00,WIND,600702,1,HCM,1,18974,1011,340,11,340,17,143,6,6,6,6,6,NA,NA,NA,NA,2011-07-09 01:51:00,0
2011-07-09 03:00:00,WIND,600702,1,HCM,1,18974,1011,340,12,340,18,158,6,6,6,6,6,NA,NA,NA,NA,2011-07-09 02:51:00,0
2011-07-09 04:00:00,WIND,600702,1,HCM,1,18974,1011,340,12,340,17,303,6,6,6,6,6,NA,NA,NA,NA,2011-07-09 03:51:00,0
2011-07-09 05:00:00,WIND,600702,1,HCM,1,18974,1011,340,10,340,14,409,6,6,6,6,6,NA,NA,NA,NA,2011-07-09 04:51:00,0
2011-07-09 06:00:00,WIND,600702,1,HCM,1,18974,1011,340,9,350,13,458,6,6,6,6,6,NA,NA,NA,NA,2011-07-09 05:51:00,0
2011-07-09 07:00:00,WIND,600702,1,HCM,1,18974,1011,340,10,330,14,553,6,6,6,6,6,NA,NA,NA,NA,2011-07-09 06:51:00,0
2011-07-09 08:00:00,WIND,600702,1,HCM,1,18974,1011,330,10,340,13,704,6,6,6,6,6,NA,NA,NA,NA,2011-07-09 07:51:00,0
2011-07-09 09:00:00,WIND,600702,1,HCM,1,18974,1011,320,11,310,15,834,6,6,6,6,6,NA,NA,NA,NA,2011-07-09 08:53:00,0
2011-07-09 10:00:00,WIND,600702,1,HCM,1,18974,1011,310,10,300,14,949,6,6,6,6,6,NA,NA,NA,NA,2011-07-09 09:51:00,0
2011-07-09 11:00:00,WIND,600702,1,HCM,1,18974,1011,310,11,310,16,1040,6,6,6,6,6,NA,NA,NA,NA,2011-07-09 10:51:00,0
2011-07-09 12:00:00,WIND,600702,1,HCM,1,18974,1011,310,11,300,16,1102,6,6,6,6,6,NA,NA,NA,NA,2011-07-09 11:51:00,0
2011-07-09 13:00:00,WIND,600702,1,HCM,1,18974,1011,310,12,310,16,1217,6,6,6,6,6,NA,NA,NA,NA,2011-07-09 12:51:00,0
2011-07-09 14:00:00,WIND,600702,1,HCM,1,18974,1011,300,12,300,17,1332,6,6,6,6,6,NA,NA,NA,NA,2011-07-09 13:51:00,0
2011-07-09 15:00:00,WIND,600702,1,HCM,1,18974,1011,300,11,300,17,1357,6,6,6,6,6,NA,NA,NA,NA,2011-07-09 14:51:00,0
2011-07-09 16:00:00,WIND,600702,1,HCM,1,18974,1011,310,12,310,17,1543,6,6,6,6,6,NA,NA,NA,NA,2011-07-09 15:51:00,0
2011-07-09 17:00:00,WIND,600702,1,HCM,1,18974,1011,320,14,320,19,1610,6,6,6,6,6,NA,NA,NA,NA,2011-07-09 16:51:00,0
2011-07-09 18:00:00,WIND,600702,1,HCM,1,18974,1011,310,13,310,18,1651,6,6,6,6,6,NA,NA,NA,NA,2011-07-09 17:51:00,0
2011-07-09 19:00:00,WIND,600702,1,HCM,1,18974,1011,300,11,300,16,1816,6,6,6,6,6,NA,NA,NA,NA,2011-07-09 18:51:00,0
2011-07-09 20:00:00,WIND,600702,1,HCM,1,18974,1011,300,10,290,14,1850,6,6,6,6,6,NA,NA,NA,NA,2011-07-09 19:51:00,0
2011-07-09 21:00:00,WIND,600702,1,HCM,1,18974,1011,300,9,310,13,2022,6,6,6,6,6,NA,NA,NA,NA,2011-07-09 20:53:00,0
2011-07-09 22:00:00,WIND,600702,1,HCM,1,18974,1011,300,9,290,12,2106,6,6,6,6,6,NA,NA,NA,NA,2011-07-09 21:51:00,0
2011-07-09 23:00:00,WIND,600702,1,HCM,1,18974,1011,300,8,300,11,2214,6,6,6,6,6,NA,NA,NA,NA,2011-07-09 22:51:00,0
2011-07-10 00:00:00,WIND,600702,1,HCM,1,18974,1011,310,8,320,11,2332,6,6,6,6,6,NA,NA,NA,NA,2011-07-09 23:51:00,0
2011-07-10 01:00:00,WIND,600702,1,HCM,1,18974,1011,300,7,310,11,41,6,6,6,6,6,NA,NA,NA,NA,2011-07-10 00:51:00,0
2011-07-10 02:00:00,WIND,600702,1,HCM,1,18974,1011,310,9,300,13,109,6,6,6,6,6,NA,NA,NA,NA,2011-07-10 01:57:00,0
2011-07-10 03:00:00,WIND,600702,1,HCM,1,18974,1011,320,9,310,12,232,6,6,6,6,6,NA,NA,NA,NA,2011-07-10 02:51:00,0
2011-07-10 04:00:00,WIND,600702,1,HCM,1,18974,1011,310,9,320,12,323,6,6,6,6,6,NA,NA,NA,NA,2011-07-10 03:51:00,0
2011-07-10 05:00:00,WIND,600702,1,HCM,1,18974,1011,310,8,320,13,356,6,6,6,6,6,NA,NA,NA,NA,2011-07-10 04:51:00,0
2011-07-10 06:00:00,WIND,600702,1,HCM,1,18974,1011,320,8,330,11,529,6,6,6,6,6,NA,NA,NA,NA,2011-07-10 05:51:00,0
2011-07-10 07:00:00,WIND,600702,1,HCM,1,18974,1011,330,7,340,11,554,6,6,6,6,6,NA,NA,NA,NA,2011-07-10 06:52:00,0
2011-07-10 08:00:00,WIND,600702,1,HCM,1,18974,1011,310,7,300,10,743,6,6,6,6,6,NA,NA,NA,NA,2011-07-10 07:51:00,0
2011-07-10 09:00:00,WIND,600702,1,HCM,1,18974,1011,300,8,290,12,840,6,6,6,6,6,NA,NA,NA,NA,2011-07-10 08:53:00,0
2011-07-10 10:00:00,WIND,600702,1,HCM,1,18974,1011,300,9,320,12,939,6,6,6,6,6,NA,NA,NA,NA,2011-07-10 09:51:00,0
2011-07-10 11:00:00,WIND,600702,1,HCM,1,18974,1011,300,9,310,11,955,6,6,6,6,6,NA,NA,NA,NA,2011-07-10 10:51:00,0
2011-07-10 12:00:00,WIND,600702,1,HCM,1,18974,1011,310,9,300,12,1116,6,6,6,6,6,NA,NA,NA,NA,2011-07-10 11:51:00,0
2011-07-10 13:00:00,WIND,600702,1,HCM,1,18974,1011,320,8,330,12,1212,6,6,6,6,6,NA,NA,NA,NA,2011-07-10 12:51:00,0
2011-07-10 14:00:00,WIND,600702,1,HCM,1,18974,1011,320,9,340,13,1331,6,6,6,6,6,NA,NA,NA,NA,2011-07-10 13:51:00,0
2011-07-10 15:00:00,WIND,600702,1,HCM,1,18974,1011,330,10,330,15,1445,6,6,6,6,6,NA,NA,NA,NA,2011-07-10 14:51:00,0
2011-07-10 16:00:00,WIND,600702,1,HCM,1,18974,1011,330,12,330,17,1549,6,6,6,6,6,NA,NA,NA,NA,2011-07-10 15:51:00,0
2011-07-10 17:00:00,WIND,600702,1,HCM,1,18974,1011,330,14,310,18,1602,6,6,6,6,6,NA,NA,NA,NA,2011-07-10 16:51:00,0
2011-07-10 18:00:00,WIND,600702,1,HCM,1,18974,1011,330,13,330,18,1657,6,6,6,6,6,NA,NA,NA,NA,2011-07-10 17:51:00,0
2011-07-10 19:00:00,WIND,600702,1,HCM,1,18974,1011,330,13,330,17,1756,6,6,6,6,6,NA,NA,NA,NA,2011-07-10 18:51:00,0
2011-07-10 20:00:00,WIND,600702,1,HCM,1,18974,1011,330,12,330,16,1850,6,6,6,6,6,NA,NA,NA,NA,2011-07-10 19:51:00,0
2011-07-10 21:00:00,WIND,600702,1,HCM,1,18974,1011,330,10,330,14,1950,6,6,6,6,6,NA,NA,NA,NA,2011-07-10 20:53:00,0
2011-07-10 22:00:00,WIND,600702,1,HCM,1,18974,1011,330,8,330,11,2106,6,6,6,6,6,NA,NA,NA,NA,2011-07-10 21:51:00,0
2011-07-10 23:00:00,WIND,600702,1,HCM,1,18974,1011,330,7,330,10,2212,6,6,6,6,6,NA,NA,NA,NA,2011-07-10 22:51:00,0
2011-07-11 00:00:00,WIND,600702,1,HCM,1,18974,1011,330,7,330,9,2250,6,6,6,6,6,NA,NA,NA,NA,2011-07-10 23:51:00,0
2011-07-11 01:00:00,WIND,600702,1,HCM,1,18974,1011,330,7,340,8,3,6,6,6,6,6,NA,NA,NA,NA,2011-07-11 00:51:00,0
2011-07-11 02:00:00,WIND,600702,1,HCM,1,18974,1011,320,6,320,8,115,6,6,6,6,6,NA,NA,NA,NA,2011-07-11 01:51:00,0
2011-07-11 03:00:00,WIND,600702,1,HCM,1,18974,1011,310,6,310,7,215,6,6,6,6,6,NA,NA,NA,NA,2011-07-11 02:51:00,0
2011-07-11 04:00:00,WIND,600702,1,HCM,1,18974,1011,310,4,320,5,254,6,6,6,6,6,NA,NA,NA,NA,2011-07-11 03:51:00,0
2011-07-11 05:00:00,WIND,600702,1,HCM,1,18974,1011,320,4,320,7,449,6,6,6,6,6,NA,NA,NA,NA,2011-07-11 04:51:00,0
2011-07-11 06:00:00,WIND,600702,1,HCM,1,18974,1011,330,3,330,5,456,6,6,6,6,6,NA,NA,NA,NA,2011-07-11 05:51:00,0
2011-07-11 07:00:00,WIND,600702,1,HCM,1,18974,1011,330,4,330,7,639,6,6,6,6,6,NA,NA,NA,NA,2011-07-11 06:51:00,0
2011-07-11 08:00:00,WIND,600702,1,HCM,1,18974,1011,330,6,330,9,719,6,6,6,6,6,NA,NA,NA,NA,2011-07-11 07:51:00,0
2011-07-11 09:00:00,WIND,600702,1,HCM,1,18974,1011,350,6,350,11,837,6,6,6,6,6,NA,NA,NA,NA,2011-07-11 08:52:00,0
2011-07-11 10:00:00,WIND,600702,1,HCM,1,18974,1011,350,6,350,10,912,6,6,6,6,6,NA,NA,NA,NA,2011-07-11 09:51:00,0
2011-07-11 11:00:00,WIND,600702,1,HCM,1,18974,1011,340,6,20,10,1045,6,6,6,6,6,NA,NA,NA,NA,2011-07-11 10:51:00,0
2011-07-11 12:00:00,WIND,600702,1,HCM,1,18974,1011,360,7,10,11,1125,6,6,6,6,6,NA,NA,NA,NA,2011-07-11 11:51:00,0
2011-07-11 13:00:00,WIND,600702,1,HCM,1,18974,1011,350,7,360,11,1201,6,6,6,6,6,NA,NA,NA,NA,2011-07-11 12:51:00,0
2011-07-11 14:00:00,WIND,600702,1,HCM,1,18974,1011,340,6,320,11,1329,6,6,6,6,6,NA,NA,NA,NA,2011-07-11 13:51:00,0
2011-07-11 15:00:00,WIND,600702,1,HCM,1,18974,1011,330,8,330,10,1404,6,6,6,6,6,NA,NA,NA,NA,2011-07-11 14:51:00,0
2011-07-11 16:00:00,WIND,600702,1,HCM,1,18974,1011,350,8,360,13,1545,6,6,6,6,6,NA,NA,NA,NA,2011-07-11 15:51:00,0
2011-07-11 17:00:00,WIND,600702,1,HCM,1,18974,1011,360,10,350,13,1619,6,6,6,6,6,NA,NA,NA,NA,2011-07-11 16:51:00,0
2011-07-11 18:00:00,WIND,600702,1,HCM,1,18974,1011,360,9,10,12,1653,6,6,6,6,6,NA,NA,NA,NA,2011-07-11 17:51:00,0
2011-07-11 19:00:00,WIND,600702,1,HCM,1,18974,1011,10,9,10,13,1830,6,6,6,6,6,NA,NA,NA,NA,2011-07-11 18:51:00,0
2011-07-11 20:00:00,WIND,600702,1,HCM,1,18974,1011,20,9,20,12,1857,6,6,6,6,6,NA,NA,NA,NA,2011-07-11 19:51:00,0
2011-07-11 21:00:00,WIND,600702,1,HCM,1,18974,1011,30,7,30,10,2011,6,6,6,6,6,NA,NA,NA,NA,2011-07-11 20:53:00,0
2011-07-11 22:00:00,WIND,600702,1,HCM,1,18974,1011,30,8,30,12,2102,6,6,6,6,6,NA,NA,NA,NA,2011-07-11 21:51:00,0
2011-07-11 23:00:00,WIND,600702,1,HCM,1,18974,1011,40,7,30,9,2151,6,6,6,6,6,NA,NA,NA,NA,2011-07-11 22:51:00,0
2011-07-12 00:00:00,WIND,600702,1,HCM,1,18974,1011,50,7,50,9,2305,6,6,6,6,6,NA,NA,NA,NA,2011-07-11 23:51:00,0
2011-07-12 01:00:00,WIND,600702,1,HCM,1,18974,1011,60,6,40,8,2355,6,6,6,6,6,NA,NA,NA,NA,2011-07-12 00:52:00,0
2011-07-12 02:00:00,WIND,600702,1,HCM,1,18974,1011,60,6,60,9,106,6,6,6,6,6,NA,NA,NA,NA,2011-07-12 01:51:00,0
2011-07-12 03:00:00,WIND,600702,1,HCM,1,18974,1011,40,4,50,6,152,6,6,6,6,6,NA,NA,NA,NA,2011-07-12 02:51:00,0
2011-07-12 04:00:00,WIND,600702,1,HCM,1,18974,1011,60,4,40,5,250,6,6,6,6,6,NA,NA,NA,NA,2011-07-12 03:51:00,0
2011-07-12 05:00:00,WIND,600702,1,HCM,1,18974,1011,110,3,130,5,354,6,6,6,6,6,NA,NA,NA,NA,2011-07-12 04:51:00,0
2011-07-12 06:00:00,WIND,600702,1,HCM,1,18974,1011,130,6,140,10,546,6,6,6,6,6,NA,NA,NA,NA,2011-07-12 05:51:00,0
2011-07-12 07:00:00,WIND,600702,1,HCM,1,18974,1011,140,9,150,12,644,6,6,6,6,6,NA,NA,NA,NA,2011-07-12 06:51:00,0
2011-07-12 08:00:00,WIND,600702,1,HCM,1,18974,1011,150,9,140,12,706,6,6,6,6,6,NA,NA,NA,NA,2011-07-12 07:51:00,0
2011-07-12 09:00:00,WIND,600702,1,HCM,1,18974,1011,160,10,160,13,839,6,6,6,6,6,NA,NA,NA,NA,2011-07-12 08:53:00,0
2011-07-12 10:00:00,WIND,600702,1,HCM,1,18974,1011,160,9,160,12,927,6,6,6,6,6,NA,NA,NA,NA,2011-07-12 09:51:00,0
2011-07-12 11:00:00,WIND,600702,1,HCM,1,18974,1011,170,9,160,11,953,6,6,6,6,6,NA,NA,NA,NA,2011-07-12 10:51:00,0
2011-07-12 12:00:00,WIND,600702,1,HCM,1,18974,1011,170,7,170,11,1050,6,6,6,6,6,NA,NA,NA,NA,2011-07-12 11:51:00,0
2011-07-12 13:00:00,WIND,600702,1,HCM,1,18974,1011,180,6,190,9,1212,6,6,6,6,6,NA,NA,NA,NA,2011-07-12 12:51:00,0
2011-07-12 14:00:00,WIND,600702,1,HCM,1,18974,1011,170,5,170,8,1331,6,6,6,6,6,NA,NA,NA,NA,2011-07-12 13:51:00,0
2011-07-12 15:00:00,WIND,600702,1,HCM,1,18974,1011,300,4,10,8,1443,6,6,6,6,6,NA,NA,NA,NA,2011-07-12 14:51:00,0
2011-07-12 16:00:00,WIND,600702,1,HCM,1,18974,1011,10,5,10,9,1542,6,6,6,6,6,NA,NA,NA,NA,2011-07-12 15:51:00,0
2011-07-12 17:00:00,WIND,600702,1,HCM,1,18974,1011,10,5,360,8,1558,6,6,6,6,6,NA,NA,NA,NA,2011-07-12 16:51:00,0
2011-07-12 18:00:00,WIND,600702,1,HCM,1,18974,1011,10,5,350,8,1710,6,6,6,6,6,NA,NA,NA,NA,2011-07-12 17:52:00,0
2011-07-12 19:00:00,WIND,600702,1,HCM,1,18974,1011,20,6,20,8,1835,6,6,6,6,6,NA,NA,NA,NA,2011-07-12 18:52:00,0
2011-07-12 20:00:00,WIND,600702,1,HCM,1,18974,1011,20,5,20,7,1858,6,6,6,6,6,NA,NA,NA,NA,2011-07-12 19:51:00,0
2011-07-12 21:00:00,WIND,600702,1,HCM,1,18974,1011,30,4,30,6,1950,6,6,6,6,6,NA,NA,NA,NA,2011-07-12 20:53:00,0
2011-07-12 22:00:00,WIND,600702,1,HCM,1,18974,1011,40,5,50,5,2113,6,6,6,6,6,NA,NA,NA,NA,2011-07-12 21:51:00,0
2011-07-12 23:00:00,WIND,600702,1,HCM,1,18974,1011,40,4,50,5,2223,6,6,6,6,6,NA,NA,NA,NA,2011-07-12 22:51:00,0
2011-07-13 00:00:00,WIND,600702,1,HCM,1,18974,1011,50,4,50,5,2306,6,6,6,6,6,NA,NA,NA,NA,2011-07-12 23:51:00,0
2011-07-13 01:00:00,WIND,600702,1,HCM,1,18974,1011,60,3,60,3,16,6,6,6,6,6,NA,NA,NA,NA,2011-07-13 00:52:00,0
2011-07-13 02:00:00,WIND,600702,1,HCM,1,18974,1011,90,4,90,5,103,6,6,6,6,6,NA,NA,NA,NA,2011-07-13 01:52:00,0
2011-07-13 03:00:00,WIND,600702,1,HCM,1,18974,1011,130,3,140,4,226,6,6,6,6,6,NA,NA,NA,NA,2011-07-13 02:51:00,0
2011-07-13 04:00:00,WIND,600702,1,HCM,1,18974,1011,130,3,140,6,349,6,6,6,6,6,NA,NA,NA,NA,2011-07-13 03:51:00,0
2011-07-13 05:00:00,WIND,600702,1,HCM,1,18974,1011,160,4,140,6,353,6,6,6,6,6,NA,NA,NA,NA,2011-07-13 04:51:00,0
2011-07-13 06:00:00,WIND,600702,1,HCM,1,18974,1011,160,6,150,11,545,6,6,6,6,6,NA,NA,NA,NA,2011-07-13 05:52:00,0
2011-07-13 07:00:00,WIND,600702,1,HCM,1,18974,1011,160,10,160,13,626,6,6,6,6,6,NA,NA,NA,NA,2011-07-13 06:52:00,0
2011-07-13 08:00:00,WIND,600702,1,HCM,1,18974,1011,160,11,160,14,726,6,6,6,6,6,NA,NA,NA,NA,2011-07-13 07:51:00,0
2011-07-13 09:00:00,WIND,600702,1,HCM,1,18974,1011,160,11,160,15,800,6,6,6,6,6,NA,NA,NA,NA,2011-07-13 08:53:00,0
2011-07-13 10:00:00,WIND,600702,1,HCM,1,18974,1011,180,11,180,15,911,6,6,6,6,6,NA,NA,NA,NA,2011-07-13 09:52:00,0
2011-07-13 11:00:00,WIND,600702,1,HCM,1,18974,1011,180,11,190,16,1000,6,6,6,6,6,NA,NA,NA,NA,2011-07-13 10:51:00,0
2011-07-13 12:00:00,WIND,600702,1,HCM,1,18974,1011,180,11,190,16,1128,6,6,6,6,6,NA,NA,NA,NA,2011-07-13 11:51:00,0
2011-07-13 13:00:00,WIND,600702,1,HCM,1,18974,1011,190,11,190,15,1213,6,6,6,6,6,NA,NA,NA,NA,2011-07-13 12:51:00,0
2011-07-13 14:00:00,WIND,600702,1,HCM,1,18974,1011,190,11,190,14,1257,6,6,6,6,6,NA,NA,NA,NA,2011-07-13 13:52:00,0
2011-07-13 15:00:00,WIND,600702,1,HCM,1,18974,1011,190,9,190,14,1404,6,6,6,6,6,NA,NA,NA,NA,2011-07-13 14:52:00,0
2011-07-13 16:00:00,WIND,600702,1,HCM,1,18974,1011,190,9,190,12,1451,6,6,6,6,6,NA,NA,NA,NA,2011-07-13 15:52:00,0
2011-07-13 17:00:00,WIND,600702,1,HCM,1,18974,1011,190,8,190,11,1559,6,6,6,6,6,NA,NA,NA,NA,2011-07-13 16:52:00,0
2011-07-13 18:00:00,WIND,600702,1,HCM,1,18974,1011,190,7,190,9,1702,6,6,6,6,6,NA,NA,NA,NA,2011-07-13 17:52:00,0
2011-07-13 19:00:00,WIND,600702,1,HCM,1,18974,1011,180,6,190,8,1810,6,6,6,6,6,NA,NA,NA,NA,2011-07-13 18:52:00,0
2011-07-13 20:00:00,WIND,600702,1,HCM,1,18974,1011,180,5,190,8,1911,6,6,6,6,6,NA,NA,NA,NA,2011-07-13 19:51:00,0
2011-07-13 21:00:00,WIND,600702,1,HCM,1,18974,1011,180,5,170,6,2033,6,6,6,6,6,NA,NA,NA,NA,2011-07-13 20:53:00,0
2011-07-13 22:00:00,WIND,600702,1,HCM,1,18974,1011,160,6,160,8,2109,6,6,6,6,6,NA,NA,NA,NA,2011-07-13 21:51:00,0
2011-07-13 23:00:00,WIND,600702,1,HCM,1,18974,1011,160,6,170,8,2154,6,6,6,6,6,NA,NA,NA,NA,2011-07-13 22:51:00,0
2011-07-14 00:00:00,WIND,600702,1,HCM,1,18974,1011,170,6,160,8,2347,6,6,6,6,6,NA,NA,NA,NA,2011-07-13 23:51:00,0
2011-07-14 01:00:00,WIND,600702,1,HCM,1,18974,1011,170,7,150,12,44,6,6,6,6,6,NA,NA,NA,NA,2011-07-14 00:51:00,0
2011-07-14 02:00:00,WIND,600702,1,HCM,1,18974,1011,160,9,170,13,146,6,6,6,6,6,NA,NA,NA,NA,2011-07-14 01:51:00,0
2011-07-14 03:00:00,WIND,600702,1,HCM,1,18974,1011,180,10,170,15,209,6,6,6,6,6,NA,NA,NA,NA,2011-07-14 02:51:00,0
2011-07-14 04:00:00,WIND,600702,1,HCM,1,18974,1011,190,8,190,12,254,6,6,6,6,6,NA,NA,NA,NA,2011-07-14 03:51:00,0
2011-07-14 05:00:00,WIND,600702,1,HCM,1,18974,1011,220,6,250,10,437,6,6,6,6,6,NA,NA,NA,NA,2011-07-14 04:52:00,0
2011-07-14 06:00:00,WIND,600702,1,HCM,1,18974,1011,260,6,260,9,450,6,6,6,6,6,NA,NA,NA,NA,2011-07-14 05:51:00,0
2011-07-14 07:00:00,WIND,600702,1,HCM,1,18974,1011,240,7,230,11,632,6,6,6,6,6,NA,NA,NA,NA,2011-07-14 06:52:00,0
2011-07-14 08:00:00,WIND,600702,1,HCM,1,18974,1011,230,9,230,14,740,6,6,6,6,6,NA,NA,NA,NA,2011-07-14 07:51:00,0
2011-07-14 09:00:00,WIND,600702,1,HCM,1,18974,1011,220,8,210,12,844,6,6,6,6,6,NA,NA,NA,NA,2011-07-14 08:53:00,0
2011-07-14 10:00:00,WIND,600702,1,HCM,1,18974,1011,200,9,220,14,913,6,6,6,6,6,NA,NA,NA,NA,2011-07-14 09:51:00,0
2011-07-14 11:00:00,WIND,600702,1,HCM,1,18974,1011,220,11,240,15,1038,6,6,6,6,6,NA,NA,NA,NA,2011-07-14 10:51:00,0
2011-07-14 12:00:00,WIND,600702,1,HCM,1,18974,1011,210,10,210,15,1058,6,6,6,6,6,NA,NA,NA,NA,2011-07-14 11:51:00,0
2011-07-14 13:00:00,WIND,600702,1,HCM,1,18974,1011,220,10,260,17,1243,6,6,6,6,6,NA,NA,NA,NA,2011-07-14 12:51:00,0
2011-07-14 14:00:00,WIND,600702,1,HCM,1,18974,1011,270,11,270,16,1345,6,6,6,6,6,NA,NA,NA,NA,2011-07-14 13:51:00,0
2011-07-14 15:00:00,WIND,600702,1,HCM,1,18974,1011,280,10,280,15,1351,6,6,6,6,6,NA,NA,NA,NA,2011-07-14 14:51:00,0
2011-07-14 16:00:00,WIND,600702,1,HCM,1,18974,1011,300,9,300,14,1513,6,6,6,6,6,NA,NA,NA,NA,2011-07-14 15:51:00,0
2011-07-14 17:00:00,WIND,600702,1,HCM,1,18974,1011,300,8,280,13,1644,6,6,6,6,6,NA,NA,NA,NA,2011-07-14 16:51:00,0
2011-07-14 18:00:00,WIND,600702,1,HCM,1,18974,1011,290,8,270,12,1713,6,6,6,6,6,NA,NA,NA,NA,2011-07-14 17:51:00,0
2011-07-14 19:00:00,WIND,600702,1,HCM,1,18974,1011,300,6,290,9,1756,6,6,6,6,6,NA,NA,NA,NA,2011-07-14 18:51:00,0
2011-07-14 20:00:00,WIND,600702,1,HCM,1,18974,1011,280,4,270,7,1944,6,6,6,6,6,NA,NA,NA,NA,2011-07-14 19:51:00,0
2011-07-14 21:00:00,WIND,600702,1,HCM,1,18974,1011,270,5,300,9,2013,6,6,6,6,6,NA,NA,NA,NA,2011-07-14 20:56:00,0
2011-07-14 22:00:00,WIND,600702,1,HCM,1,18974,1011,270,3,280,6,2140,6,6,6,6,6,NA,NA,NA,NA,2011-07-14 21:51:00,0
2011-07-14 23:00:00,WIND,600702,1,HCM,1,18974,1011,270,4,280,5,2150,6,6,6,6,6,NA,NA,NA,NA,2011-07-14 22:51:00,0
2011-07-15 00:00:00,WIND,600702,1,HCM,1,18974,1011,260,4,260,5,2259,6,6,6,6,6,NA,NA,NA,NA,2011-07-14 23:51:00,0
2011-07-15 01:00:00,WIND,600702,1,HCM,1,18974,1011,240,4,250,6,45,6,6,6,6,6,NA,NA,NA,NA,2011-07-15 00:51:00,0
2011-07-15 02:00:00,WIND,600702,1,HCM,1,18974,1011,240,5,250,6,57,6,6,6,6,6,NA,NA,NA,NA,2011-07-15 01:52:00,0
2011-07-15 03:00:00,WIND,600702,1,HCM,1,18974,1011,220,3,260,5,151,6,6,6,6,6,NA,NA,NA,NA,2011-07-15 02:51:00,0
2011-07-15 04:00:00,WIND,600702,1,HCM,1,18974,1011,210,5,200,6,324,6,6,6,6,6,NA,NA,NA,NA,2011-07-15 03:52:00,0
2011-07-15 05:00:00,WIND,600702,1,HCM,1,18974,1011,200,5,200,7,410,6,6,6,6,6,NA,NA,NA,NA,2011-07-15 04:51:00,0
2011-07-15 06:00:00,WIND,600702,1,HCM,1,18974,1011,180,6,180,11,549,6,6,6,6,6,NA,NA,NA,NA,2011-07-15 05:51:00,0
2011-07-15 07:00:00,WIND,600702,1,HCM,1,18974,1011,190,10,190,15,646,6,6,6,6,6,NA,NA,NA,NA,2011-07-15 06:52:00,0
2011-07-15 08:00:00,WIND,600702,1,HCM,1,18974,1011,190,12,190,16,729,6,6,6,6,6,NA,NA,NA,NA,2011-07-15 07:51:00,0
2011-07-15 09:00:00,WIND,600702,1,HCM,1,18974,1011,180,12,180,16,817,6,6,6,6,6,NA,NA,NA,NA,2011-07-15 08:54:00,0
2011-07-15 10:00:00,WIND,600702,1,HCM,1,18974,1011,180,12,170,16,927,6,6,6,6,6,NA,NA,NA,NA,2011-07-15 09:52:00,0
2011-07-15 11:00:00,WIND,600702,1,HCM,1,18974,1011,170,12,180,17,1008,6,6,6,6,6,NA,NA,NA,NA,2011-07-15 10:52:00,0
2011-07-15 12:00:00,WIND,600702,1,HCM,1,18974,1011,170,14,170,19,1138,6,6,6,6,6,NA,NA,NA,NA,2011-07-15 11:52:00,0
2011-07-15 13:00:00,WIND,600702,1,HCM,1,18974,1011,190,14,190,20,1213,6,6,6,6,6,NA,NA,NA,NA,2011-07-15 12:52:00,0
2011-07-15 14:00:00,WIND,600702,1,HCM,1,18974,1011,200,13,200,19,1303,6,6,6,6,6,NA,NA,NA,NA,2011-07-15 13:52:00,0
2011-07-15 15:00:00,WIND,600702,1,HCM,1,18974,1011,190,13,200,18,1442,6,6,6,6,6,NA,NA,NA,NA,2011-07-15 14:52:00,0
2011-07-15 16:00:00,WIND,600702,1,HCM,1,18974,1011,190,15,190,20,1540,6,6,6,6,6,NA,NA,NA,NA,2011-07-15 15:52:00,0
2011-07-15 17:00:00,WIND,600702,1,HCM,1,18974,1011,190,16,190,24,1643,6,6,6,6,6,NA,NA,NA,NA,2011-07-15 16:52:00,0
2011-07-15 18:00:00,WIND,600702,1,HCM,1,18974,1011,180,19,180,28,1734,6,6,6,6,6,NA,NA,NA,NA,2011-07-15 17:52:00,0
2011-07-15 19:00:00,WIND,600702,1,HCM,1,18974,1011,180,21,180,29,1809,6,6,6,6,6,NA,NA,NA,NA,2011-07-15 18:52:00,0
2011-07-15 20:00:00,WIND,600702,1,HCM,1,18974,1011,180,21,180,30,1932,6,6,6,6,6,NA,NA,NA,NA,2011-07-15 19:52:00,0
2011-07-15 21:00:00,WIND,600702,1,HCM,1,18974,1011,190,22,190,30,2018,6,6,6,6,6,NA,NA,NA,NA,2011-07-15 20:54:00,0
2011-07-15 22:00:00,WIND,600702,1,HCM,1,18974,1011,210,16,190,25,2103,6,6,6,6,6,NA,NA,NA,NA,2011-07-15 21:52:00,0
2011-07-15 23:00:00,WIND,600702,1,HCM,1,18974,1011,230,12,240,21,2245,6,6,6,6,6,NA,NA,NA,NA,2011-07-15 22:52:00,0
2011-07-16 00:00:00,WIND,600702,1,HCM,1,18974,1011,230,13,230,20,2316,6,6,6,6,6,NA,NA,NA,NA,2011-07-15 23:52:00,0
2011-07-16 01:00:00,WIND,600702,1,HCM,1,18974,1011,230,12,240,18,29,6,6,6,6,6,NA,NA,NA,NA,2011-07-16 00:52:00,0
2011-07-16 02:00:00,WIND,600702,1,HCM,1,18974,1011,230,12,230,18,104,6,6,6,6,6,NA,NA,NA,NA,2011-07-16 01:52:00,0
2011-07-16 03:00:00,WIND,600702,1,HCM,1,18974,1011,240,12,240,18,221,6,6,6,6,6,NA,NA,NA,NA,2011-07-16 02:52:00,0
2011-07-16 04:00:00,WIND,600702,1,HCM,1,18974,1011,250,11,240,19,251,6,6,6,6,6,NA,NA,NA,NA,2011-07-16 03:52:00,0
2011-07-16 05:00:00,WIND,600702,1,HCM,1,18974,1011,240,8,240,12,404,6,6,6,6,6,NA,NA,NA,NA,2011-07-16 04:52:00,0
2011-07-16 06:00:00,WIND,600702,1,HCM,1,18974,1011,250,7,240,12,452,6,6,6,6,6,NA,NA,NA,NA,2011-07-16 05:51:00,0
2011-07-16 07:00:00,WIND,600702,1,HCM,1,18974,1011,250,8,240,15,628,6,6,6,6,6,NA,NA,NA,NA,2011-07-16 06:52:00,0
2011-07-16 08:00:00,WIND,600702,1,HCM,1,18974,1011,260,8,250,12,748,6,6,6,6,6,NA,NA,NA,NA,2011-07-16 07:51:00,0
2011-07-16 09:00:00,WIND,600702,1,HCM,1,18974,1011,270,6,260,11,750,6,6,6,6,6,NA,NA,NA,NA,2011-07-16 08:54:00,0
2011-07-16 10:00:00,WIND,600702,1,HCM,1,18974,1011,250,7,240,12,930,6,6,6,6,6,NA,NA,NA,NA,2011-07-16 09:52:00,0
2011-07-16 11:00:00,WIND,600702,1,HCM,1,18974,1011,270,8,270,12,1011,6,6,6,6,6,NA,NA,NA,NA,2011-07-16 10:51:00,0
2011-07-16 12:00:00,WIND,600702,1,HCM,1,18974,1011,260,8,250,12,1137,6,6,6,6,6,NA,NA,NA,NA,2011-07-16 11:51:00,0
2011-07-16 13:00:00,WIND,600702,1,HCM,1,18974,1011,250,8,250,13,1152,6,6,6,6,6,NA,NA,NA,NA,2011-07-16 12:51:00,0
2011-07-16 14:00:00,WIND,600702,1,HCM,1,18974,1011,240,7,250,13,1250,6,6,6,6,6,NA,NA,NA,NA,2011-07-16 13:51:00,0
2011-07-16 15:00:00,WIND,600702,1,HCM,1,18974,1011,230,7,240,10,1351,6,6,6,6,6,NA,NA,NA,NA,2011-07-16 14:51:00,0
2011-07-16 16:00:00,WIND,600702,1,HCM,1,18974,1011,220,5,170,11,1532,6,6,6,6,6,NA,NA,NA,NA,2011-07-16 15:51:00,0
2011-07-16 17:00:00,WIND,600702,1,HCM,1,18974,1011,40,4,160,17,1602,6,6,6,6,6,NA,NA,NA,NA,2011-07-16 16:52:00,0
2011-07-16 18:00:00,WIND,600702,1,HCM,1,18974,1011,360,6,20,10,1722,6,6,6,6,6,NA,NA,NA,NA,2011-07-16 17:52:00,0
2011-07-16 19:00:00,WIND,600702,1,HCM,1,18974,1011,10,8,10,11,1812,6,6,6,6,6,NA,NA,NA,NA,2011-07-16 18:51:00,0
2011-07-16 20:00:00,WIND,600702,1,HCM,1,18974,1011,360,9,350,12,1915,6,6,6,6,6,NA,NA,NA,NA,2011-07-16 19:52:00,0
2011-07-16 21:00:00,WIND,600702,1,HCM,1,18974,1011,340,8,350,14,2049,6,6,6,6,6,NA,NA,NA,NA,2011-07-16 20:54:00,0
2011-07-16 22:00:00,WIND,600702,1,HCM,1,18974,1011,340,11,350,17,2148,6,6,6,6,6,NA,NA,NA,NA,2011-07-16 21:51:00,0
2011-07-16 23:00:00,WIND,600702,1,HCM,1,18974,1011,340,12,340,18,2202,6,6,6,6,6,NA,NA,NA,NA,2011-07-16 22:52:00,0
2011-07-17 00:00:00,WIND,600702,1,HCM,1,18974,1011,350,17,360,25,2336,6,6,6,6,6,NA,NA,NA,NA,2011-07-16 23:52:00,0
2011-07-17 01:00:00,WIND,600702,1,HCM,1,18974,1011,350,18,350,26,2353,6,6,6,6,6,NA,NA,NA,NA,2011-07-17 00:51:00,0
2011-07-17 02:00:00,WIND,600702,1,HCM,1,18974,1011,340,19,340,28,132,6,6,6,6,6,NA,NA,NA,NA,2011-07-17 01:52:00,0
2011-07-17 03:00:00,WIND,600702,1,HCM,1,18974,1011,340,18,340,26,245,6,6,6,6,6,NA,NA,NA,NA,2011-07-17 02:51:00,0
2011-07-17 04:00:00,WIND,600702,1,HCM,1,18974,1011,340,19,330,27,329,6,6,6,6,6,NA,NA,NA,NA,2011-07-17 03:52:00,0
2011-07-17 05:00:00,WIND,600702,1,HCM,1,18974,1011,330,21,350,30,409,6,6,6,6,6,NA,NA,NA,NA,2011-07-17 04:51:00,0
2011-07-17 06:00:00,WIND,600702,1,HCM,1,18974,1011,340,22,330,30,501,6,6,6,6,6,NA,NA,NA,NA,2011-07-17 05:52:00,0
2011-07-17 07:00:00,WIND,600702,1,HCM,1,18974,1011,340,19,340,27,641,6,6,6,6,6,NA,NA,NA,NA,2011-07-17 06:51:00,0
2011-07-17 08:00:00,WIND,600702,1,HCM,1,18974,1011,340,19,340,27,746,6,6,6,6,6,NA,NA,NA,NA,2011-07-17 07:51:00,0
2011-07-17 09:00:00,WIND,600702,1,HCM,1,18974,1011,350,23,350,32,835,6,6,6,6,6,NA,NA,NA,NA,2011-07-17 08:54:00,0
2011-07-17 10:00:00,WIND,600702,1,HCM,1,18974,1011,340,22,340,31,854,6,6,6,6,6,NA,NA,NA,NA,2011-07-17 09:51:00,0
2011-07-17 11:00:00,WIND,600702,1,HCM,1,18974,1011,340,20,350,28,1007,6,6,6,6,6,NA,NA,NA,NA,2011-07-17 10:51:00,0
2011-07-17 12:00:00,WIND,600702,1,HCM,1,18974,1011,340,19,340,27,1132,6,6,6,6,6,NA,NA,NA,NA,2011-07-17 11:51:00,0
2011-07-17 13:00:00,WIND,600702,1,HCM,1,18974,1011,340,19,350,29,1240,6,6,6,6,6,NA,NA,NA,NA,2011-07-17 12:51:00,0
2011-07-17 14:00:00,WIND,600702,1,HCM,1,18974,1011,340,19,350,29,1307,6,6,6,6,6,NA,NA,NA,NA,2011-07-17 13:51:00,0
2011-07-17 15:00:00,WIND,600702,1,HCM,1,18974,1011,340,19,340,27,1438,6,6,6,6,6,NA,NA,NA,NA,2011-07-17 14:52:00,0
2011-07-17 16:00:00,WIND,600702,1,HCM,1,18974,1011,340,19,340,26,1504,6,6,6,6,6,NA,NA,NA,NA,2011-07-17 15:51:00,0
2011-07-17 17:00:00,WIND,600702,1,HCM,1,18974,1011,340,19,340,27,1647,6,6,6,6,6,NA,NA,NA,NA,2011-07-17 16:51:00,0
2011-07-17 18:00:00,WIND,600702,1,HCM,1,18974,1011,340,20,350,31,1747,6,6,6,6,6,NA,NA,NA,NA,2011-07-17 17:52:00,0
2011-07-17 19:00:00,WIND,600702,1,HCM,1,18974,1011,350,23,350,32,1832,6,6,6,6,6,NA,NA,NA,NA,2011-07-17 18:51:00,0
2011-07-17 20:00:00,WIND,600702,1,HCM,1,18974,1011,350,23,350,33,1933,6,6,6,6,6,NA,NA,NA,NA,2011-07-17 19:51:00,0
2011-07-17 21:00:00,WIND,600702,1,HCM,1,18974,1011,350,21,350,30,1959,6,6,6,6,6,NA,NA,NA,NA,2011-07-17 20:54:00,0
2011-07-17 22:00:00,WIND,600702,1,HCM,1,18974,1011,340,22,340,30,2127,6,6,6,6,6,NA,NA,NA,NA,2011-07-17 21:51:00,0
2011-07-17 23:00:00,WIND,600702,1,HCM,1,18974,1011,340,23,340,32,2240,6,6,6,6,6,NA,NA,NA,NA,2011-07-17 22:51:00,0
2011-07-18 00:00:00,WIND,600702,1,HCM,1,18974,1011,340,23,340,33,2346,6,6,6,6,6,NA,NA,NA,NA,2011-07-17 23:51:00,0
2011-07-18 01:00:00,WIND,600702,1,HCM,1,18974,1011,340,22,340,31,3,6,6,6,6,6,NA,NA,NA,NA,2011-07-18 00:51:00,0
2011-07-18 02:00:00,WIND,600702,1,HCM,1,18974,1011,340,23,340,31,52,6,6,6,6,6,NA,NA,NA,NA,2011-07-18 01:51:00,0
2011-07-18 03:00:00,WIND,600702,1,HCM,1,18974,1011,340,22,330,31,209,6,6,6,6,6,NA,NA,NA,NA,2011-07-18 02:51:00,0
2011-07-18 04:00:00,WIND,600702,1,HCM,1,18974,1011,340,21,330,29,304,6,6,6,6,6,NA,NA,NA,NA,2011-07-18 03:51:00,0
2011-07-18 05:00:00,WIND,600702,1,HCM,1,18974,1011,330,19,330,27,404,6,6,6,6,6,NA,NA,NA,NA,2011-07-18 04:51:00,0
2011-07-18 06:00:00,WIND,600702,1,HCM,1,18974,1011,330,18,320,25,523,6,6,6,6,6,NA,NA,NA,NA,2011-07-18 05:51:00,0
2011-07-18 07:00:00,WIND,600702,1,HCM,1,18974,1011,330,16,330,25,604,6,6,6,6,6,NA,NA,NA,NA,2011-07-18 06:51:00,0
2011-07-18 08:00:00,WIND,600702,1,HCM,1,18974,1011,360,14,360,19,721,6,6,6,6,6,NA,NA,NA,NA,2011-07-18 07:51:00,0
2011-07-18 09:00:00,WIND,600702,1,HCM,1,18974,1011,350,15,350,21,845,6,6,6,6,6,NA,NA,NA,NA,2011-07-18 08:54:00,0
2011-07-18 10:00:00,WIND,600702,1,HCM,1,18974,1011,350,16,360,22,937,6,6,6,6,6,NA,NA,NA,NA,2011-07-18 09:51:00,0
2011-07-18 11:00:00,WIND,600702,1,HCM,1,18974,1011,350,15,350,21,957,6,6,6,6,6,NA,NA,NA,NA,2011-07-18 10:51:00,0
2011-07-18 12:00:00,WIND,600702,1,HCM,1,18974,1011,350,15,340,20,1127,6,6,6,6,6,NA,NA,NA,NA,2011-07-18 11:52:00,0
2011-07-18 13:00:00,WIND,600702,1,HCM,1,18974,1011,350,13,350,20,1221,6,6,6,6,6,NA,NA,NA,NA,2011-07-18 12:52:00,0
2011-07-18 14:00:00,WIND,600702,1,HCM,1,18974,1011,350,15,360,19,1335,6,6,6,6,6,NA,NA,NA,NA,2011-07-18 13:51:00,0
2011-07-18 15:00:00,WIND,600702,1,HCM,1,18974,1011,350,16,350,23,1424,6,6,6,6,6,NA,NA,NA,NA,2011-07-18 14:51:00,0
2011-07-18 16:00:00,WIND,600702,1,HCM,1,18974,1011,350,21,360,28,1543,6,6,6,6,6,NA,NA,NA,NA,2011-07-18 15:52:00,0
2011-07-18 17:00:00,WIND,600702,1,HCM,1,18974,1011,350,19,350,27,1557,6,6,6,6,6,NA,NA,NA,NA,2011-07-18 16:53:00,0
2011-07-18 18:00:00,WIND,600702,1,HCM,1,18974,1011,350,17,350,23,1739,6,6,6,6,6,NA,NA,NA,NA,2011-07-18 17:51:00,0
2011-07-18 19:00:00,WIND,600702,1,HCM,1,18974,1011,350,18,360,25,1834,6,6,6,6,6,NA,NA,NA,NA,2011-07-18 18:52:00,0
2011-07-18 20:00:00,WIND,600702,1,HCM,1,18974,1011,360,18,360,29,1946,6,6,6,6,6,NA,NA,NA,NA,2011-07-18 19:51:00,0
2011-07-18 21:00:00,WIND,600702,1,HCM,1,18974,1011,360,22,360,30,2005,6,6,6,6,6,NA,NA,NA,NA,2011-07-18 20:54:00,0
2011-07-18 22:00:00,WIND,600702,1,HCM,1,18974,1011,10,23,360,32,2054,6,6,6,6,6,NA,NA,NA,NA,2011-07-18 21:52:00,0
2011-07-18 23:00:00,WIND,600702,1,HCM,1,18974,1011,10,21,10,28,2222,6,6,6,6,6,NA,NA,NA,NA,2011-07-18 22:52:00,0
2011-07-19 00:00:00,WIND,600702,1,HCM,1,18974,1011,360,20,360,30,2256,6,6,6,6,6,NA,NA,NA,NA,2011-07-18 23:52:00,0
2011-07-19 01:00:00,WIND,600702,1,HCM,1,18974,1011,360,20,350,28,44,6,6,6,6,6,NA,NA,NA,NA,2011-07-19 00:52:00,0
2011-07-19 02:00:00,WIND,600702,1,HCM,1,18974,1011,350,22,350,31,125,6,6,6,6,6,NA,NA,NA,NA,2011-07-19 01:51:00,0
2011-07-19 03:00:00,WIND,600702,1,HCM,1,18974,1011,360,21,350,29,153,6,6,6,6,6,NA,NA,NA,NA,2011-07-19 02:51:00,0
2011-07-19 04:00:00,WIND,600702,1,HCM,1,18974,1011,350,20,350,28,252,6,6,6,6,6,NA,NA,NA,NA,2011-07-19 03:51:00,0
2011-07-19 05:00:00,WIND,600702,1,HCM,1,18974,1011,350,19,360,27,400,6,6,6,6,6,NA,NA,NA,NA,2011-07-19 04:51:00,0
2011-07-19 06:00:00,WIND,600702,1,HCM,1,18974,1011,350,19,350,27,502,6,6,6,6,6,NA,NA,NA,NA,2011-07-19 05:52:00,0
2011-07-19 07:00:00,WIND,600702,1,HCM,1,18974,1011,350,18,350,24,553,6,6,6,6,6,NA,NA,NA,NA,2011-07-19 06:51:00,0
2011-07-19 08:00:00,WIND,600702,1,HCM,1,18974,1011,360,18,360,24,742,6,6,6,6,6,NA,NA,NA,NA,2011-07-19 07:51:00,0
2011-07-19 09:00:00,WIND,600702,1,HCM,1,18974,1011,350,18,350,25,805,6,6,6,6,6,NA,NA,NA,NA,2011-07-19 08:54:00,0
2011-07-19 10:00:00,WIND,600702,1,HCM,1,18974,1011,350,17,340,24,945,6,6,6,6,6,NA,NA,NA,NA,2011-07-19 09:52:00,0
2011-07-19 11:00:00,WIND,600702,1,HCM,1,18974,1011,350,18,360,24,1027,6,6,6,6,6,NA,NA,NA,NA,2011-07-19 10:51:00,0
2011-07-19 12:00:00,WIND,600702,1,HCM,1,18974,1011,350,17,340,23,1055,6,6,6,6,6,NA,NA,NA,NA,2011-07-19 11:51:00,0
2011-07-19 13:00:00,WIND,600702,1,HCM,1,18974,1011,350,17,330,23,1206,6,6,6,6,6,NA,NA,NA,NA,2011-07-19 12:51:00,0
2011-07-19 14:00:00,WIND,600702,1,HCM,1,18974,1011,360,17,10,21,1321,6,6,6,6,6,NA,NA,NA,NA,2011-07-19 13:51:00,0
2011-07-19 15:00:00,WIND,600702,1,HCM,1,18974,1011,360,16,360,20,1351,6,6,6,6,6,NA,NA,NA,NA,2011-07-19 14:51:00,0
2011-07-19 16:00:00,WIND,600702,1,HCM,1,18974,1011,350,15,10,20,1530,6,6,6,6,6,NA,NA,NA,NA,2011-07-19 15:52:00,0
2011-07-19 17:00:00,WIND,600702,1,HCM,1,18974,1011,340,15,340,20,1603,6,6,6,6,6,NA,NA,NA,NA,2011-07-19 16:52:00,0
2011-07-19 18:00:00,WIND,600702,1,HCM,1,18974,1011,340,15,330,19,1655,6,6,6,6,6,NA,NA,NA,NA,2011-07-19 17:51:00,0
2011-07-19 19:00:00,WIND,600702,1,HCM,1,18974,1011,340,13,340,18,1824,6,6,6,6,6,NA,NA,NA,NA,2011-07-19 18:52:00,0
2011-07-19 20:00:00,WIND,600702,1,HCM,1,18974,1011,350,11,340,16,1855,6,6,6,6,6,NA,NA,NA,NA,2011-07-19 19:51:00,0
2011-07-19 21:00:00,WIND,600702,1,HCM,1,18974,1011,360,11,10,19,2049,6,6,6,6,6,NA,NA,NA,NA,2011-07-19 20:54:00,0
2011-07-19 22:00:00,WIND,600702,1,HCM,1,18974,1011,360,13,360,19,2051,6,6,6,6,6,NA,NA,NA,NA,2011-07-19 21:52:00,0
2011-07-19 23:00:00,WIND,600702,1,HCM,1,18974,1011,350,12,350,16,2206,6,6,6,6,6,NA,NA,NA,NA,2011-07-19 22:52:00,0
2011-07-20 00:00:00,WIND,600702,1,HCM,1,18974,1011,360,12,360,16,2326,6,6,6,6,6,NA,NA,NA,NA,2011-07-19 23:51:00,0
2011-07-20 01:00:00,WIND,600702,1,HCM,1,18974,1011,360,11,360,17,2355,6,6,6,6,6,NA,NA,NA,NA,2011-07-20 00:51:00,0
2011-07-20 02:00:00,WIND,600702,1,HCM,1,18974,1011,20,12,30,18,149,6,6,6,6,6,NA,NA,NA,NA,2011-07-20 01:51:00,0
2011-07-20 03:00:00,WIND,600702,1,HCM,1,18974,1011,20,14,20,18,207,6,6,6,6,6,NA,NA,NA,NA,2011-07-20 02:51:00,0
2011-07-20 04:00:00,WIND,600702,1,HCM,1,18974,1011,20,14,20,19,323,6,6,6,6,6,NA,NA,NA,NA,2011-07-20 03:51:00,0
2011-07-20 05:00:00,WIND,600702,1,HCM,1,18974,1011,20,15,20,21,437,6,6,6,6,6,NA,NA,NA,NA,2011-07-20 04:51:00,0
2011-07-20 06:00:00,WIND,600702,1,HCM,1,18974,1011,10,15,20,19,459,6,6,6,6,6,NA,NA,NA,NA,2011-07-20 05:51:00,0
2011-07-20 07:00:00,WIND,600702,1,HCM,1,18974,1011,20,15,10,20,638,6,6,6,6,6,NA,NA,NA,NA,2011-07-20 06:51:00,0
2011-07-20 08:00:00,WIND,600702,1,HCM,1,18974,1011,20,16,20,21,711,6,6,6,6,6,NA,NA,NA,NA,2011-07-20 07:51:00,0
2011-07-20 09:00:00,WIND,600702,1,HCM,1,18974,1011,20,16,20,22,751,6,6,6,6,6,NA,NA,NA,NA,2011-07-20 08:53:00,0
2011-07-20 10:00:00,WIND,600702,1,HCM,1,18974,1011,20,17,20,21,856,6,6,6,6,6,NA,NA,NA,NA,2011-07-20 09:52:00,0
2011-07-20 11:00:00,WIND,600702,1,HCM,1,18974,1011,20,17,20,22,1001,6,6,6,6,6,NA,NA,NA,NA,2011-07-20 10:52:00,0
2011-07-20 12:00:00,WIND,600702,1,HCM,1,18974,1011,20,16,10,22,1115,6,6,6,6,6,NA,NA,NA,NA,2011-07-20 11:52:00,0
2011-07-20 13:00:00,WIND,600702,1,HCM,1,18974,1011,20,15,360,20,1246,6,6,6,6,6,NA,NA,NA,NA,2011-07-20 12:52:00,0
2011-07-20 14:00:00,WIND,600702,1,HCM,1,18974,1011,10,16,10,20,1324,6,6,6,6,6,NA,NA,NA,NA,2011-07-20 13:52:00,0
2011-07-20 15:00:00,WIND,600702,1,HCM,1,18974,1011,10,16,10,22,1448,6,6,6,6,6,NA,NA,NA,NA,2011-07-20 14:51:00,0
2011-07-20 16:00:00,WIND,600702,1,HCM,1,18974,1011,10,17,10,22,1541,6,6,6,6,6,NA,NA,NA,NA,2011-07-20 15:52:00,0
2011-07-20 17:00:00,WIND,600702,1,HCM,1,18974,1011,10,17,10,21,1637,6,6,6,6,6,NA,NA,NA,NA,2011-07-20 16:51:00,0
2011-07-20 18:00:00,WIND,600702,1,HCM,1,18974,1011,10,16,360,21,1655,6,6,6,6,6,NA,NA,NA,NA,2011-07-20 17:52:00,0
2011-07-20 19:00:00,WIND,600702,1,HCM,1,18974,1011,10,15,360,20,1846,6,6,6,6,6,NA,NA,NA,NA,2011-07-20 18:51:00,0
2011-07-20 20:00:00,WIND,600702,1,HCM,1,18974,1011,360,15,360,20,1855,6,6,6,6,6,NA,NA,NA,NA,2011-07-20 19:52:00,0
2011-07-20 21:00:00,WIND,600702,1,HCM,1,18974,1011,360,14,10,18,2034,6,6,6,6,6,NA,NA,NA,NA,2011-07-20 20:53:00,0
2011-07-20 22:00:00,WIND,600702,1,HCM,1,18974,1011,360,14,360,19,2143,6,6,6,6,6,NA,NA,NA,NA,2011-07-20 21:51:00,0
2011-07-20 23:00:00,WIND,600702,1,HCM,1,18974,1011,10,14,10,19,2157,6,6,6,6,6,NA,NA,NA,NA,2011-07-20 22:51:00,0
2011-07-21 00:00:00,WIND,600702,1,HCM,1,18974,1011,10,14,360,19,2329,6,6,6,6,6,NA,NA,NA,NA,2011-07-20 23:51:00,0
2011-07-21 01:00:00,WIND,600702,1,HCM,1,18974,1011,10,13,360,18,2353,6,6,6,6,6,NA,NA,NA,NA,2011-07-21 00:51:00,0
2011-07-21 02:00:00,WIND,600702,1,HCM,1,18974,1011,10,13,10,18,57,6,6,6,6,6,NA,NA,NA,NA,2011-07-21 01:52:00,0
2011-07-21 03:00:00,WIND,600702,1,HCM,1,18974,1011,360,12,350,17,215,6,6,6,6,6,NA,NA,NA,NA,2011-07-21 02:52:00,0
2011-07-21 04:00:00,WIND,600702,1,HCM,1,18974,1011,360,12,350,16,339,6,6,6,6,6,NA,NA,NA,NA,2011-07-21 03:52:00,0
2011-07-21 05:00:00,WIND,600702,1,HCM,1,18974,1011,360,12,360,17,436,6,6,6,6,6,NA,NA,NA,NA,2011-07-21 04:51:00,0
2011-07-21 06:00:00,WIND,600702,1,HCM,1,18974,1011,10,13,10,17,544,6,6,6,6,6,NA,NA,NA,NA,2011-07-21 05:51:00,0
2011-07-21 07:00:00,WIND,600702,1,HCM,1,18974,1011,360,14,10,19,619,6,6,6,6,6,NA,NA,NA,NA,2011-07-21 06:51:00,0
2011-07-21 08:00:00,WIND,600702,1,HCM,1,18974,1011,360,13,360,18,736,6,6,6,6,6,NA,NA,NA,NA,2011-07-21 07:52:00,0
2011-07-21 09:00:00,WIND,600702,1,HCM,1,18974,1011,10,14,360,17,804,6,6,6,6,6,NA,NA,NA,NA,2011-07-21 08:52:00,0
2011-07-21 10:00:00,WIND,600702,1,HCM,1,18974,1011,10,14,10,19,932,6,6,6,6,6,NA,NA,NA,NA,2011-07-21 09:52:00,0
2011-07-21 11:00:00,WIND,600702,1,HCM,1,18974,1011,10,15,10,19,1003,6,6,6,6,6,NA,NA,NA,NA,2011-07-21 10:51:00,0
2011-07-21 12:00:00,WIND,600702,1,HCM,1,18974,1011,10,14,360,19,1102,6,6,6,6,6,NA,NA,NA,NA,2011-07-21 11:52:00,0
2011-07-21 13:00:00,WIND,600702,1,HCM,1,18974,1011,10,14,10,19,1201,6,6,6,6,6,NA,NA,NA,NA,2011-07-21 12:51:00,0
2011-07-21 14:00:00,WIND,600702,1,HCM,1,18974,1011,360,14,360,18,1331,6,6,6,6,6,NA,NA,NA,NA,2011-07-21 13:51:00,0
2011-07-21 15:00:00,WIND,600702,1,HCM,1,18974,1011,350,14,340,19,1352,6,6,6,6,6,NA,NA,NA,NA,2011-07-21 14:51:00,0
2011-07-21 16:00:00,WIND,600702,1,HCM,1,18974,1011,350,15,350,20,1546,6,6,6,6,6,NA,NA,NA,NA,2011-07-21 15:51:00,0
2011-07-21 17:00:00,WIND,600702,1,HCM,1,18974,1011,350,16,340,21,1638,6,6,6,6,6,NA,NA,NA,NA,2011-07-21 16:51:00,0
2011-07-21 18:00:00,WIND,600702,1,HCM,1,18974,1011,340,15,340,20,1747,6,6,6,6,6,NA,NA,NA,NA,2011-07-21 17:51:00,0
2011-07-21 19:00:00,WIND,600702,1,HCM,1,18974,1011,340,16,350,21,1816,6,6,6,6,6,NA,NA,NA,NA,2011-07-21 18:51:00,0
2011-07-21 20:00:00,WIND,600702,1,HCM,1,18974,1011,350,14,350,18,1850,6,6,6,6,6,NA,NA,NA,NA,2011-07-21 19:51:00,0
2011-07-21 21:00:00,WIND,600702,1,HCM,1,18974,1011,350,13,340,18,2016,6,6,6,6,6,NA,NA,NA,NA,2011-07-21 20:52:00,0
2011-07-21 22:00:00,WIND,600702,1,HCM,1,18974,1011,350,13,350,17,2115,6,6,6,6,6,NA,NA,NA,NA,2011-07-21 21:51:00,0
2011-07-21 23:00:00,WIND,600702,1,HCM,1,18974,1011,350,11,350,16,2207,6,6,6,6,6,NA,NA,NA,NA,2011-07-21 22:51:00,0
2011-07-22 00:00:00,WIND,600702,1,HCM,1,18974,1011,360,10,360,14,2306,6,6,6,6,6,NA,NA,NA,NA,2011-07-21 23:51:00,0
2011-07-22 01:00:00,WIND,600702,1,HCM,1,18974,1011,350,9,350,12,45,6,6,6,6,6,NA,NA,NA,NA,2011-07-22 00:51:00,0
2011-07-22 02:00:00,WIND,600702,1,HCM,1,18974,1011,360,8,360,12,101,6,6,6,6,6,NA,NA,NA,NA,2011-07-22 01:51:00,0
2011-07-22 03:00:00,WIND,600702,1,HCM,1,18974,1011,10,6,10,8,210,6,6,6,6,6,NA,NA,NA,NA,2011-07-22 05:25:00,0
2011-07-22 04:00:00,WIND,600702,1,HCM,1,18974,1011,360,7,10,9,328,6,6,6,6,6,NA,NA,NA,NA,2011-07-22 05:26:00,0
2011-07-22 05:00:00,WIND,600702,1,HCM,1,18974,1011,20,6,350,8,402,6,6,6,6,6,NA,NA,NA,NA,2011-07-22 05:26:00,0
2011-07-22 06:00:00,WIND,600702,1,HCM,1,18974,1011,30,5,20,8,549,6,6,6,6,6,NA,NA,NA,NA,2011-07-22 05:51:00,0
2011-07-22 07:00:00,WIND,600702,1,HCM,1,18974,1011,40,7,50,11,641,6,6,6,6,6,NA,NA,NA,NA,2011-07-22 06:51:00,0
2011-07-22 08:00:00,WIND,600702,1,HCM,1,18974,1011,40,9,50,13,740,6,6,6,6,6,NA,NA,NA,NA,2011-07-22 07:51:00,0
2011-07-22 09:00:00,WIND,600702,1,HCM,1,18974,1011,50,10,40,15,839,6,6,6,6,6,NA,NA,NA,NA,2011-07-22 08:52:00,0
2011-07-22 10:00:00,WIND,600702,1,HCM,1,18974,1011,30,11,40,14,853,6,6,6,6,6,NA,NA,NA,NA,2011-07-22 09:51:00,0
2011-07-22 11:00:00,WIND,600702,1,HCM,1,18974,1011,30,11,30,15,953,6,6,6,6,6,NA,NA,NA,NA,2011-07-22 10:51:00,0
2011-07-22 12:00:00,WIND,600702,1,HCM,1,18974,1011,20,10,20,13,1137,6,6,6,6,6,NA,NA,NA,NA,2011-07-22 11:51:00,0
2011-07-22 13:00:00,WIND,600702,1,HCM,1,18974,1011,10,11,10,15,1231,6,6,6,6,6,NA,NA,NA,NA,2011-07-22 12:51:00,0
2011-07-22 14:00:00,WIND,600702,1,HCM,1,18974,1011,10,11,360,16,1253,6,6,6,6,6,NA,NA,NA,NA,2011-07-22 13:51:00,0
2011-07-22 15:00:00,WIND,600702,1,HCM,1,18974,1011,20,12,10,17,1445,6,6,6,6,6,NA,NA,NA,NA,2011-07-22 14:52:00,0
2011-07-22 16:00:00,WIND,600702,1,HCM,1,18974,1011,20,14,20,17,1545,6,6,6,6,6,NA,NA,NA,NA,2011-07-22 15:51:00,0
2011-07-22 17:00:00,WIND,600702,1,HCM,1,18974,1011,20,13,10,17,1603,6,6,6,6,6,NA,NA,NA,NA,2011-07-22 16:51:00,0
2011-07-22 18:00:00,WIND,600702,1,HCM,1,18974,1011,20,14,20,17,1704,6,6,6,6,6,NA,NA,NA,NA,2011-07-22 17:51:00,0
2011-07-22 19:00:00,WIND,600702,1,HCM,1,18974,1011,10,12,10,16,1754,6,6,6,6,6,NA,NA,NA,NA,2011-07-22 18:51:00,0
2011-07-22 20:00:00,WIND,600702,1,HCM,1,18974,1011,10,12,360,16,1934,6,6,6,6,6,NA,NA,NA,NA,2011-07-22 19:52:00,0
2011-07-22 21:00:00,WIND,600702,1,HCM,1,18974,1011,10,11,20,16,2040,6,6,6,6,6,NA,NA,NA,NA,2011-07-22 20:52:00,0
2011-07-22 22:00:00,WIND,600702,1,HCM,1,18974,1011,20,10,10,14,2103,6,6,6,6,6,NA,NA,NA,NA,2011-07-22 21:52:00,0
2011-07-22 23:00:00,WIND,600702,1,HCM,1,18974,1011,360,10,360,14,2211,6,6,6,6,6,NA,NA,NA,NA,2011-07-22 22:51:00,0
2011-07-23 00:00:00,WIND,600702,1,HCM,1,18974,1011,360,9,360,14,2349,6,6,6,6,6,NA,NA,NA,NA,2011-07-22 23:51:00,0
2011-07-23 01:00:00,WIND,600702,1,HCM,1,18974,1011,360,9,360,13,2351,6,6,6,6,6,NA,NA,NA,NA,2011-07-23 00:52:00,0
2011-07-23 02:00:00,WIND,600702,1,HCM,1,18974,1011,360,8,10,11,102,6,6,6,6,6,NA,NA,NA,NA,2011-07-23 01:51:00,0
2011-07-23 03:00:00,WIND,600702,1,HCM,1,18974,1011,350,8,350,12,247,6,6,6,6,6,NA,NA,NA,NA,2011-07-23 02:52:00,0
2011-07-23 04:00:00,WIND,600702,1,HCM,1,18974,1011,350,9,360,12,314,6,6,6,6,6,NA,NA,NA,NA,2011-07-23 03:51:00,0
2011-07-23 05:00:00,WIND,600702,1,HCM,1,18974,1011,350,7,350,9,400,6,6,6,6,6,NA,NA,NA,NA,2011-07-23 04:51:00,0
2011-07-23 06:00:00,WIND,600702,1,HCM,1,18974,1011,350,7,10,10,549,6,6,6,6,6,NA,NA,NA,NA,2011-07-23 05:51:00,0
2011-07-23 07:00:00,WIND,600702,1,HCM,1,18974,1011,20,8,10,11,550,6,6,6,6,6,NA,NA,NA,NA,2011-07-23 06:51:00,0
2011-07-23 08:00:00,WIND,600702,1,HCM,1,18974,1011,50,8,60,12,725,6,6,6,6,6,NA,NA,NA,NA,2011-07-23 07:52:00,0
2011-07-23 09:00:00,WIND,600702,1,HCM,1,18974,1011,20,10,30,15,833,6,6,6,6,6,NA,NA,NA,NA,2011-07-23 08:52:00,0
2011-07-23 10:00:00,WIND,600702,1,HCM,1,18974,1011,20,12,10,16,933,6,6,6,6,6,NA,NA,NA,NA,2011-07-23 09:52:00,0
2011-07-23 11:00:00,WIND,600702,1,HCM,1,18974,1011,20,13,360,17,1046,6,6,6,6,6,NA,NA,NA,NA,2011-07-23 10:52:00,0
2011-07-23 12:00:00,WIND,600702,1,HCM,1,18974,1011,10,13,350,18,1121,6,6,6,6,6,NA,NA,NA,NA,2011-07-23 11:52:00,0
2011-07-23 13:00:00,WIND,600702,1,HCM,1,18974,1011,20,12,10,18,1247,6,6,6,6,6,NA,NA,NA,NA,2011-07-23 12:52:00,0
2011-07-23 14:00:00,WIND,600702,1,HCM,1,18974,1011,10,14,10,19,1347,6,6,6,6,6,NA,NA,NA,NA,2011-07-23 13:51:00,0
2011-07-23 15:00:00,WIND,600702,1,HCM,1,18974,1011,360,15,360,21,1443,6,6,6,6,6,NA,NA,NA,NA,2011-07-23 14:51:00,0
2011-07-23 16:00:00,WIND,600702,1,HCM,1,18974,1011,360,17,360,22,1539,6,6,6,6,6,NA,NA,NA,NA,2011-07-23 15:51:00,0
2011-07-23 17:00:00,WIND,600702,1,HCM,1,18974,1011,360,17,360,22,1604,6,6,6,6,6,NA,NA,NA,NA,2011-07-23 16:51:00,0
2011-07-23 18:00:00,WIND,600702,1,HCM,1,18974,1011,360,17,350,21,1707,6,6,6,6,6,NA,NA,NA,NA,2011-07-23 17:51:00,0
2011-07-23 19:00:00,WIND,600702,1,HCM,1,18974,1011,360,16,350,22,1804,6,6,6,6,6,NA,NA,NA,NA,2011-07-23 18:51:00,0
2011-07-23 20:00:00,WIND,600702,1,HCM,1,18974,1011,360,15,360,20,1913,6,6,6,6,6,NA,NA,NA,NA,2011-07-23 19:52:00,0
2011-07-23 21:00:00,WIND,600702,1,HCM,1,18974,1011,10,15,20,20,2018,6,6,6,6,6,NA,NA,NA,NA,2011-07-23 20:52:00,0
2011-07-23 22:00:00,WIND,600702,1,HCM,1,18974,1011,20,15,10,22,2110,6,6,6,6,6,NA,NA,NA,NA,2011-07-23 21:52:00,0
2011-07-23 23:00:00,WIND,600702,1,HCM,1,18974,1011,20,16,10,21,2205,6,6,6,6,6,NA,NA,NA,NA,2011-07-23 22:52:00,0
2011-07-24 00:00:00,WIND,600702,1,HCM,1,18974,1011,20,14,30,19,2313,6,6,6,6,6,NA,NA,NA,NA,2011-07-23 23:52:00,0
2011-07-24 01:00:00,WIND,600702,1,HCM,1,18974,1011,20,14,20,20,29,6,6,6,6,6,NA,NA,NA,NA,2011-07-24 00:52:00,0
2011-07-24 02:00:00,WIND,600702,1,HCM,1,18974,1011,20,14,20,18,51,6,6,6,6,6,NA,NA,NA,NA,2011-07-24 01:51:00,0
2011-07-24 03:00:00,WIND,600702,1,HCM,1,18974,1011,20,13,20,18,247,6,6,6,6,6,NA,NA,NA,NA,2011-07-24 02:52:00,0
2011-07-24 04:00:00,WIND,600702,1,HCM,1,18974,1011,20,14,20,19,311,6,6,6,6,6,NA,NA,NA,NA,2011-07-24 03:51:00,0
2011-07-24 05:00:00,WIND,600702,1,HCM,1,18974,1011,30,13,10,19,419,6,6,6,6,6,NA,NA,NA,NA,2011-07-24 04:51:00,0
2011-07-24 06:00:00,WIND,600702,1,HCM,1,18974,1011,20,13,10,22,523,6,6,6,6,6,NA,NA,NA,NA,2011-07-24 05:51:00,0
2011-07-24 07:00:00,WIND,600702,1,HCM,1,18974,1011,30,13,20,22,642,6,6,6,6,6,NA,NA,NA,NA,2011-07-24 06:52:00,0
2011-07-24 08:00:00,WIND,600702,1,HCM,1,18974,1011,30,14,20,23,653,6,6,6,6,6,NA,NA,NA,NA,2011-07-24 07:52:00,0
2011-07-24 09:00:00,WIND,600702,1,HCM,1,18974,1011,20,14,10,19,813,6,6,6,6,6,NA,NA,NA,NA,2011-07-24 08:53:00,0
2011-07-24 10:00:00,WIND,600702,1,HCM,1,18974,1011,20,15,360,20,926,6,6,6,6,6,NA,NA,NA,NA,2011-07-24 09:52:00,0
2011-07-24 11:00:00,WIND,600702,1,HCM,1,18974,1011,20,15,360,20,1033,6,6,6,6,6,NA,NA,NA,NA,2011-07-24 10:52:00,0
2011-07-24 12:00:00,WIND,600702,1,HCM,1,18974,1011,20,15,20,20,1125,6,6,6,6,6,NA,NA,NA,NA,2011-07-24 11:52:00,0
2011-07-24 13:00:00,WIND,600702,1,HCM,1,18974,1011,10,16,10,21,1221,6,6,6,6,6,NA,NA,NA,NA,2011-07-24 12:51:00,0
2011-07-24 14:00:00,WIND,600702,1,HCM,1,18974,1011,10,16,10,22,1336,6,6,6,6,6,NA,NA,NA,NA,2011-07-24 13:51:00,0
2011-07-24 15:00:00,WIND,600702,1,HCM,1,18974,1011,360,16,360,21,1412,6,6,6,6,6,NA,NA,NA,NA,2011-07-24 14:52:00,0
2011-07-24 16:00:00,WIND,600702,1,HCM,1,18974,1011,360,16,10,20,1544,6,6,6,6,6,NA,NA,NA,NA,2011-07-24 15:51:00,0
2011-07-24 17:00:00,WIND,600702,1,HCM,1,18974,1011,10,15,360,19,1551,6,6,6,6,6,NA,NA,NA,NA,2011-07-24 16:51:00,0
2011-07-24 18:00:00,WIND,600702,1,HCM,1,18974,1011,10,13,20,18,1709,6,6,6,6,6,NA,NA,NA,NA,2011-07-24 17:51:00,0
2011-07-24 19:00:00,WIND,600702,1,HCM,1,18974,1011,360,12,10,16,1806,6,6,6,6,6,NA,NA,NA,NA,2011-07-24 18:51:00,0
2011-07-24 20:00:00,WIND,600702,1,HCM,1,18974,1011,360,11,360,15,1857,6,6,6,6,6,NA,NA,NA,NA,2011-07-24 19:51:00,0
2011-07-24 21:00:00,WIND,600702,1,HCM,1,18974,1011,10,11,10,15,2039,6,6,6,6,6,NA,NA,NA,NA,2011-07-24 20:53:00,0
2011-07-24 22:00:00,WIND,600702,1,HCM,1,18974,1011,20,10,20,15,2059,6,6,6,6,6,NA,NA,NA,NA,2011-07-24 21:52:00,0
2011-07-24 23:00:00,WIND,600702,1,HCM,1,18974,1011,30,10,20,14,2235,6,6,6,6,6,NA,NA,NA,NA,2011-07-24 22:51:00,0
2011-07-25 00:00:00,WIND,600702,1,HCM,1,18974,1011,40,8,20,11,2252,6,6,6,6,6,NA,NA,NA,NA,2011-07-24 23:51:00,0
2011-07-25 01:00:00,WIND,600702,1,HCM,1,18974,1011,30,6,10,9,27,6,6,6,6,6,NA,NA,NA,NA,2011-07-25 00:51:00,0
2011-07-25 02:00:00,WIND,600702,1,HCM,1,18974,1011,360,7,10,11,113,6,6,6,6,6,NA,NA,NA,NA,2011-07-25 01:51:00,0
2011-07-25 03:00:00,WIND,600702,1,HCM,1,18974,1011,20,8,20,12,217,6,6,6,6,6,NA,NA,NA,NA,2011-07-25 02:51:00,0
2011-07-25 04:00:00,WIND,600702,1,HCM,1,18974,1011,30,8,20,13,343,6,6,6,6,6,NA,NA,NA,NA,2011-07-25 03:51:00,0
2011-07-25 05:00:00,WIND,600702,1,HCM,1,18974,1011,20,8,20,11,415,6,6,6,6,6,NA,NA,NA,NA,2011-07-25 04:51:00,0
2011-07-25 06:00:00,WIND,600702,1,HCM,1,18974,1011,20,6,30,9,529,6,6,6,6,6,NA,NA,NA,NA,2011-07-25 05:51:00,0
2011-07-25 07:00:00,WIND,600702,1,HCM,1,18974,1011,20,8,10,11,646,6,6,6,6,6,NA,NA,NA,NA,2011-07-25 06:51:00,0
2011-07-25 08:00:00,WIND,600702,1,HCM,1,18974,1011,30,9,40,12,739,6,6,6,6,6,NA,NA,NA,NA,2011-07-25 07:51:00,0
2011-07-25 09:00:00,WIND,600702,1,HCM,1,18974,1011,20,8,20,11,806,6,6,6,6,6,NA,NA,NA,NA,2011-07-25 08:52:00,0
2011-07-25 10:00:00,WIND,600702,1,HCM,1,18974,1011,360,8,10,11,923,6,6,6,6,6,NA,NA,NA,NA,2011-07-25 09:51:00,0
2011-07-25 11:00:00,WIND,600702,1,HCM,1,18974,1011,20,8,20,11,1001,6,6,6,6,6,NA,NA,NA,NA,2011-07-25 10:51:00,0
2011-07-25 12:00:00,WIND,600702,1,HCM,1,18974,1011,10,8,350,11,1142,6,6,6,6,6,NA,NA,NA,NA,2011-07-25 11:52:00,0
2011-07-25 13:00:00,WIND,600702,1,HCM,1,18974,1011,360,9,340,12,1234,6,6,6,6,6,NA,NA,NA,NA,2011-07-25 12:52:00,0
2011-07-25 14:00:00,WIND,600702,1,HCM,1,18974,1011,340,9,340,14,1346,6,6,6,6,6,NA,NA,NA,NA,2011-07-25 13:52:00,0
2011-07-25 15:00:00,WIND,600702,1,HCM,1,18974,1011,340,10,330,13,1445,6,6,6,6,6,NA,NA,NA,NA,2011-07-25 14:51:00,0
2011-07-25 16:00:00,WIND,600702,1,HCM,1,18974,1011,330,11,320,15,1520,6,6,6,6,6,NA,NA,NA,NA,2011-07-25 15:51:00,0
2011-07-25 17:00:00,WIND,600702,1,HCM,1,18974,1011,330,10,330,14,1649,6,6,6,6,6,NA,NA,NA,NA,2011-07-25 16:51:00,0
2011-07-25 18:00:00,WIND,600702,1,HCM,1,18974,1011,330,11,320,15,1743,6,6,6,6,6,NA,NA,NA,NA,2011-07-25 17:52:00,0
2011-07-25 19:00:00,WIND,600702,1,HCM,1,18974,1011,330,11,330,14,1752,6,6,6,6,6,NA,NA,NA,NA,2011-07-25 18:52:00,0
2011-07-25 20:00:00,WIND,600702,1,HCM,1,18974,1011,350,11,350,15,1920,6,6,6,6,6,NA,NA,NA,NA,2011-07-25 19:51:00,0
2011-07-25 21:00:00,WIND,600702,1,HCM,1,18974,1011,360,10,360,13,2015,6,6,6,6,6,NA,NA,NA,NA,2011-07-25 20:52:00,0
2011-07-25 22:00:00,WIND,600702,1,HCM,1,18974,1011,360,9,350,12,2120,6,6,6,6,6,NA,NA,NA,NA,2011-07-25 21:52:00,0
2011-07-25 23:00:00,WIND,600702,1,HCM,1,18974,1011,350,9,350,13,2214,6,6,6,6,6,NA,NA,NA,NA,2011-07-25 22:51:00,0
2011-07-26 00:00:00,WIND,600702,1,HCM,1,18974,1011,10,9,350,12,2250,6,6,6,6,6,NA,NA,NA,NA,2011-07-25 23:51:00,0
2011-07-26 01:00:00,WIND,600702,1,HCM,1,18974,1011,20,8,20,12,8,6,6,6,6,6,NA,NA,NA,NA,2011-07-26 00:52:00,0
2011-07-26 02:00:00,WIND,600702,1,HCM,1,18974,1011,10,8,10,12,131,6,6,6,6,6,NA,NA,NA,NA,2011-07-26 01:52:00,0
2011-07-26 03:00:00,WIND,600702,1,HCM,1,18974,1011,360,9,10,13,217,6,6,6,6,6,NA,NA,NA,NA,2011-07-26 02:51:00,0
2011-07-26 04:00:00,WIND,600702,1,HCM,1,18974,1011,20,9,20,12,315,6,6,6,6,6,NA,NA,NA,NA,2011-07-26 03:51:00,0
2011-07-26 05:00:00,WIND,600702,1,HCM,1,18974,1011,20,10,20,13,439,6,6,6,6,6,NA,NA,NA,NA,2011-07-26 04:51:00,0
2011-07-26 06:00:00,WIND,600702,1,HCM,1,18974,1011,20,10,20,14,545,6,6,6,6,6,NA,NA,NA,NA,2011-07-26 05:51:00,0
2011-07-26 07:00:00,WIND,600702,1,HCM,1,18974,1011,30,11,40,14,631,6,6,6,6,6,NA,NA,NA,NA,2011-07-26 06:51:00,0
2011-07-26 08:00:00,WIND,600702,1,HCM,1,18974,1011,30,11,30,14,732,6,6,6,6,6,NA,NA,NA,NA,2011-07-26 07:51:00,0
2011-07-26 09:00:00,WIND,600702,1,HCM,1,18974,1011,20,10,10,13,831,6,6,6,6,6,NA,NA,NA,NA,2011-07-26 08:52:00,0
2011-07-26 10:00:00,WIND,600702,1,HCM,1,18974,1011,10,10,360,14,906,6,6,6,6,6,NA,NA,NA,NA,2011-07-26 09:51:00,0
2011-07-26 11:00:00,WIND,600702,1,HCM,1,18974,1011,20,9,20,13,954,6,6,6,6,6,NA,NA,NA,NA,2011-07-26 10:51:00,0
2011-07-26 12:00:00,WIND,600702,1,HCM,1,18974,1011,10,8,10,12,1107,6,6,6,6,6,NA,NA,NA,NA,2011-07-26 11:52:00,0
2011-07-26 13:00:00,WIND,600702,1,HCM,1,18974,1011,360,8,360,13,1222,6,6,6,6,6,NA,NA,NA,NA,2011-07-26 12:51:00,0
2011-07-26 14:00:00,WIND,600702,1,HCM,1,18974,1011,350,9,360,12,1342,6,6,6,6,6,NA,NA,NA,NA,2011-07-26 13:52:00,0
2011-07-26 15:00:00,WIND,600702,1,HCM,1,18974,1011,340,9,340,12,1424,6,6,6,6,6,NA,NA,NA,NA,2011-07-26 14:51:00,0
2011-07-26 16:00:00,WIND,600702,1,HCM,1,18974,1011,340,9,330,14,1451,6,6,6,6,6,NA,NA,NA,NA,2011-07-26 15:52:00,0
2011-07-26 17:00:00,WIND,600702,1,HCM,1,18974,1011,330,8,350,13,1631,6,6,6,6,6,NA,NA,NA,NA,2011-07-26 16:51:00,0
2011-07-26 18:00:00,WIND,600702,1,HCM,1,18974,1011,330,8,340,11,1653,6,6,6,6,6,NA,NA,NA,NA,2011-07-26 17:51:00,0
2011-07-26 19:00:00,WIND,600702,1,HCM,1,18974,1011,320,6,350,10,1759,6,6,6,6,6,NA,NA,NA,NA,2011-07-26 18:51:00,0
2011-07-26 20:00:00,WIND,600702,1,HCM,1,18974,1011,320,5,330,7,1926,6,6,6,6,6,NA,NA,NA,NA,2011-07-26 19:51:00,0
2011-07-26 21:00:00,WIND,600702,1,HCM,1,18974,1011,310,4,310,6,1950,6,6,6,6,6,NA,NA,NA,NA,2011-07-26 20:55:00,0
2011-07-26 22:00:00,WIND,600702,1,HCM,1,18974,1011,310,5,310,6,2056,6,6,6,6,6,NA,NA,NA,NA,2011-07-26 21:51:00,0
2011-07-26 23:00:00,WIND,600702,1,HCM,1,18974,1011,300,4,290,5,2246,6,6,6,6,6,NA,NA,NA,NA,2011-07-26 22:51:00,0
2011-07-27 00:00:00,WIND,600702,1,HCM,1,18974,1011,290,6,290,7,2312,6,6,6,6,6,NA,NA,NA,NA,2011-07-26 23:51:00,0
2011-07-27 01:00:00,WIND,600702,1,HCM,1,18974,1011,290,3,260,5,44,6,6,6,6,6,NA,NA,NA,NA,2011-07-27 00:51:00,0
2011-07-27 02:00:00,WIND,600702,1,HCM,1,18974,1011,260,2,260,3,110,6,6,6,6,6,NA,NA,NA,NA,2011-07-27 01:52:00,0
2011-07-27 03:00:00,WIND,600702,1,HCM,1,18974,1011,140,2,120,4,249,6,6,6,6,6,NA,NA,NA,NA,2011-07-27 02:51:00,0
2011-07-27 04:00:00,WIND,600702,1,HCM,1,18974,1011,130,7,140,9,340,6,6,6,6,6,NA,NA,NA,NA,2011-07-27 03:51:00,0
2011-07-27 05:00:00,WIND,600702,1,HCM,1,18974,1011,160,8,160,10,422,6,6,6,6,6,NA,NA,NA,NA,2011-07-27 04:51:00,0
2011-07-27 06:00:00,WIND,600702,1,HCM,1,18974,1011,160,10,170,12,543,6,6,6,6,6,NA,NA,NA,NA,2011-07-27 05:51:00,0
2011-07-27 07:00:00,WIND,600702,1,HCM,1,18974,1011,170,9,180,12,550,6,6,6,6,6,NA,NA,NA,NA,2011-07-27 06:51:00,0
2011-07-27 08:00:00,WIND,600702,1,HCM,1,18974,1011,170,11,160,17,748,6,6,6,6,6,NA,NA,NA,NA,2011-07-27 07:52:00,0
2011-07-27 09:00:00,WIND,600702,1,HCM,1,18974,1011,170,13,160,17,821,6,6,6,6,6,NA,NA,NA,NA,2011-07-27 08:52:00,0
2011-07-27 10:00:00,WIND,600702,1,HCM,1,18974,1011,170,13,170,17,920,6,6,6,6,6,NA,NA,NA,NA,2011-07-27 10:43:00,0
2011-07-27 11:00:00,WIND,600702,1,HCM,1,18974,1011,170,13,170,17,1015,6,6,6,6,6,NA,NA,NA,NA,2011-07-27 10:52:00,0
2011-07-27 12:00:00,WIND,600702,1,HCM,1,18974,1011,170,12,170,16,1059,6,6,6,6,6,NA,NA,NA,NA,2011-07-27 11:52:00,0
2011-07-27 13:00:00,WIND,600702,1,HCM,1,18974,1011,180,11,180,15,1206,6,6,6,6,6,NA,NA,NA,NA,2011-07-27 12:52:00,0
2011-07-27 14:00:00,WIND,600702,1,HCM,1,18974,1011,200,11,220,15,1333,6,6,6,6,6,NA,NA,NA,NA,2011-07-27 13:52:00,0
2011-07-27 15:00:00,WIND,600702,1,HCM,1,18974,1011,230,10,250,15,1416,6,6,6,6,6,NA,NA,NA,NA,2011-07-27 14:51:00,0
2011-07-27 16:00:00,WIND,600702,1,HCM,1,18974,1011,240,9,240,12,1512,6,6,6,6,6,NA,NA,NA,NA,2011-07-27 15:52:00,0
2011-07-27 17:00:00,WIND,600702,1,HCM,1,18974,1011,230,8,230,12,1551,6,6,6,6,6,NA,NA,NA,NA,2011-07-27 16:51:00,0
2011-07-27 18:00:00,WIND,600702,1,HCM,1,18974,1011,220,7,220,11,1654,6,6,6,6,6,NA,NA,NA,NA,2011-07-27 17:51:00,0
2011-07-27 19:00:00,WIND,600702,1,HCM,1,18974,1011,220,7,220,10,1752,6,6,6,6,6,NA,NA,NA,NA,2011-07-27 18:51:00,0
2011-07-27 20:00:00,WIND,600702,1,HCM,1,18974,1011,230,7,220,10,1850,6,6,6,6,6,NA,NA,NA,NA,2011-07-27 19:51:00,0
2011-07-27 21:00:00,WIND,600702,1,HCM,1,18974,1011,250,6,300,10,2048,6,6,6,6,6,NA,NA,NA,NA,2011-07-27 20:54:00,0
2011-07-27 22:00:00,WIND,600702,1,HCM,1,18974,1011,320,10,330,15,2125,6,6,6,6,6,NA,NA,NA,NA,2011-07-27 21:52:00,0
2011-07-27 23:00:00,WIND,600702,1,HCM,1,18974,1011,320,9,320,15,2242,6,6,6,6,6,NA,NA,NA,NA,2011-07-27 22:51:00,0
2011-07-28 00:00:00,WIND,600702,1,HCM,1,18974,1011,330,12,340,17,2326,6,6,6,6,6,NA,NA,NA,NA,2011-07-27 23:52:00,0
2011-07-28 01:00:00,WIND,600702,1,HCM,1,18974,1011,330,12,330,18,3,6,6,6,6,6,NA,NA,NA,NA,2011-07-28 00:51:00,0
2011-07-28 02:00:00,WIND,600702,1,HCM,1,18974,1011,330,12,330,19,124,6,6,6,6,6,NA,NA,NA,NA,2011-07-28 01:52:00,0
2011-07-28 03:00:00,WIND,600702,1,HCM,1,18974,1011,330,12,340,19,234,6,6,6,6,6,NA,NA,NA,NA,2011-07-28 02:51:00,0
2011-07-28 04:00:00,WIND,600702,1,HCM,1,18974,1011,340,12,340,18,251,6,6,6,6,6,NA,NA,NA,NA,2011-07-28 03:51:00,0
2011-07-28 05:00:00,WIND,600702,1,HCM,1,18974,1011,340,12,340,18,359,6,6,6,6,6,NA,NA,NA,NA,2011-07-28 04:51:00,0
2011-07-28 06:00:00,WIND,600702,1,HCM,1,18974,1011,340,11,340,18,512,6,6,6,6,6,NA,NA,NA,NA,2011-07-28 05:52:00,0
2011-07-28 07:00:00,WIND,600702,1,HCM,1,18974,1011,360,12,10,17,553,6,6,6,6,6,NA,NA,NA,NA,2011-07-28 06:51:00,0
2011-07-28 08:00:00,WIND,600702,1,HCM,1,18974,1011,350,13,350,22,735,6,6,6,6,6,NA,NA,NA,NA,2011-07-28 07:52:00,0
2011-07-28 09:00:00,WIND,600702,1,HCM,1,18974,1011,350,14,360,21,836,6,6,6,6,6,NA,NA,NA,NA,2011-07-28 08:54:00,0
2011-07-28 10:00:00,WIND,600702,1,HCM,1,18974,1011,360,15,350,20,859,6,6,6,6,6,NA,NA,NA,NA,2011-07-28 09:51:00,0
2011-07-28 11:00:00,WIND,600702,1,HCM,1,18974,1011,10,15,10,20,1047,6,6,6,6,6,NA,NA,NA,NA,2011-07-28 10:51:00,0
2011-07-28 12:00:00,WIND,600702,1,HCM,1,18974,1011,360,15,10,21,1054,6,6,6,6,6,NA,NA,NA,NA,2011-07-28 11:51:00,0
2011-07-28 13:00:00,WIND,600702,1,HCM,1,18974,1011,360,15,360,19,1247,6,6,6,6,6,NA,NA,NA,NA,2011-07-28 12:51:00,0
2011-07-28 14:00:00,WIND,600702,1,HCM,1,18974,1011,350,15,350,21,1349,6,6,6,6,6,NA,NA,NA,NA,2011-07-28 13:51:00,0
2011-07-28 15:00:00,WIND,600702,1,HCM,1,18974,1011,10,15,350,20,1351,6,6,6,6,6,NA,NA,NA,NA,2011-07-28 14:52:00,0
2011-07-28 16:00:00,WIND,600702,1,HCM,1,18974,1011,360,13,10,18,1459,6,6,6,6,6,NA,NA,NA,NA,2011-07-28 15:51:00,0
2011-07-28 17:00:00,WIND,600702,1,HCM,1,18974,1011,360,13,360,17,1644,6,6,6,6,6,NA,NA,NA,NA,2011-07-28 16:51:00,0
2011-07-28 18:00:00,WIND,600702,1,HCM,1,18974,1011,360,14,350,19,1748,6,6,6,6,6,NA,NA,NA,NA,2011-07-28 17:52:00,0
2011-07-28 19:00:00,WIND,600702,1,HCM,1,18974,1011,350,12,340,18,1802,6,6,6,6,6,NA,NA,NA,NA,2011-07-28 18:51:00,0
2011-07-28 20:00:00,WIND,600702,1,HCM,1,18974,1011,340,11,350,15,1852,6,6,6,6,6,NA,NA,NA,NA,2011-07-28 19:51:00,0
2011-07-28 21:00:00,WIND,600702,1,HCM,1,18974,1011,350,11,360,15,2021,6,6,6,6,6,NA,NA,NA,NA,2011-07-28 20:55:00,0
2011-07-28 22:00:00,WIND,600702,1,HCM,1,18974,1011,340,10,340,14,2138,6,6,6,6,6,NA,NA,NA,NA,2011-07-28 21:52:00,0
2011-07-28 23:00:00,WIND,600702,1,HCM,1,18974,1011,350,10,350,14,2205,6,6,6,6,6,NA,NA,NA,NA,2011-07-28 22:52:00,0
2011-07-29 00:00:00,WIND,600702,1,HCM,1,18974,1011,350,9,350,12,2301,6,6,6,6,6,NA,NA,NA,NA,2011-07-28 23:52:00,0
2011-07-29 01:00:00,WIND,600702,1,HCM,1,18974,1011,360,8,10,12,25,6,6,6,6,6,NA,NA,NA,NA,2011-07-29 00:51:00,0
2011-07-29 02:00:00,WIND,600702,1,HCM,1,18974,1011,360,7,10,11,149,6,6,6,6,6,NA,NA,NA,NA,2011-07-29 01:51:00,0
2011-07-29 03:00:00,WIND,600702,1,HCM,1,18974,1011,10,8,360,12,150,6,6,6,6,6,NA,NA,NA,NA,2011-07-29 02:51:00,0
2011-07-29 04:00:00,WIND,600702,1,HCM,1,18974,1011,350,8,360,11,348,6,6,6,6,6,NA,NA,NA,NA,2011-07-29 03:51:00,0
2011-07-29 05:00:00,WIND,600702,1,HCM,1,18974,1011,20,8,20,13,445,6,6,6,6,6,NA,NA,NA,NA,2011-07-29 04:52:00,0
2011-07-29 06:00:00,WIND,600702,1,HCM,1,18974,1011,20,8,30,13,547,6,6,6,6,6,NA,NA,NA,NA,2011-07-29 05:51:00,0
2011-07-29 07:00:00,WIND,600702,1,HCM,1,18974,1011,20,8,20,11,612,6,6,6,6,6,NA,NA,NA,NA,2011-07-29 06:51:00,0
2011-07-29 08:00:00,WIND,600702,1,HCM,1,18974,1011,10,8,10,11,713,6,6,6,6,6,NA,NA,NA,NA,2011-07-29 07:51:00,0
2011-07-29 09:00:00,WIND,600702,1,HCM,1,18974,1011,360,8,10,12,814,6,6,6,6,6,NA,NA,NA,NA,2011-07-29 08:54:00,0
2011-07-29 10:00:00,WIND,600702,1,HCM,1,18974,1011,360,7,10,12,931,6,6,6,6,6,NA,NA,NA,NA,2011-07-29 09:51:00,0
2011-07-29 11:00:00,WIND,600702,1,HCM,1,18974,1011,10,8,30,12,1043,6,6,6,6,6,NA,NA,NA,NA,2011-07-29 10:51:00,0
2011-07-29 12:00:00,WIND,600702,1,HCM,1,18974,1011,20,9,10,13,1145,6,6,6,6,6,NA,NA,NA,NA,2011-07-29 11:51:00,0
2011-07-29 13:00:00,WIND,600702,1,HCM,1,18974,1011,10,8,10,12,1217,6,6,6,6,6,NA,NA,NA,NA,2011-07-29 12:52:00,0
2011-07-29 14:00:00,WIND,600702,1,HCM,1,18974,1011,10,9,10,13,1349,6,6,6,6,6,NA,NA,NA,NA,2011-07-29 13:51:00,0
2011-07-29 15:00:00,WIND,600702,1,HCM,1,18974,1011,350,9,360,14,1402,6,6,6,6,6,NA,NA,NA,NA,2011-07-29 14:51:00,0
2011-07-29 16:00:00,WIND,600702,1,HCM,1,18974,1011,360,7,10,11,1450,6,6,6,6,6,NA,NA,NA,NA,2011-07-29 15:51:00,0
2011-07-29 17:00:00,WIND,600702,1,HCM,1,18974,1011,360,8,20,11,1625,6,6,6,6,6,NA,NA,NA,NA,2011-07-29 16:51:00,0
2011-07-29 18:00:00,WIND,600702,1,HCM,1,18974,1011,360,7,360,11,1717,6,6,6,6,6,NA,NA,NA,NA,2011-07-29 17:52:00,0
2011-07-29 19:00:00,WIND,600702,1,HCM,1,18974,1011,10,7,10,10,1755,6,6,6,6,6,NA,NA,NA,NA,2011-07-29 18:52:00,0
2011-07-29 20:00:00,WIND,600702,1,HCM,1,18974,1011,10,6,20,9,1909,6,6,6,6,6,NA,NA,NA,NA,2011-07-29 19:52:00,0
2011-07-29 21:00:00,WIND,600702,1,HCM,1,18974,1011,360,5,10,7,2026,6,6,6,6,6,NA,NA,NA,NA,2011-07-29 20:54:00,0
2011-07-29 22:00:00,WIND,600702,1,HCM,1,18974,1011,350,4,350,5,2050,6,6,6,6,6,NA,NA,NA,NA,2011-07-29 21:51:00,0
2011-07-29 23:00:00,WIND,600702,1,HCM,1,18974,1011,330,3,280,6,2247,6,6,6,6,6,NA,NA,NA,NA,2011-07-29 22:52:00,0
2011-07-30 00:00:00,WIND,600702,1,HCM,1,18974,1011,280,5,280,6,2250,6,6,6,6,6,NA,NA,NA,NA,2011-07-29 23:51:00,0
2011-07-30 01:00:00,WIND,600702,1,HCM,1,18974,1011,250,4,270,5,2356,6,6,6,6,6,NA,NA,NA,NA,2011-07-30 00:52:00,0
2011-07-30 02:00:00,WIND,600702,1,HCM,1,18974,1011,220,4,230,5,132,6,6,6,6,6,NA,NA,NA,NA,2011-07-30 01:51:00,0
2011-07-30 03:00:00,WIND,600702,1,HCM,1,18974,1011,210,4,200,6,246,6,6,6,6,6,NA,NA,NA,NA,2011-07-30 02:51:00,0
2011-07-30 04:00:00,WIND,600702,1,HCM,1,18974,1011,210,4,210,6,309,6,6,6,6,6,NA,NA,NA,NA,2011-07-30 03:51:00,0
2011-07-30 05:00:00,WIND,600702,1,HCM,1,18974,1011,190,5,160,7,444,6,6,6,6,6,NA,NA,NA,NA,2011-07-30 04:52:00,0
2011-07-30 06:00:00,WIND,600702,1,HCM,1,18974,1011,170,6,160,7,529,6,6,6,6,6,NA,NA,NA,NA,2011-07-30 05:51:00,0
2011-07-30 07:00:00,WIND,600702,1,HCM,1,18974,1011,170,6,160,9,646,6,6,6,6,6,NA,NA,NA,NA,2011-07-30 06:51:00,0
2011-07-30 08:00:00,WIND,600702,1,HCM,1,18974,1011,160,9,170,14,749,6,6,6,6,6,NA,NA,NA,NA,2011-07-30 07:51:00,0
2011-07-30 09:00:00,WIND,600702,1,HCM,1,18974,1011,160,11,160,15,807,6,6,6,6,6,NA,NA,NA,NA,2011-07-30 08:53:00,0
2011-07-30 10:00:00,WIND,600702,1,HCM,1,18974,1011,160,11,160,15,933,6,6,6,6,6,NA,NA,NA,NA,2011-07-30 09:51:00,0
2011-07-30 11:00:00,WIND,600702,1,HCM,1,18974,1011,160,11,160,14,954,6,6,6,6,6,NA,NA,NA,NA,2011-07-30 10:52:00,0
2011-07-30 12:00:00,WIND,600702,1,HCM,1,18974,1011,160,10,160,13,1127,6,6,6,6,6,NA,NA,NA,NA,2011-07-30 11:51:00,0
2011-07-30 13:00:00,WIND,600702,1,HCM,1,18974,1011,150,9,150,13,1226,6,6,6,6,6,NA,NA,NA,NA,2011-07-30 12:52:00,0
2011-07-30 14:00:00,WIND,600702,1,HCM,1,18974,1011,150,10,150,13,1343,6,6,6,6,6,NA,NA,NA,NA,2011-07-30 13:51:00,0
2011-07-30 15:00:00,WIND,600702,1,HCM,1,18974,1011,150,10,150,14,1351,6,6,6,6,6,NA,NA,NA,NA,2011-07-30 14:52:00,0
2011-07-30 16:00:00,WIND,600702,1,HCM,1,18974,1011,150,11,140,15,1544,6,6,6,6,6,NA,NA,NA,NA,2011-07-30 15:51:00,0
2011-07-30 17:00:00,WIND,600702,1,HCM,1,18974,1011,150,11,150,16,1636,6,6,6,6,6,NA,NA,NA,NA,2011-07-30 16:52:00,0
2011-07-30 18:00:00,WIND,600702,1,HCM,1,18974,1011,150,12,150,16,1744,6,6,6,6,6,NA,NA,NA,NA,2011-07-30 17:51:00,0
2011-07-30 19:00:00,WIND,600702,1,HCM,1,18974,1011,150,11,150,15,1802,6,6,6,6,6,NA,NA,NA,NA,2011-07-30 18:52:00,0
2011-07-30 20:00:00,WIND,600702,1,HCM,1,18974,1011,140,13,140,19,1924,6,6,6,6,6,NA,NA,NA,NA,2011-07-30 19:51:00,0
2011-07-30 21:00:00,WIND,600702,1,HCM,1,18974,1011,150,17,150,24,2043,6,6,6,6,6,NA,NA,NA,NA,2011-07-30 20:54:00,0
2011-07-30 22:00:00,WIND,600702,1,HCM,1,18974,1011,150,18,150,25,2132,6,6,6,6,6,NA,NA,NA,NA,2011-07-30 21:52:00,0
2011-07-30 23:00:00,WIND,600702,1,HCM,1,18974,1011,150,18,150,24,2151,6,6,6,6,6,NA,NA,NA,NA,2011-07-30 22:51:00,0
2011-07-31 00:00:00,WIND,600702,1,HCM,1,18974,1011,150,19,160,25,2257,6,6,6,6,6,NA,NA,NA,NA,2011-07-30 23:52:00,0
2011-07-31 01:00:00,WIND,600702,1,HCM,1,18974,1011,160,18,160,25,49,6,6,6,6,6,NA,NA,NA,NA,2011-07-31 00:51:00,0
2011-07-31 02:00:00,WIND,600702,1,HCM,1,18974,1011,160,20,160,26,111,6,6,6,6,6,NA,NA,NA,NA,2011-07-31 01:51:00,0
2011-07-31 03:00:00,WIND,600702,1,HCM,1,18974,1011,160,20,160,28,241,6,6,6,6,6,NA,NA,NA,NA,2011-07-31 02:52:00,0
2011-07-31 04:00:00,WIND,600702,1,HCM,1,18974,1011,160,19,160,26,349,6,6,6,6,6,NA,NA,NA,NA,2011-07-31 03:51:00,0
2011-07-31 05:00:00,WIND,600702,1,HCM,1,18974,1011,160,22,160,31,414,6,6,6,6,6,NA,NA,NA,NA,2011-07-31 04:51:00,0
2011-07-31 06:00:00,WIND,600702,1,HCM,1,18974,1011,160,22,160,30,452,6,6,6,6,6,NA,NA,NA,NA,2011-07-31 05:51:00,0
2011-07-31 07:00:00,WIND,600702,1,HCM,1,18974,1011,160,22,160,29,623,6,6,6,6,6,NA,NA,NA,NA,2011-07-31 06:51:00,0
2011-07-31 08:00:00,WIND,600702,1,HCM,1,18974,1011,160,22,160,30,702,6,6,6,6,6,NA,NA,NA,NA,2011-07-31 07:51:00,0
2011-07-31 09:00:00,WIND,600702,1,HCM,1,18974,1011,170,21,160,28,816,6,6,6,6,6,NA,NA,NA,NA,2011-07-31 08:53:00,0
2011-07-31 10:00:00,WIND,600702,1,HCM,1,18974,1011,170,21,170,28,915,6,6,6,6,6,NA,NA,NA,NA,2011-07-31 09:51:00,0
2011-07-31 11:00:00,WIND,600702,1,HCM,1,18974,1011,170,20,170,26,1043,6,6,6,6,6,NA,NA,NA,NA,2011-07-31 10:51:00,0
2011-07-31 12:00:00,WIND,600702,1,HCM,1,18974,1011,170,18,170,25,1110,6,6,6,6,6,NA,NA,NA,NA,2011-07-31 11:51:00,0
2011-07-31 13:00:00,WIND,600702,1,HCM,1,18974,1011,180,16,180,24,1151,6,6,6,6,6,NA,NA,NA,NA,2011-07-31 12:51:00,0
2011-07-31 14:00:00,WIND,600702,1,HCM,1,18974,1011,190,13,200,20,1258,6,6,6,6,6,NA,NA,NA,NA,2011-07-31 13:51:00,0
2011-07-31 15:00:00,WIND,600702,1,HCM,1,18974,1011,180,13,180,18,1422,6,6,6,6,6,NA,NA,NA,NA,2011-07-31 14:51:00,0
2011-07-31 16:00:00,WIND,600702,1,HCM,1,18974,1011,180,12,170,16,1451,6,6,6,6,6,NA,NA,NA,NA,2011-07-31 15:51:00,0
2011-07-31 17:00:00,WIND,600702,1,HCM,1,18974,1011,190,10,210,16,1634,6,6,6,6,6,NA,NA,NA,NA,2011-07-31 16:51:00,0
2011-07-31 18:00:00,WIND,600702,1,HCM,1,18974,1011,190,10,180,14,1740,6,6,6,6,6,NA,NA,NA,NA,2011-07-31 17:52:00,0
2011-07-31 19:00:00,WIND,600702,1,HCM,1,18974,1011,190,10,190,14,1816,6,6,6,6,6,NA,NA,NA,NA,2011-07-31 18:51:00,0
2011-07-31 20:00:00,WIND,600702,1,HCM,1,18974,1011,190,10,190,13,1928,6,6,6,6,6,NA,NA,NA,NA,2011-07-31 19:51:00,0
2011-07-31 21:00:00,WIND,600702,1,HCM,1,18974,1011,220,8,230,12,2037,6,6,6,6,6,NA,NA,NA,NA,2011-07-31 20:54:00,0
2011-07-31 22:00:00,WIND,600702,1,HCM,1,18974,1011,230,6,240,9,2057,6,6,6,6,6,NA,NA,NA,NA,2011-07-31 21:51:00,0
2011-07-31 23:00:00,WIND,600702,1,HCM,1,18974,1011,240,5,250,9,2153,6,6,6,6,6,NA,NA,NA,NA,2011-07-31 22:51:00,0
2011-08-01 00:00:00,WIND,600702,1,HCM,1,18974,1011,210,6,230,9,2349,6,6,6,6,6,NA,NA,NA,NA,2011-07-31 23:51:00,0
2011-08-01 01:00:00,WIND,600702,1,HCM,1,18974,1011,230,6,230,9,2359,6,6,6,6,6,NA,NA,NA,NA,2011-08-01 00:51:00,0
2011-08-01 02:00:00,WIND,600702,1,HCM,1,18974,1011,230,4,230,9,51,6,6,6,6,6,NA,NA,NA,NA,2011-08-01 01:52:00,0
2011-08-01 03:00:00,WIND,600702,1,HCM,1,18974,1011,210,2,190,5,241,6,6,6,6,6,NA,NA,NA,NA,2011-08-01 02:51:00,0
2011-08-01 04:00:00,WIND,600702,1,HCM,1,18974,1011,210,3,200,5,254,6,6,6,6,6,NA,NA,NA,NA,2011-08-01 03:51:00,0
2011-08-01 05:00:00,WIND,600702,1,HCM,1,18974,1011,190,3,180,5,449,6,6,6,6,6,NA,NA,NA,NA,2011-08-01 04:51:00,0
2011-08-01 06:00:00,WIND,600702,1,HCM,1,18974,1011,210,3,180,6,451,6,6,6,6,6,NA,NA,NA,NA,2011-08-01 05:51:00,0
2011-08-01 07:00:00,WIND,600702,1,HCM,1,18974,1011,210,3,200,6,559,6,6,6,6,6,NA,NA,NA,NA,2011-08-01 06:51:00,0
2011-08-01 08:00:00,WIND,600702,1,HCM,1,18974,1011,240,4,240,7,719,6,6,6,6,6,NA,NA,NA,NA,2011-08-01 07:51:00,0
2011-08-01 09:00:00,WIND,600702,1,HCM,1,18974,1011,310,8,300,13,757,6,6,6,6,6,NA,NA,NA,NA,2011-08-01 08:54:00,0
2011-08-01 10:00:00,WIND,600702,1,HCM,1,18974,1011,350,5,350,8,850,6,6,6,6,6,NA,NA,NA,NA,2011-08-01 09:51:00,0
2011-08-01 11:00:00,WIND,600702,1,HCM,1,18974,1011,10,5,30,8,1021,6,6,6,6,6,NA,NA,NA,NA,2011-08-01 10:51:00,0
2011-08-01 12:00:00,WIND,600702,1,HCM,1,18974,1011,20,4,20,6,1132,6,6,6,6,6,NA,NA,NA,NA,2011-08-01 11:51:00,0
2011-08-01 13:00:00,WIND,600702,1,HCM,1,18974,1011,20,4,20,7,1224,6,6,6,6,6,NA,NA,NA,NA,2011-08-01 12:51:00,0
2011-08-01 14:00:00,WIND,600702,1,HCM,1,18974,1011,10,4,360,7,1255,6,6,6,6,6,NA,NA,NA,NA,2011-08-01 13:52:00,0
2011-08-01 15:00:00,WIND,600702,1,HCM,1,18974,1011,30,3,40,6,1434,6,6,6,6,6,NA,NA,NA,NA,2011-08-01 14:52:00,0
2011-08-01 16:00:00,WIND,600702,1,HCM,1,18974,1011,10,4,10,6,1531,6,6,6,6,6,NA,NA,NA,NA,2011-08-01 15:51:00,0
2011-08-01 17:00:00,WIND,600702,1,HCM,1,18974,1011,360,4,360,6,1603,6,6,6,6,6,NA,NA,NA,NA,2011-08-01 16:52:00,0
2011-08-01 18:00:00,WIND,600702,1,HCM,1,18974,1011,10,3,20,5,1652,6,6,6,6,6,NA,NA,NA,NA,2011-08-01 17:51:00,0
2011-08-01 19:00:00,WIND,600702,1,HCM,1,18974,1011,360,2,350,4,1756,6,6,6,6,6,NA,NA,NA,NA,2011-08-01 18:51:00,0
2011-08-01 20:00:00,WIND,600702,1,HCM,1,18974,1011,60,2,70,4,1913,6,6,6,6,6,NA,NA,NA,NA,2011-08-01 19:52:00,0
2011-08-01 21:00:00,WIND,600702,1,HCM,1,18974,1011,30,1,50,4,1957,6,6,6,6,6,NA,NA,NA,NA,2011-08-01 20:55:00,0
2011-08-01 22:00:00,WIND,600702,1,HCM,1,18974,1011,290,2,230,3,2135,6,6,6,6,6,NA,NA,NA,NA,2011-08-01 21:51:00,0
2011-08-01 23:00:00,WIND,600702,1,HCM,1,18974,1011,170,2,210,3,2155,6,6,6,6,6,NA,NA,NA,NA,2011-08-01 22:51:00,0
2011-08-02 00:00:00,WIND,600702,1,HCM,1,18974,1011,140,4,150,5,2343,6,6,6,6,6,NA,NA,NA,NA,2011-08-01 23:51:00,0
2011-08-02 01:00:00,WIND,600702,1,HCM,1,18974,1011,140,3,150,4,2353,6,6,6,6,6,NA,NA,NA,NA,2011-08-02 00:52:00,0
2011-08-02 02:00:00,WIND,600702,1,HCM,1,18974,1011,120,3,100,4,106,6,6,6,6,6,NA,NA,NA,NA,2011-08-02 01:52:00,0
2011-08-02 03:00:00,WIND,600702,1,HCM,1,18974,1011,160,3,130,4,150,6,6,6,6,6,NA,NA,NA,NA,2011-08-02 02:51:00,0
2011-08-02 04:00:00,WIND,600702,1,HCM,1,18974,1011,110,3,100,3,344,6,6,6,6,6,NA,NA,NA,NA,2011-08-02 03:51:00,0
2011-08-02 05:00:00,WIND,600702,1,HCM,1,18974,1011,90,3,80,5,448,6,6,6,6,6,NA,NA,NA,NA,2011-08-02 04:52:00,0
2011-08-02 06:00:00,WIND,600702,1,HCM,1,18974,1011,40,3,80,5,450,6,6,6,6,6,NA,NA,NA,NA,2011-08-02 05:51:00,0
2011-08-02 07:00:00,WIND,600702,1,HCM,1,18974,1011,40,2,20,3,646,6,6,6,6,6,NA,NA,NA,NA,2011-08-02 06:52:00,0
2011-08-02 08:00:00,WIND,600702,1,HCM,1,18974,1011,70,2,70,4,721,6,6,6,6,6,NA,NA,NA,NA,2011-08-02 07:51:00,0
2011-08-02 09:00:00,WIND,600702,1,HCM,1,18974,1011,140,3,150,5,849,6,6,6,6,6,NA,NA,NA,NA,2011-08-02 08:54:00,0
2011-08-02 10:00:00,WIND,600702,1,HCM,1,18974,1011,140,3,160,5,857,6,6,6,6,6,NA,NA,NA,NA,2011-08-02 09:51:00,0
2011-08-02 11:00:00,WIND,600702,1,HCM,1,18974,1011,150,2,160,4,1045,6,6,6,6,6,NA,NA,NA,NA,2011-08-02 10:51:00,0
2011-08-02 12:00:00,WIND,600702,1,HCM,1,18974,1011,160,3,110,6,1142,6,6,6,6,6,NA,NA,NA,NA,2011-08-02 11:51:00,0
2011-08-02 13:00:00,WIND,600702,1,HCM,1,18974,1011,160,4,170,7,1225,6,6,6,6,6,NA,NA,NA,NA,2011-08-02 12:51:00,0
2011-08-02 14:00:00,WIND,600702,1,HCM,1,18974,1011,300,6,310,10,1347,6,6,6,6,6,NA,NA,NA,NA,2011-08-02 13:52:00,0
2011-08-02 15:00:00,WIND,600702,1,HCM,1,18974,1011,310,9,290,14,1449,6,6,6,6,6,NA,NA,NA,NA,2011-08-02 14:51:00,0
2011-08-02 16:00:00,WIND,600702,1,HCM,1,18974,1011,310,11,320,15,1524,6,6,6,6,6,NA,NA,NA,NA,2011-08-02 15:51:00,0
2011-08-02 17:00:00,WIND,600702,1,HCM,1,18974,1011,320,10,320,14,1608,6,6,6,6,6,NA,NA,NA,NA,2011-08-02 16:52:00,0
2011-08-02 18:00:00,WIND,600702,1,HCM,1,18974,1011,320,8,330,12,1711,6,6,6,6,6,NA,NA,NA,NA,2011-08-02 17:51:00,0
2011-08-02 19:00:00,WIND,600702,1,HCM,1,18974,1011,330,6,330,9,1754,6,6,6,6,6,NA,NA,NA,NA,2011-08-02 18:52:00,0
2011-08-02 20:00:00,WIND,600702,1,HCM,1,18974,1011,300,4,320,7,1857,6,6,6,6,6,NA,NA,NA,NA,2011-08-02 19:51:00,0
2011-08-02 21:00:00,WIND,600702,1,HCM,1,18974,1011,300,2,310,5,2024,6,6,6,6,6,NA,NA,NA,NA,2011-08-02 20:55:00,0
2011-08-02 22:00:00,WIND,600702,1,HCM,1,18974,1011,290,3,300,5,2058,6,6,6,6,6,NA,NA,NA,NA,2011-08-02 21:52:00,0
2011-08-02 23:00:00,WIND,600702,1,HCM,1,18974,1011,260,4,260,5,2222,6,6,6,6,6,NA,NA,NA,NA,2011-08-02 22:51:00,0
2011-08-03 00:00:00,WIND,600702,1,HCM,1,18974,1011,230,2,250,4,2250,6,6,6,6,6,NA,NA,NA,NA,2011-08-02 23:52:00,0
2011-08-03 01:00:00,WIND,600702,1,HCM,1,18974,1011,240,2,240,3,34,6,6,6,6,6,NA,NA,NA,NA,2011-08-03 00:52:00,0
2011-08-03 02:00:00,WIND,600702,1,HCM,1,18974,1011,220,1,250,2,50,6,6,6,6,6,NA,NA,NA,NA,2011-08-03 01:51:00,0
2011-08-03 03:00:00,WIND,600702,1,HCM,1,18974,1011,180,2,200,3,230,6,6,6,6,6,NA,NA,NA,NA,2011-08-03 02:52:00,0
2011-08-03 04:00:00,WIND,600702,1,HCM,1,18974,1011,190,2,200,3,258,6,6,6,6,6,NA,NA,NA,NA,2011-08-03 03:52:00,0
2011-08-03 05:00:00,WIND,600702,1,HCM,1,18974,1011,190,1,200,2,356,6,6,6,6,6,NA,NA,NA,NA,2011-08-03 04:51:00,0
2011-08-03 06:00:00,WIND,600702,1,HCM,1,18974,1011,170,1,170,2,544,6,6,6,6,6,NA,NA,NA,NA,2011-08-03 05:51:00,0
2011-08-03 07:00:00,WIND,600702,1,HCM,1,18974,1011,140,1,140,2,649,6,6,6,6,6,NA,NA,NA,NA,2011-08-03 06:51:00,0
2011-08-03 08:00:00,WIND,600702,1,HCM,1,18974,1011,170,2,160,5,744,6,6,6,6,6,NA,NA,NA,NA,2011-08-03 07:51:00,0
2011-08-03 09:00:00,WIND,600702,1,HCM,1,18974,1011,150,3,160,6,849,6,6,6,6,6,NA,NA,NA,NA,2011-08-03 08:54:00,0
2011-08-03 10:00:00,WIND,600702,1,HCM,1,18974,1011,160,5,160,7,916,6,6,6,6,6,NA,NA,NA,NA,2011-08-03 09:51:00,0
2011-08-03 11:00:00,WIND,600702,1,HCM,1,18974,1011,150,5,140,8,1034,6,6,6,6,6,NA,NA,NA,NA,2011-08-03 10:54:00,0
2011-08-03 12:00:00,WIND,600702,1,HCM,1,18974,1011,130,6,150,11,1142,6,6,6,6,6,NA,NA,NA,NA,2011-08-03 11:52:00,0
2011-08-03 13:00:00,WIND,600702,1,HCM,1,18974,1011,160,6,150,10,1152,6,6,6,6,6,NA,NA,NA,NA,2011-08-03 12:52:00,0
2011-08-03 14:00:00,WIND,600702,1,HCM,1,18974,1011,150,4,160,7,1257,6,6,6,6,6,NA,NA,NA,NA,2011-08-03 13:52:00,0
2011-08-03 15:00:00,WIND,600702,1,HCM,1,18974,1011,110,4,90,8,1448,6,6,6,6,6,NA,NA,NA,NA,2011-08-03 14:51:00,0
2011-08-03 16:00:00,WIND,600702,1,HCM,1,18974,1011,70,7,40,13,1544,6,6,6,6,6,NA,NA,NA,NA,2011-08-03 15:52:00,0
2011-08-03 17:00:00,WIND,600702,1,HCM,1,18974,1011,40,10,50,14,1558,6,6,6,6,6,NA,NA,NA,NA,2011-08-03 16:51:00,0
2011-08-03 18:00:00,WIND,600702,1,HCM,1,18974,1011,50,9,50,12,1705,6,6,6,6,6,NA,NA,NA,NA,2011-08-03 17:51:00,0
2011-08-03 19:00:00,WIND,600702,1,HCM,1,18974,1011,50,8,60,11,1824,6,6,6,6,6,NA,NA,NA,NA,2011-08-03 18:51:00,0
2011-08-03 20:00:00,WIND,600702,1,HCM,1,18974,1011,60,7,60,12,1900,6,6,6,6,6,NA,NA,NA,NA,2011-08-03 19:51:00,0
2011-08-03 21:00:00,WIND,600702,1,HCM,1,18974,1011,70,7,60,9,2006,6,6,6,6,6,NA,NA,NA,NA,2011-08-03 20:54:00,0
2011-08-03 22:00:00,WIND,600702,1,HCM,1,18974,1011,90,6,90,9,2104,6,6,6,6,6,NA,NA,NA,NA,2011-08-03 21:51:00,0
2011-08-03 23:00:00,WIND,600702,1,HCM,1,18974,1011,110,6,110,8,2204,6,6,6,6,6,NA,NA,NA,NA,2011-08-03 22:51:00,0
2011-08-04 00:00:00,WIND,600702,1,HCM,1,18974,1011,120,5,140,7,2345,6,6,6,6,6,NA,NA,NA,NA,2011-08-03 23:51:00,0
2011-08-04 01:00:00,WIND,600702,1,HCM,1,18974,1011,130,9,120,14,26,6,6,6,6,6,NA,NA,NA,NA,2011-08-04 00:51:00,0
2011-08-04 02:00:00,WIND,600702,1,HCM,1,18974,1011,130,10,140,14,57,6,6,6,6,6,NA,NA,NA,NA,2011-08-04 01:51:00,0
2011-08-04 03:00:00,WIND,600702,1,HCM,1,18974,1011,130,10,130,15,248,6,6,6,6,6,NA,NA,NA,NA,2011-08-04 02:51:00,0
2011-08-04 04:00:00,WIND,600702,1,HCM,1,18974,1011,130,10,130,15,252,6,6,6,6,6,NA,NA,NA,NA,2011-08-04 03:51:00,0
2011-08-04 05:00:00,WIND,600702,1,HCM,1,18974,1011,130,10,120,15,407,6,6,6,6,6,NA,NA,NA,NA,2011-08-04 04:51:00,0
2011-08-04 06:00:00,WIND,600702,1,HCM,1,18974,1011,120,9,120,13,509,6,6,6,6,6,NA,NA,NA,NA,2011-08-04 05:51:00,0
2011-08-04 07:00:00,WIND,600702,1,HCM,1,18974,1011,120,9,120,13,633,6,6,6,6,6,NA,NA,NA,NA,2011-08-04 06:51:00,0
2011-08-04 08:00:00,WIND,600702,1,HCM,1,18974,1011,110,9,130,14,706,6,6,6,6,6,NA,NA,NA,NA,2011-08-04 07:51:00,0
2011-08-04 09:00:00,WIND,600702,1,HCM,1,18974,1011,80,8,80,11,835,6,6,6,6,6,NA,NA,NA,NA,2011-08-04 08:54:00,0
2011-08-04 10:00:00,WIND,600702,1,HCM,1,18974,1011,80,8,90,12,917,6,6,6,6,6,NA,NA,NA,NA,2011-08-04 09:51:00,0
2011-08-04 11:00:00,WIND,600702,1,HCM,1,18974,1011,100,7,100,9,1023,6,6,6,6,6,NA,NA,NA,NA,2011-08-04 10:51:00,0
2011-08-04 12:00:00,WIND,600702,1,HCM,1,18974,1011,110,6,110,9,1058,6,6,6,6,6,NA,NA,NA,NA,2011-08-04 11:51:00,0
2011-08-04 13:00:00,WIND,600702,1,HCM,1,18974,1011,130,5,110,9,1202,6,6,6,6,6,NA,NA,NA,NA,2011-08-04 12:51:00,0
2011-08-04 14:00:00,WIND,600702,1,HCM,1,18974,1011,150,5,130,7,1309,6,6,6,6,6,NA,NA,NA,NA,2011-08-04 13:51:00,0
2011-08-04 15:00:00,WIND,600702,1,HCM,1,18974,1011,150,5,150,7,1357,6,6,6,6,6,NA,NA,NA,NA,2011-08-04 14:52:00,0
2011-08-04 16:00:00,WIND,600702,1,HCM,1,18974,1011,170,4,160,7,1454,6,6,6,6,6,NA,NA,NA,NA,2011-08-04 15:51:00,0
2011-08-04 17:00:00,WIND,600702,1,HCM,1,18974,1011,240,4,260,7,1639,6,6,6,6,6,NA,NA,NA,NA,2011-08-04 16:51:00,0
2011-08-04 18:00:00,WIND,600702,1,HCM,1,18974,1011,290,6,300,9,1741,6,6,6,6,6,NA,NA,NA,NA,2011-08-04 17:51:00,0
2011-08-04 19:00:00,WIND,600702,1,HCM,1,18974,1011,300,8,300,12,1849,6,6,6,6,6,NA,NA,NA,NA,2011-08-04 18:51:00,0
2011-08-04 20:00:00,WIND,600702,1,HCM,1,18974,1011,310,9,310,13,1926,6,6,6,6,6,NA,NA,NA,NA,2011-08-04 19:51:00,0
2011-08-04 21:00:00,WIND,600702,1,HCM,1,18974,1011,310,10,320,15,1955,6,6,6,6,6,NA,NA,NA,NA,2011-08-04 20:57:00,0
2011-08-04 22:00:00,WIND,600702,1,HCM,1,18974,1011,300,10,300,16,2149,6,6,6,6,6,NA,NA,NA,NA,2011-08-04 21:51:00,0
2011-08-04 23:00:00,WIND,600702,1,HCM,1,18974,1011,310,11,320,16,2210,6,6,6,6,6,NA,NA,NA,NA,2011-08-04 22:52:00,0
2011-08-05 00:00:00,WIND,600702,1,HCM,1,18974,1011,300,11,310,16,2348,6,6,6,6,6,NA,NA,NA,NA,2011-08-04 23:51:00,0
2011-08-05 01:00:00,WIND,600702,1,HCM,1,18974,1011,300,12,300,17,47,6,6,6,6,6,NA,NA,NA,NA,2011-08-05 00:51:00,0
2011-08-05 02:00:00,WIND,600702,1,HCM,1,18974,1011,300,11,300,17,53,6,6,6,6,6,NA,NA,NA,NA,2011-08-05 01:51:00,0
2011-08-05 03:00:00,WIND,600702,1,HCM,1,18974,1011,290,11,280,17,240,6,6,6,6,6,NA,NA,NA,NA,2011-08-05 02:51:00,0
2011-08-05 04:00:00,WIND,600702,1,HCM,1,18974,1011,290,11,290,17,338,6,6,6,6,6,NA,NA,NA,NA,2011-08-05 03:51:00,0
2011-08-05 05:00:00,WIND,600702,1,HCM,1,18974,1011,300,12,290,19,400,6,6,6,6,6,NA,NA,NA,NA,2011-08-05 04:52:00,0
2011-08-05 06:00:00,WIND,600702,1,HCM,1,18974,1011,290,12,290,18,537,6,6,6,6,6,NA,NA,NA,NA,2011-08-05 05:51:00,0
2011-08-05 07:00:00,WIND,600702,1,HCM,1,18974,1011,290,13,290,18,633,6,6,6,6,6,NA,NA,NA,NA,2011-08-05 06:52:00,0
2011-08-05 08:00:00,WIND,600702,1,HCM,1,18974,1011,290,12,290,18,720,6,6,6,6,6,NA,NA,NA,NA,2011-08-05 07:52:00,0
2011-08-05 09:00:00,WIND,600702,1,HCM,1,18974,1011,290,12,280,17,832,6,6,6,6,6,NA,NA,NA,NA,2011-08-05 08:54:00,0
2011-08-05 10:00:00,WIND,600702,1,HCM,1,18974,1011,280,12,270,17,938,6,6,6,6,6,NA,NA,NA,NA,2011-08-05 09:51:00,0
2011-08-05 11:00:00,WIND,600702,1,HCM,1,18974,1011,280,11,280,17,1044,6,6,6,6,6,NA,NA,NA,NA,2011-08-05 10:51:00,0
2011-08-05 12:00:00,WIND,600702,1,HCM,1,18974,1011,270,12,270,16,1138,6,6,6,6,6,NA,NA,NA,NA,2011-08-05 11:51:00,0
2011-08-05 13:00:00,WIND,600702,1,HCM,1,18974,1011,270,10,260,16,1213,6,6,6,6,6,NA,NA,NA,NA,2011-08-05 12:52:00,0
2011-08-05 14:00:00,WIND,600702,1,HCM,1,18974,1011,280,9,270,13,1300,6,6,6,6,6,NA,NA,NA,NA,2011-08-05 13:52:00,0
2011-08-05 15:00:00,WIND,600702,1,HCM,1,18974,1011,270,8,260,14,1443,6,6,6,6,6,NA,NA,NA,NA,2011-08-05 14:52:00,0
2011-08-05 16:00:00,WIND,600702,1,HCM,1,18974,1011,260,10,250,15,1513,6,6,6,6,6,NA,NA,NA,NA,2011-08-05 15:52:00,0
2011-08-05 17:00:00,WIND,600702,1,HCM,1,18974,1011,270,7,260,12,1550,6,6,6,6,6,NA,NA,NA,NA,2011-08-05 16:51:00,0
2011-08-05 18:00:00,WIND,600702,1,HCM,1,18974,1011,240,3,260,7,1652,6,6,6,6,6,NA,NA,NA,NA,2011-08-05 17:51:00,0
2011-08-05 19:00:00,WIND,600702,1,HCM,1,18974,1011,230,5,250,8,1821,6,6,6,6,6,NA,NA,NA,NA,2011-08-05 18:51:00,0
2011-08-05 20:00:00,WIND,600702,1,HCM,1,18974,1011,220,3,220,6,1902,6,6,6,6,6,NA,NA,NA,NA,2011-08-05 19:51:00,0
2011-08-05 21:00:00,WIND,600702,1,HCM,1,18974,1011,210,3,220,5,2007,6,6,6,6,6,NA,NA,NA,NA,2011-08-05 20:54:00,0
2011-08-05 22:00:00,WIND,600702,1,HCM,1,18974,1011,160,2,150,4,2132,6,6,6,6,6,NA,NA,NA,NA,2011-08-05 21:51:00,0
2011-08-05 23:00:00,WIND,600702,1,HCM,1,18974,1011,160,3,160,4,2220,6,6,6,6,6,NA,NA,NA,NA,2011-08-05 22:52:00,0
2011-08-06 00:00:00,WIND,600702,1,HCM,1,18974,1011,170,4,180,5,2337,6,6,6,6,6,NA,NA,NA,NA,2011-08-05 23:52:00,0
2011-08-06 01:00:00,WIND,600702,1,HCM,1,18974,1011,170,5,170,5,48,6,6,6,6,6,NA,NA,NA,NA,2011-08-06 00:52:00,0
2011-08-06 02:00:00,WIND,600702,1,HCM,1,18974,1011,180,4,170,6,100,6,6,6,6,6,NA,NA,NA,NA,2011-08-06 01:52:00,0
2011-08-06 03:00:00,WIND,600702,1,HCM,1,18974,1011,190,4,170,7,210,6,6,6,6,6,NA,NA,NA,NA,2011-08-06 02:52:00,0
2011-08-06 04:00:00,WIND,600702,1,HCM,1,18974,1011,160,3,140,5,340,6,6,6,6,6,NA,NA,NA,NA,2011-08-06 03:51:00,0
2011-08-06 05:00:00,WIND,600702,1,HCM,1,18974,1011,110,3,110,5,438,6,6,6,6,6,NA,NA,NA,NA,2011-08-06 04:51:00,0
2011-08-06 06:00:00,WIND,600702,1,HCM,1,18974,1011,120,5,120,8,512,6,6,6,6,6,NA,NA,NA,NA,2011-08-06 05:52:00,0
2011-08-06 07:00:00,WIND,600702,1,HCM,1,18974,1011,110,4,100,6,648,6,6,6,6,6,NA,NA,NA,NA,2011-08-06 06:52:00,0
2011-08-06 08:00:00,WIND,600702,1,HCM,1,18974,1011,110,6,100,9,728,6,6,6,6,6,NA,NA,NA,NA,2011-08-06 07:52:00,0
2011-08-06 09:00:00,WIND,600702,1,HCM,1,18974,1011,110,6,120,8,826,6,6,6,6,6,NA,NA,NA,NA,2011-08-06 08:54:00,0
2011-08-06 10:00:00,WIND,600702,1,HCM,1,18974,1011,120,5,120,9,926,6,6,6,6,6,NA,NA,NA,NA,2011-08-06 09:52:00,0
2011-08-06 11:00:00,WIND,600702,1,HCM,1,18974,1011,140,6,150,9,1000,6,6,6,6,6,NA,NA,NA,NA,2011-08-06 10:51:00,0
2011-08-06 12:00:00,WIND,600702,1,HCM,1,18974,1011,140,5,160,8,1054,6,6,6,6,6,NA,NA,NA,NA,2011-08-06 11:51:00,0
2011-08-06 13:00:00,WIND,600702,1,HCM,1,18974,1011,150,4,150,9,1244,6,6,6,6,6,NA,NA,NA,NA,2011-08-06 12:51:00,0
2011-08-06 14:00:00,WIND,600702,1,HCM,1,18974,1011,160,3,180,7,1250,6,6,6,6,6,NA,NA,NA,NA,2011-08-06 13:51:00,0
2011-08-06 15:00:00,WIND,600702,1,HCM,1,18974,1011,190,5,280,10,1448,6,6,6,6,6,NA,NA,NA,NA,2011-08-06 14:52:00,0
2011-08-06 16:00:00,WIND,600702,1,HCM,1,18974,1011,340,5,40,10,1451,6,6,6,6,6,NA,NA,NA,NA,2011-08-06 15:52:00,0
2011-08-06 17:00:00,WIND,600702,1,HCM,1,18974,1011,320,6,330,9,1643,6,6,6,6,6,NA,NA,NA,NA,2011-08-06 16:52:00,0
2011-08-06 18:00:00,WIND,600702,1,HCM,1,18974,1011,350,8,10,11,1736,6,6,6,6,6,NA,NA,NA,NA,2011-08-06 17:51:00,0
2011-08-06 19:00:00,WIND,600702,1,HCM,1,18974,1011,360,8,10,11,1751,6,6,6,6,6,NA,NA,NA,NA,2011-08-06 18:52:00,0
2011-08-06 20:00:00,WIND,600702,1,HCM,1,18974,1011,350,7,350,11,1923,6,6,6,6,6,NA,NA,NA,NA,2011-08-06 19:51:00,0
2011-08-06 21:00:00,WIND,600702,1,HCM,1,18974,1011,350,7,350,10,1956,6,6,6,6,6,NA,NA,NA,NA,2011-08-06 20:54:00,0
2011-08-06 22:00:00,WIND,600702,1,HCM,1,18974,1011,350,7,350,10,2114,6,6,6,6,6,NA,NA,NA,NA,2011-08-06 21:52:00,0
2011-08-06 23:00:00,WIND,600702,1,HCM,1,18974,1011,10,7,350,9,2204,6,6,6,6,6,NA,NA,NA,NA,2011-08-06 22:52:00,0
2011-08-07 00:00:00,WIND,600702,1,HCM,1,18974,1011,40,6,40,7,2254,6,6,6,6,6,NA,NA,NA,NA,2011-08-06 23:51:00,0
2011-08-07 01:00:00,WIND,600702,1,HCM,1,18974,1011,30,5,40,6,18,6,6,6,6,6,NA,NA,NA,NA,2011-08-07 00:51:00,0
2011-08-07 02:00:00,WIND,600702,1,HCM,1,18974,1011,10,5,350,7,132,6,6,6,6,6,NA,NA,NA,NA,2011-08-07 01:51:00,0
2011-08-07 03:00:00,WIND,600702,1,HCM,1,18974,1011,340,6,350,8,249,6,6,6,6,6,NA,NA,NA,NA,2011-08-07 02:52:00,0
2011-08-07 04:00:00,WIND,600702,1,HCM,1,18974,1011,360,8,10,11,349,6,6,6,6,6,NA,NA,NA,NA,2011-08-07 03:51:00,0
2011-08-07 05:00:00,WIND,600702,1,HCM,1,18974,1011,350,9,360,13,448,6,6,6,6,6,NA,NA,NA,NA,2011-08-07 04:51:00,0
2011-08-07 06:00:00,WIND,600702,1,HCM,1,18974,1011,350,11,350,16,519,6,6,6,6,6,NA,NA,NA,NA,2011-08-07 05:51:00,0
2011-08-07 07:00:00,WIND,600702,1,HCM,1,18974,1011,350,11,360,15,647,6,6,6,6,6,NA,NA,NA,NA,2011-08-07 06:51:00,0
2011-08-07 08:00:00,WIND,600702,1,HCM,1,18974,1011,360,12,360,18,708,6,6,6,6,6,NA,NA,NA,NA,2011-08-07 07:51:00,0
2011-08-07 09:00:00,WIND,600702,1,HCM,1,18974,1011,360,12,10,16,751,6,6,6,6,6,NA,NA,NA,NA,2011-08-07 08:53:00,0
2011-08-07 10:00:00,WIND,600702,1,HCM,1,18974,1011,350,12,360,15,909,6,6,6,6,6,NA,NA,NA,NA,2011-08-07 09:52:00,0
2011-08-07 11:00:00,WIND,600702,1,HCM,1,18974,1011,350,12,350,16,1032,6,6,6,6,6,NA,NA,NA,NA,2011-08-07 10:52:00,0
2011-08-07 12:00:00,WIND,600702,1,HCM,1,18974,1011,350,13,360,17,1102,6,6,6,6,6,NA,NA,NA,NA,2011-08-07 11:52:00,0
2011-08-07 13:00:00,WIND,600702,1,HCM,1,18974,1011,340,11,340,14,1201,6,6,6,6,6,NA,NA,NA,NA,2011-08-07 12:52:00,0
2011-08-07 14:00:00,WIND,600702,1,HCM,1,18974,1011,340,12,330,18,1342,6,6,6,6,6,NA,NA,NA,NA,2011-08-07 13:52:00,0
2011-08-07 15:00:00,WIND,600702,1,HCM,1,18974,1011,340,13,350,19,1400,6,6,6,6,6,NA,NA,NA,NA,2011-08-07 14:52:00,0
2011-08-07 16:00:00,WIND,600702,1,HCM,1,18974,1011,340,12,320,17,1547,6,6,6,6,6,NA,NA,NA,NA,2011-08-07 15:52:00,0
2011-08-07 17:00:00,WIND,600702,1,HCM,1,18974,1011,330,13,330,18,1645,6,6,6,6,6,NA,NA,NA,NA,2011-08-07 16:52:00,0
2011-08-07 18:00:00,WIND,600702,1,HCM,1,18974,1011,330,12,340,17,1720,6,6,6,6,6,NA,NA,NA,NA,2011-08-07 17:52:00,0
2011-08-07 19:00:00,WIND,600702,1,HCM,1,18974,1011,320,11,320,16,1759,6,6,6,6,6,NA,NA,NA,NA,2011-08-07 18:52:00,0
2011-08-07 20:00:00,WIND,600702,1,HCM,1,18974,1011,320,12,330,17,1941,6,6,6,6,6,NA,NA,NA,NA,2011-08-07 19:52:00,0
2011-08-07 21:00:00,WIND,600702,1,HCM,1,18974,1011,310,12,320,18,2019,6,6,6,6,6,NA,NA,NA,NA,2011-08-07 20:56:00,0
2011-08-07 22:00:00,WIND,600702,1,HCM,1,18974,1011,310,13,310,19,2104,6,6,6,6,6,NA,NA,NA,NA,2011-08-07 21:52:00,0
2011-08-07 23:00:00,WIND,600702,1,HCM,1,18974,1011,300,13,310,21,2158,6,6,6,6,6,NA,NA,NA,NA,2011-08-07 22:52:00,0
2011-08-08 00:00:00,WIND,600702,1,HCM,1,18974,1011,300,12,310,18,2335,6,6,6,6,6,NA,NA,NA,NA,2011-08-07 23:52:00,0
2011-08-08 01:00:00,WIND,600702,1,HCM,1,18974,1011,320,11,300,16,1,6,6,6,6,6,NA,NA,NA,NA,2011-08-08 00:52:00,0
2011-08-08 02:00:00,WIND,600702,1,HCM,1,18974,1011,330,12,320,18,136,6,6,6,6,6,NA,NA,NA,NA,2011-08-08 01:52:00,0
2011-08-08 03:00:00,WIND,600702,1,HCM,1,18974,1011,330,12,340,18,212,6,6,6,6,6,NA,NA,NA,NA,2011-08-08 02:52:00,0
2011-08-08 04:00:00,WIND,600702,1,HCM,1,18974,1011,350,12,360,17,313,6,6,6,6,6,NA,NA,NA,NA,2011-08-08 03:52:00,0
2011-08-08 05:00:00,WIND,600702,1,HCM,1,18974,1011,350,15,10,25,448,6,6,6,6,6,NA,NA,NA,NA,2011-08-08 04:52:00,0
2011-08-08 06:00:00,WIND,600702,1,HCM,1,18974,1011,10,17,20,25,523,6,6,6,6,6,NA,NA,NA,NA,2011-08-08 05:52:00,0
2011-08-08 07:00:00,WIND,600702,1,HCM,1,18974,1011,10,18,10,25,624,6,6,6,6,6,NA,NA,NA,NA,2011-08-08 06:52:00,0
2011-08-08 08:00:00,WIND,600702,1,HCM,1,18974,1011,10,19,10,27,737,6,6,6,6,6,NA,NA,NA,NA,2011-08-08 07:52:00,0
2011-08-08 09:00:00,WIND,600702,1,HCM,1,18974,1011,350,22,360,30,819,6,6,6,6,6,NA,NA,NA,NA,2011-08-08 08:54:00,0
2011-08-08 10:00:00,WIND,600702,1,HCM,1,18974,1011,350,22,350,30,907,6,6,6,6,6,NA,NA,NA,NA,2011-08-08 09:51:00,0
2011-08-08 11:00:00,WIND,600702,1,HCM,1,18974,1011,350,22,350,32,1046,6,6,6,6,6,NA,NA,NA,NA,2011-08-08 10:51:00,0
2011-08-08 12:00:00,WIND,600702,1,HCM,1,18974,1011,350,24,350,34,1052,6,6,6,6,6,NA,NA,NA,NA,2011-08-08 11:51:00,0
2011-08-08 13:00:00,WIND,600702,1,HCM,1,18974,1011,360,21,10,31,1232,6,6,6,6,6,NA,NA,NA,NA,2011-08-08 12:52:00,0
2011-08-08 14:00:00,WIND,600702,1,HCM,1,18974,1011,360,21,360,30,1251,6,6,6,6,6,NA,NA,NA,NA,2011-08-08 14:00:00,0
2011-08-08 15:00:00,WIND,600702,1,HCM,1,18974,1011,360,20,350,28,1359,6,6,6,6,6,NA,NA,NA,NA,2011-08-08 14:52:00,0
2011-08-08 16:00:00,WIND,600702,1,HCM,1,18974,1011,360,20,350,27,1512,6,6,6,6,6,NA,NA,NA,NA,2011-08-08 15:52:00,0
2011-08-08 17:00:00,WIND,600702,1,HCM,1,18974,1011,350,19,360,26,1604,6,6,6,6,6,NA,NA,NA,NA,2011-08-08 16:51:00,0
2011-08-08 18:00:00,WIND,600702,1,HCM,1,18974,1011,350,18,340,25,1739,6,6,6,6,6,NA,NA,NA,NA,2011-08-08 18:11:00,0
2011-08-08 19:00:00,WIND,600702,1,HCM,1,18974,1011,350,18,340,27,1830,6,6,6,6,6,NA,NA,NA,NA,2011-08-08 18:51:00,0
2011-08-08 20:00:00,WIND,600702,1,HCM,1,18974,1011,350,19,350,28,1905,6,6,6,6,6,NA,NA,NA,NA,2011-08-08 19:51:00,0
2011-08-08 21:00:00,WIND,600702,1,HCM,1,18974,1011,350,17,330,29,2046,6,6,6,6,6,NA,NA,NA,NA,2011-08-08 20:54:00,0
2011-08-08 22:00:00,WIND,600702,1,HCM,1,18974,1011,350,16,350,23,2119,6,6,6,6,6,NA,NA,NA,NA,2011-08-08 21:51:00,0
2011-08-08 23:00:00,WIND,600702,1,HCM,1,18974,1011,350,17,340,24,2230,6,6,6,6,6,NA,NA,NA,NA,2011-08-08 22:52:00,0
2011-08-09 00:00:00,WIND,600702,1,HCM,1,18974,1011,360,16,360,22,2315,6,6,6,6,6,NA,NA,NA,NA,2011-08-08 23:51:00,0
2011-08-09 01:00:00,WIND,600702,1,HCM,1,18974,1011,350,14,350,23,7,6,6,6,6,6,NA,NA,NA,NA,2011-08-09 00:51:00,0
2011-08-09 02:00:00,WIND,600702,1,HCM,1,18974,1011,340,14,330,22,132,6,6,6,6,6,NA,NA,NA,NA,2011-08-09 01:51:00,0
2011-08-09 03:00:00,WIND,600702,1,HCM,1,18974,1011,350,14,330,24,201,6,6,6,6,6,NA,NA,NA,NA,2011-08-09 02:51:00,0
2011-08-09 04:00:00,WIND,600702,1,HCM,1,18974,1011,340,13,340,21,311,6,6,6,6,6,NA,NA,NA,NA,2011-08-09 03:51:00,0
2011-08-09 05:00:00,WIND,600702,1,HCM,1,18974,1011,340,14,350,24,409,6,6,6,6,6,NA,NA,NA,NA,2011-08-09 04:51:00,0
2011-08-09 06:00:00,WIND,600702,1,HCM,1,18974,1011,340,13,360,21,504,6,6,6,6,6,NA,NA,NA,NA,2011-08-09 05:51:00,0
2011-08-09 07:00:00,WIND,600702,1,HCM,1,18974,1011,330,11,310,18,634,6,6,6,6,6,NA,NA,NA,NA,2011-08-09 06:51:00,0
2011-08-09 08:00:00,WIND,600702,1,HCM,1,18974,1011,330,11,330,19,714,6,6,6,6,6,NA,NA,NA,NA,2011-08-09 07:51:00,0
2011-08-09 09:00:00,WIND,600702,1,HCM,1,18974,1011,330,11,350,15,825,6,6,6,6,6,NA,NA,NA,NA,2011-08-09 08:54:00,0
2011-08-09 10:00:00,WIND,600702,1,HCM,1,18974,1011,340,11,330,16,858,6,6,6,6,6,NA,NA,NA,NA,2011-08-09 09:52:00,0
2011-08-09 11:00:00,WIND,600702,1,HCM,1,18974,1011,350,10,350,15,1015,6,6,6,6,6,NA,NA,NA,NA,2011-08-09 10:51:00,0
2011-08-09 12:00:00,WIND,600702,1,HCM,1,18974,1011,340,9,310,15,1124,6,6,6,6,6,NA,NA,NA,NA,2011-08-09 11:51:00,0
2011-08-09 13:00:00,WIND,600702,1,HCM,1,18974,1011,350,9,320,17,1230,6,6,6,6,6,NA,NA,NA,NA,2011-08-09 12:52:00,0
2011-08-09 14:00:00,WIND,600702,1,HCM,1,18974,1011,330,9,320,15,1343,6,6,6,6,6,NA,NA,NA,NA,2011-08-09 13:51:00,0
2011-08-09 15:00:00,WIND,600702,1,HCM,1,18974,1011,340,8,310,12,1447,6,6,6,6,6,NA,NA,NA,NA,2011-08-09 14:51:00,0
2011-08-09 16:00:00,WIND,600702,1,HCM,1,18974,1011,310,9,280,16,1532,6,6,6,6,6,NA,NA,NA,NA,2011-08-09 15:51:00,0
2011-08-09 17:00:00,WIND,600702,1,HCM,1,18974,1011,310,9,310,13,1551,6,6,6,6,6,NA,NA,NA,NA,2011-08-09 16:51:00,0
2011-08-09 18:00:00,WIND,600702,1,HCM,1,18974,1011,290,7,290,11,1650,6,6,6,6,6,NA,NA,NA,NA,2011-08-09 17:51:00,0
2011-08-09 19:00:00,WIND,600702,1,HCM,1,18974,1011,290,4,300,7,1750,6,6,6,6,6,NA,NA,NA,NA,2011-08-09 18:51:00,0
2011-08-09 20:00:00,WIND,600702,1,HCM,1,18974,1011,230,2,250,4,1853,6,6,6,6,6,NA,NA,NA,NA,2011-08-09 19:51:00,0
2011-08-09 21:00:00,WIND,600702,1,HCM,1,18974,1011,220,3,240,8,2047,6,6,6,6,6,NA,NA,NA,NA,2011-08-09 20:55:00,0
2011-08-09 22:00:00,WIND,600702,1,HCM,1,18974,1011,240,5,250,8,2101,6,6,6,6,6,NA,NA,NA,NA,2011-08-09 21:51:00,0
2011-08-09 23:00:00,WIND,600702,1,HCM,1,18974,1011,200,5,190,9,2245,6,6,6,6,6,NA,NA,NA,NA,2011-08-09 22:51:00,0
2011-08-10 00:00:00,WIND,600702,1,HCM,1,18974,1011,170,9,150,15,2348,6,6,6,6,6,NA,NA,NA,NA,2011-08-09 23:51:00,0
2011-08-10 01:00:00,WIND,600702,1,HCM,1,18974,1011,170,15,180,22,45,6,6,6,6,6,NA,NA,NA,NA,2011-08-10 00:51:00,0
2011-08-10 02:00:00,WIND,600702,1,HCM,1,18974,1011,180,15,180,22,101,6,6,6,6,6,NA,NA,NA,NA,2011-08-10 01:51:00,0
2011-08-10 03:00:00,WIND,600702,1,HCM,1,18974,1011,160,19,150,25,239,6,6,6,6,6,NA,NA,NA,NA,2011-08-10 02:51:00,0
2011-08-10 04:00:00,WIND,600702,1,HCM,1,18974,1011,150,22,160,30,349,6,6,6,6,6,NA,NA,NA,NA,2011-08-10 03:51:00,0
2011-08-10 05:00:00,WIND,600702,1,HCM,1,18974,1011,160,23,160,30,350,6,6,6,6,6,NA,NA,NA,NA,2011-08-10 04:51:00,0
2011-08-10 06:00:00,WIND,600702,1,HCM,1,18974,1011,170,21,160,29,531,6,6,6,6,6,NA,NA,NA,NA,2011-08-10 05:52:00,0
2011-08-10 07:00:00,WIND,600702,1,HCM,1,18974,1011,180,18,160,29,553,6,6,6,6,6,NA,NA,NA,NA,2011-08-10 06:51:00,0
2011-08-10 08:00:00,WIND,600702,1,HCM,1,18974,1011,210,14,200,21,710,6,6,6,6,6,NA,NA,NA,NA,2011-08-10 07:51:00,0
2011-08-10 09:00:00,WIND,600702,1,HCM,1,18974,1011,240,14,250,23,848,6,6,6,6,6,NA,NA,NA,NA,2011-08-10 08:54:00,0
2011-08-10 10:00:00,WIND,600702,1,HCM,1,18974,1011,250,15,250,22,933,6,6,6,6,6,NA,NA,NA,NA,2011-08-10 09:51:00,0
2011-08-10 11:00:00,WIND,600702,1,HCM,1,18974,1011,260,15,250,22,953,6,6,6,6,6,NA,NA,NA,NA,2011-08-10 10:51:00,0
2011-08-10 12:00:00,WIND,600702,1,HCM,1,18974,1011,260,16,250,22,1107,6,6,6,6,6,NA,NA,NA,NA,2011-08-10 11:51:00,0
2011-08-10 13:00:00,WIND,600702,1,HCM,1,18974,1011,260,16,260,23,1226,6,6,6,6,6,NA,NA,NA,NA,2011-08-10 12:51:00,0
2011-08-10 14:00:00,WIND,600702,1,HCM,1,18974,1011,260,15,260,22,1347,6,6,6,6,6,NA,NA,NA,NA,2011-08-10 13:52:00,0
2011-08-10 15:00:00,WIND,600702,1,HCM,1,18974,1011,250,15,260,21,1358,6,6,6,6,6,NA,NA,NA,NA,2011-08-10 14:52:00,0
2011-08-10 16:00:00,WIND,600702,1,HCM,1,18974,1011,250,14,250,20,1502,6,6,6,6,6,NA,NA,NA,NA,2011-08-10 15:51:00,0
2011-08-10 17:00:00,WIND,600702,1,HCM,1,18974,1011,250,14,250,22,1551,6,6,6,6,6,NA,NA,NA,NA,2011-08-10 16:51:00,0
2011-08-10 18:00:00,WIND,600702,1,HCM,1,18974,1011,260,12,260,18,1651,6,6,6,6,6,NA,NA,NA,NA,2011-08-10 17:51:00,0
2011-08-10 19:00:00,WIND,600702,1,HCM,1,18974,1011,260,11,260,16,1808,6,6,6,6,6,NA,NA,NA,NA,2011-08-10 18:51:00,0
2011-08-10 20:00:00,WIND,600702,1,HCM,1,18974,1011,260,10,270,15,1900,6,6,6,6,6,NA,NA,NA,NA,2011-08-10 19:51:00,0
2011-08-10 21:00:00,WIND,600702,1,HCM,1,18974,1011,260,11,260,15,1951,6,6,6,6,6,NA,NA,NA,NA,2011-08-10 20:54:00,0
2011-08-10 22:00:00,WIND,600702,1,HCM,1,18974,1011,280,8,260,12,2051,6,6,6,6,6,NA,NA,NA,NA,2011-08-10 21:51:00,0
2011-08-10 23:00:00,WIND,600702,1,HCM,1,18974,1011,270,6,280,9,2249,6,6,6,6,6,NA,NA,NA,NA,2011-08-10 22:51:00,0
2011-08-11 00:00:00,WIND,600702,1,HCM,1,18974,1011,270,5,280,8,2250,6,6,6,6,6,NA,NA,NA,NA,2011-08-10 23:52:00,0
2011-08-11 01:00:00,WIND,600702,1,HCM,1,18974,1011,290,4,270,6,0,6,6,6,6,6,NA,NA,NA,NA,2011-08-11 00:51:00,0
2011-08-11 02:00:00,WIND,600702,1,HCM,1,18974,1011,280,4,250,7,131,6,6,6,6,6,NA,NA,NA,NA,2011-08-11 01:51:00,0
2011-08-11 03:00:00,WIND,600702,1,HCM,1,18974,1011,260,3,250,6,238,6,6,6,6,6,NA,NA,NA,NA,2011-08-11 02:51:00,0
2011-08-11 04:00:00,WIND,600702,1,HCM,1,18974,1011,250,2,240,5,251,6,6,6,6,6,NA,NA,NA,NA,2011-08-11 03:51:00,0
2011-08-11 05:00:00,WIND,600702,1,HCM,1,18974,1011,20,2,260,5,353,6,6,6,6,6,NA,NA,NA,NA,2011-08-11 04:51:00,0
2011-08-11 06:00:00,WIND,600702,1,HCM,1,18974,1011,110,3,120,6,540,6,6,6,6,6,NA,NA,NA,NA,2011-08-11 05:51:00,0
2011-08-11 07:00:00,WIND,600702,1,HCM,1,18974,1011,130,11,130,19,630,6,6,6,6,6,NA,NA,NA,NA,2011-08-11 06:51:00,0
2011-08-11 08:00:00,WIND,600702,1,HCM,1,18974,1011,120,13,120,21,749,6,6,6,6,6,NA,NA,NA,NA,2011-08-11 07:51:00,0
2011-08-11 09:00:00,WIND,600702,1,HCM,1,18974,1011,110,13,110,19,752,6,6,6,6,6,NA,NA,NA,NA,2011-08-11 08:54:00,0
2011-08-11 10:00:00,WIND,600702,1,HCM,1,18974,1011,110,14,110,19,946,6,6,6,6,6,NA,NA,NA,NA,2011-08-11 09:51:00,0
2011-08-11 11:00:00,WIND,600702,1,HCM,1,18974,1011,110,15,110,20,1033,6,6,6,6,6,NA,NA,NA,NA,2011-08-11 10:51:00,0
2011-08-11 12:00:00,WIND,600702,1,HCM,1,18974,1011,120,13,120,19,1053,6,6,6,6,6,NA,NA,NA,NA,2011-08-11 11:52:00,0
2011-08-11 13:00:00,WIND,600702,1,HCM,1,18974,1011,110,12,130,19,1200,6,6,6,6,6,NA,NA,NA,NA,2011-08-11 12:51:00,0
2011-08-11 14:00:00,WIND,600702,1,HCM,1,18974,1011,110,11,100,16,1251,6,6,6,6,6,NA,NA,NA,NA,2011-08-11 13:52:00,0
2011-08-11 15:00:00,WIND,600702,1,HCM,1,18974,1011,120,10,130,15,1437,6,6,6,6,6,NA,NA,NA,NA,2011-08-11 14:51:00,0
2011-08-11 16:00:00,WIND,600702,1,HCM,1,18974,1011,120,11,120,18,1501,6,6,6,6,6,NA,NA,NA,NA,2011-08-11 15:51:00,0
2011-08-11 17:00:00,WIND,600702,1,HCM,1,18974,1011,130,10,130,14,1627,6,6,6,6,6,NA,NA,NA,NA,2011-08-11 16:51:00,0
2011-08-11 18:00:00,WIND,600702,1,HCM,1,18974,1011,130,9,130,13,1715,6,6,6,6,6,NA,NA,NA,NA,2011-08-11 17:51:00,0
2011-08-11 19:00:00,WIND,600702,1,HCM,1,18974,1011,140,8,140,12,1755,6,6,6,6,6,NA,NA,NA,NA,2011-08-11 18:51:00,0
2011-08-11 20:00:00,WIND,600702,1,HCM,1,18974,1011,130,7,140,11,1907,6,6,6,6,6,NA,NA,NA,NA,2011-08-11 19:51:00,0
2011-08-11 21:00:00,WIND,600702,1,HCM,1,18974,1011,130,8,120,11,2014,6,6,6,6,6,NA,NA,NA,NA,2011-08-11 20:54:00,0
2011-08-11 22:00:00,WIND,600702,1,HCM,1,18974,1011,130,8,130,11,2056,6,6,6,6,6,NA,NA,NA,NA,2011-08-11 21:51:00,0
2011-08-11 23:00:00,WIND,600702,1,HCM,1,18974,1011,140,10,140,15,2242,6,6,6,6,6,NA,NA,NA,NA,2011-08-11 22:51:00,0
2011-08-12 00:00:00,WIND,600702,1,HCM,1,18974,1011,140,13,150,19,2317,6,6,6,6,6,NA,NA,NA,NA,2011-08-11 23:51:00,0
2011-08-12 01:00:00,WIND,600702,1,HCM,1,18974,1011,140,13,140,19,45,6,6,6,6,6,NA,NA,NA,NA,2011-08-12 00:52:00,0
2011-08-12 02:00:00,WIND,600702,1,HCM,1,18974,1011,140,15,140,20,105,6,6,6,6,6,NA,NA,NA,NA,2011-08-12 01:51:00,0
2011-08-12 03:00:00,WIND,600702,1,HCM,1,18974,1011,140,15,130,21,240,6,6,6,6,6,NA,NA,NA,NA,2011-08-12 02:51:00,0
2011-08-12 04:00:00,WIND,600702,1,HCM,1,18974,1011,130,14,140,20,308,6,6,6,6,6,NA,NA,NA,NA,2011-08-12 03:51:00,0
2011-08-12 05:00:00,WIND,600702,1,HCM,1,18974,1011,140,16,140,22,442,6,6,6,6,6,NA,NA,NA,NA,2011-08-12 04:51:00,0
2011-08-12 06:00:00,WIND,600702,1,HCM,1,18974,1011,140,19,140,25,459,6,6,6,6,6,NA,NA,NA,NA,2011-08-12 05:51:00,0
2011-08-12 07:00:00,WIND,600702,1,HCM,1,18974,1011,140,19,140,26,620,6,6,6,6,6,NA,NA,NA,NA,2011-08-12 06:52:00,0
2011-08-12 08:00:00,WIND,600702,1,HCM,1,18974,1011,140,19,140,25,703,6,6,6,6,6,NA,NA,NA,NA,2011-08-12 07:51:00,0
2011-08-12 09:00:00,WIND,600702,1,HCM,1,18974,1011,150,19,150,26,820,6,6,6,6,6,NA,NA,NA,NA,2011-08-12 08:54:00,0
2011-08-12 10:00:00,WIND,600702,1,HCM,1,18974,1011,150,18,150,25,902,6,6,6,6,6,NA,NA,NA,NA,2011-08-12 09:51:00,0
2011-08-12 11:00:00,WIND,600702,1,HCM,1,18974,1011,150,18,150,25,1040,6,6,6,6,6,NA,NA,NA,NA,2011-08-12 10:51:00,0
2011-08-12 12:00:00,WIND,600702,1,HCM,1,18974,1011,150,20,150,26,1051,6,6,6,6,6,NA,NA,NA,NA,2011-08-12 11:51:00,0
2011-08-12 13:00:00,WIND,600702,1,HCM,1,18974,1011,160,18,150,25,1242,6,6,6,6,6,NA,NA,NA,NA,2011-08-12 12:51:00,0
2011-08-12 14:00:00,WIND,600702,1,HCM,1,18974,1011,160,19,150,26,1308,6,6,6,6,6,NA,NA,NA,NA,2011-08-12 13:52:00,0
2011-08-12 15:00:00,WIND,600702,1,HCM,1,18974,1011,150,19,160,24,1356,6,6,6,6,6,NA,NA,NA,NA,2011-08-12 14:51:00,0
2011-08-12 16:00:00,WIND,600702,1,HCM,1,18974,1011,160,17,160,23,1453,6,6,6,6,6,NA,NA,NA,NA,2011-08-12 15:51:00,0
2011-08-12 17:00:00,WIND,600702,1,HCM,1,18974,1011,160,18,150,24,1638,6,6,6,6,6,NA,NA,NA,NA,2011-08-12 16:51:00,0
2011-08-12 18:00:00,WIND,600702,1,HCM,1,18974,1011,160,18,160,25,1701,6,6,6,6,6,NA,NA,NA,NA,2011-08-12 17:51:00,0
2011-08-12 19:00:00,WIND,600702,1,HCM,1,18974,1011,160,17,160,24,1849,6,6,6,6,6,NA,NA,NA,NA,2011-08-12 18:51:00,0
2011-08-12 20:00:00,WIND,600702,1,HCM,1,18974,1011,170,19,160,26,1913,6,6,6,6,6,NA,NA,NA,NA,2011-08-12 19:51:00,0
2011-08-12 21:00:00,WIND,600702,1,HCM,1,18974,1011,200,12,200,25,1950,6,6,6,6,6,NA,NA,NA,NA,2011-08-12 20:54:00,0
2011-08-12 22:00:00,WIND,600702,1,HCM,1,18974,1011,210,10,210,16,2054,6,6,6,6,6,NA,NA,NA,NA,2011-08-12 21:51:00,0
2011-08-12 23:00:00,WIND,600702,1,HCM,1,18974,1011,210,10,210,15,2150,6,6,6,6,6,NA,NA,NA,NA,2011-08-12 22:51:00,0
2011-08-13 00:00:00,WIND,600702,1,HCM,1,18974,1011,220,9,220,15,2347,6,6,6,6,6,NA,NA,NA,NA,2011-08-12 23:51:00,0
2011-08-13 01:00:00,WIND,600702,1,HCM,1,18974,1011,210,8,210,12,48,6,6,6,6,6,NA,NA,NA,NA,2011-08-13 00:51:00,0
2011-08-13 02:00:00,WIND,600702,1,HCM,1,18974,1011,200,8,190,13,114,6,6,6,6,6,NA,NA,NA,NA,2011-08-13 01:51:00,0
2011-08-13 03:00:00,WIND,600702,1,HCM,1,18974,1011,200,9,200,15,222,6,6,6,6,6,NA,NA,NA,NA,2011-08-13 02:51:00,0
2011-08-13 04:00:00,WIND,600702,1,HCM,1,18974,1011,190,10,200,16,337,6,6,6,6,6,NA,NA,NA,NA,2011-08-13 03:51:00,0
2011-08-13 05:00:00,WIND,600702,1,HCM,1,18974,1011,190,13,190,19,401,6,6,6,6,6,NA,NA,NA,NA,2011-08-13 04:51:00,0
2011-08-13 06:00:00,WIND,600702,1,HCM,1,18974,1011,190,16,190,24,543,6,6,6,6,6,NA,NA,NA,NA,2011-08-13 05:51:00,0
2011-08-13 07:00:00,WIND,600702,1,HCM,1,18974,1011,200,18,190,25,646,6,6,6,6,6,NA,NA,NA,NA,2011-08-13 06:51:00,0
2011-08-13 08:00:00,WIND,600702,1,HCM,1,18974,1011,200,15,190,26,705,6,6,6,6,6,NA,NA,NA,NA,2011-08-13 07:51:00,0
2011-08-13 09:00:00,WIND,600702,1,HCM,1,18974,1011,210,14,220,23,833,6,6,6,6,6,NA,NA,NA,NA,2011-08-13 08:54:00,0
2011-08-13 10:00:00,WIND,600702,1,HCM,1,18974,1011,220,15,210,22,947,6,6,6,6,6,NA,NA,NA,NA,2011-08-13 09:51:00,0
2011-08-13 11:00:00,WIND,600702,1,HCM,1,18974,1011,230,15,230,24,1033,6,6,6,6,6,NA,NA,NA,NA,2011-08-13 10:51:00,0
2011-08-13 12:00:00,WIND,600702,1,HCM,1,18974,1011,220,16,230,25,1110,6,6,6,6,6,NA,NA,NA,NA,2011-08-13 11:51:00,0
2011-08-13 13:00:00,WIND,600702,1,HCM,1,18974,1011,230,16,230,28,1204,6,6,6,6,6,NA,NA,NA,NA,2011-08-13 12:51:00,0
2011-08-13 14:00:00,WIND,600702,1,HCM,1,18974,1011,220,18,210,29,1329,6,6,6,6,6,NA,NA,NA,NA,2011-08-13 13:51:00,0
2011-08-13 15:00:00,WIND,600702,1,HCM,1,18974,1011,220,18,220,27,1425,6,6,6,6,6,NA,NA,NA,NA,2011-08-13 14:51:00,0
2011-08-13 16:00:00,WIND,600702,1,HCM,1,18974,1011,230,17,220,26,1450,6,6,6,6,6,NA,NA,NA,NA,2011-08-13 15:52:00,0
2011-08-13 17:00:00,WIND,600702,1,HCM,1,18974,1011,230,16,230,24,1620,6,6,6,6,6,NA,NA,NA,NA,2011-08-13 16:51:00,0
2011-08-13 18:00:00,WIND,600702,1,HCM,1,18974,1011,240,15,240,23,1735,6,6,6,6,6,NA,NA,NA,NA,2011-08-13 17:51:00,0
2011-08-13 19:00:00,WIND,600702,1,HCM,1,18974,1011,240,14,240,21,1753,6,6,6,6,6,NA,NA,NA,NA,2011-08-13 18:51:00,0
2011-08-13 20:00:00,WIND,600702,1,HCM,1,18974,1011,250,12,270,20,1933,6,6,6,6,6,NA,NA,NA,NA,2011-08-13 19:51:00,0
2011-08-13 21:00:00,WIND,600702,1,HCM,1,18974,1011,260,9,250,13,1953,6,6,6,6,6,NA,NA,NA,NA,2011-08-13 20:54:00,0
2011-08-13 22:00:00,WIND,600702,1,HCM,1,18974,1011,260,9,240,13,2102,6,6,6,6,6,NA,NA,NA,NA,2011-08-13 21:51:00,0
2011-08-13 23:00:00,WIND,600702,1,HCM,1,18974,1011,250,8,260,12,2205,6,6,6,6,6,NA,NA,NA,NA,2011-08-13 22:52:00,0
2011-08-14 00:00:00,WIND,600702,1,HCM,1,18974,1011,240,7,240,11,2342,6,6,6,6,6,NA,NA,NA,NA,2011-08-13 23:51:00,0
2011-08-14 01:00:00,WIND,600702,1,HCM,1,18974,1011,230,7,240,11,2356,6,6,6,6,6,NA,NA,NA,NA,2011-08-14 00:51:00,0
2011-08-14 02:00:00,WIND,600702,1,HCM,1,18974,1011,230,9,230,16,129,6,6,6,6,6,NA,NA,NA,NA,2011-08-14 01:51:00,0
2011-08-14 03:00:00,WIND,600702,1,HCM,1,18974,1011,220,8,220,15,248,6,6,6,6,6,NA,NA,NA,NA,2011-08-14 02:52:00,0
2011-08-14 04:00:00,WIND,600702,1,HCM,1,18974,1011,230,9,230,16,305,6,6,6,6,6,NA,NA,NA,NA,2011-08-14 03:51:00,0
2011-08-14 05:00:00,WIND,600702,1,HCM,1,18974,1011,240,8,250,14,425,6,6,6,6,6,NA,NA,NA,NA,2011-08-14 04:51:00,0
2011-08-14 06:00:00,WIND,600702,1,HCM,1,18974,1011,240,8,240,14,523,6,6,6,6,6,NA,NA,NA,NA,2011-08-14 05:51:00,0
2011-08-14 07:00:00,WIND,600702,1,HCM,1,18974,1011,240,9,250,16,648,6,6,6,6,6,NA,NA,NA,NA,2011-08-14 06:51:00,0
2011-08-14 08:00:00,WIND,600702,1,HCM,1,18974,1011,260,11,260,18,741,6,6,6,6,6,NA,NA,NA,NA,2011-08-14 07:51:00,0
2011-08-14 09:00:00,WIND,600702,1,HCM,1,18974,1011,250,13,250,18,811,6,6,6,6,6,NA,NA,NA,NA,2011-08-14 08:54:00,0
2011-08-14 10:00:00,WIND,600702,1,HCM,1,18974,1011,250,14,240,21,857,6,6,6,6,6,NA,NA,NA,NA,2011-08-14 09:51:00,0
2011-08-14 11:00:00,WIND,600702,1,HCM,1,18974,1011,250,13,250,19,1007,6,6,6,6,6,NA,NA,NA,NA,2011-08-14 10:51:00,0
2011-08-14 12:00:00,WIND,600702,1,HCM,1,18974,1011,250,15,250,23,1128,6,6,6,6,6,NA,NA,NA,NA,2011-08-14 11:51:00,0
2011-08-14 13:00:00,WIND,600702,1,HCM,1,18974,1011,240,15,260,21,1228,6,6,6,6,6,NA,NA,NA,NA,2011-08-14 12:51:00,0
2011-08-14 14:00:00,WIND,600702,1,HCM,1,18974,1011,250,14,240,21,1308,6,6,6,6,6,NA,NA,NA,NA,2011-08-14 13:51:00,0
2011-08-14 15:00:00,WIND,600702,1,HCM,1,18974,1011,250,15,250,21,1430,6,6,6,6,6,NA,NA,NA,NA,2011-08-14 14:51:00,0
2011-08-14 16:00:00,WIND,600702,1,HCM,1,18974,1011,250,14,250,21,1513,6,6,6,6,6,NA,NA,NA,NA,2011-08-14 15:51:00,0
2011-08-14 17:00:00,WIND,600702,1,HCM,1,18974,1011,260,14,240,22,1558,6,6,6,6,6,NA,NA,NA,NA,2011-08-14 16:52:00,0
2011-08-14 18:00:00,WIND,600702,1,HCM,1,18974,1011,250,14,260,20,1701,6,6,6,6,6,NA,NA,NA,NA,2011-08-14 17:51:00,0
2011-08-14 19:00:00,WIND,600702,1,HCM,1,18974,1011,250,12,260,19,1752,6,6,6,6,6,NA,NA,NA,NA,2011-08-14 18:51:00,0
2011-08-14 20:00:00,WIND,600702,1,HCM,1,18974,1011,250,9,250,15,1937,6,6,6,6,6,NA,NA,NA,NA,2011-08-14 19:51:00,0
2011-08-14 21:00:00,WIND,600702,1,HCM,1,18974,1011,250,9,250,13,1959,6,6,6,6,6,NA,NA,NA,NA,2011-08-14 20:54:00,0
2011-08-14 22:00:00,WIND,600702,1,HCM,1,18974,1011,250,9,250,14,2054,6,6,6,6,6,NA,NA,NA,NA,2011-08-14 21:51:00,0
2011-08-14 23:00:00,WIND,600702,1,HCM,1,18974,1011,250,8,240,12,2152,6,6,6,6,6,NA,NA,NA,NA,2011-08-14 22:51:00,0
2011-08-15 00:00:00,WIND,600702,1,HCM,1,18974,1011,240,8,250,14,2334,6,6,6,6,6,NA,NA,NA,NA,2011-08-14 23:51:00,0
2011-08-15 01:00:00,WIND,600702,1,HCM,1,18974,1011,240,8,250,15,13,6,6,6,6,6,NA,NA,NA,NA,2011-08-15 00:51:00,0
2011-08-15 02:00:00,WIND,600702,1,HCM,1,18974,1011,250,7,260,11,58,6,6,6,6,6,NA,NA,NA,NA,2011-08-15 01:51:00,0
2011-08-15 03:00:00,WIND,600702,1,HCM,1,18974,1011,250,10,260,16,229,6,6,6,6,6,NA,NA,NA,NA,2011-08-15 02:51:00,0
2011-08-15 04:00:00,WIND,600702,1,HCM,1,18974,1011,250,9,250,14,340,6,6,6,6,6,NA,NA,NA,NA,2011-08-15 03:51:00,0
2011-08-15 05:00:00,WIND,600702,1,HCM,1,18974,1011,250,10,240,17,423,6,6,6,6,6,NA,NA,NA,NA,2011-08-15 04:51:00,0
2011-08-15 06:00:00,WIND,600702,1,HCM,1,18974,1011,250,9,250,14,545,6,6,6,6,6,NA,NA,NA,NA,2011-08-15 05:51:00,0
2011-08-15 07:00:00,WIND,600702,1,HCM,1,18974,1011,260,11,260,17,628,6,6,6,6,6,NA,NA,NA,NA,2011-08-15 06:51:00,0
2011-08-15 08:00:00,WIND,600702,1,HCM,1,18974,1011,260,11,260,16,707,6,6,6,6,6,NA,NA,NA,NA,2011-08-15 07:51:00,0
2011-08-15 09:00:00,WIND,600702,1,HCM,1,18974,1011,260,13,270,19,813,6,6,6,6,6,NA,NA,NA,NA,2011-08-15 08:53:00,0
2011-08-15 10:00:00,WIND,600702,1,HCM,1,18974,1011,260,12,270,21,903,6,6,6,6,6,NA,NA,NA,NA,2011-08-15 09:51:00,0
2011-08-15 11:00:00,WIND,600702,1,HCM,1,18974,1011,260,13,250,19,958,6,6,6,6,6,NA,NA,NA,NA,2011-08-15 10:51:00,0
2011-08-15 12:00:00,WIND,600702,1,HCM,1,18974,1011,250,11,260,17,1104,6,6,6,6,6,NA,NA,NA,NA,2011-08-15 11:52:00,0
2011-08-15 13:00:00,WIND,600702,1,HCM,1,18974,1011,260,11,260,19,1229,6,6,6,6,6,NA,NA,NA,NA,2011-08-15 12:51:00,0
2011-08-15 14:00:00,WIND,600702,1,HCM,1,18974,1011,240,11,260,21,1321,6,6,6,6,6,NA,NA,NA,NA,2011-08-15 13:51:00,0
2011-08-15 15:00:00,WIND,600702,1,HCM,1,18974,1011,240,12,240,18,1351,6,6,6,6,6,NA,NA,NA,NA,2011-08-15 14:51:00,0
2011-08-15 16:00:00,WIND,600702,1,HCM,1,18974,1011,250,11,260,17,1459,6,6,6,6,6,NA,NA,NA,NA,2011-08-15 15:51:00,0
2011-08-15 17:00:00,WIND,600702,1,HCM,1,18974,1011,240,10,220,14,1606,6,6,6,6,6,NA,NA,NA,NA,2011-08-15 16:51:00,0
2011-08-15 18:00:00,WIND,600702,1,HCM,1,18974,1011,230,8,230,11,1653,6,6,6,6,6,NA,NA,NA,NA,2011-08-15 17:51:00,0
2011-08-15 19:00:00,WIND,600702,1,HCM,1,18974,1011,190,7,200,9,1750,6,6,6,6,6,NA,NA,NA,NA,2011-08-15 18:51:00,0
2011-08-15 20:00:00,WIND,600702,1,HCM,1,18974,1011,170,7,160,11,1949,6,6,6,6,6,NA,NA,NA,NA,2011-08-15 19:51:00,0
2011-08-15 21:00:00,WIND,600702,1,HCM,1,18974,1011,180,10,190,16,2044,6,6,6,6,6,NA,NA,NA,NA,2011-08-15 20:54:00,0
2011-08-15 22:00:00,WIND,600702,1,HCM,1,18974,1011,180,7,180,14,2050,6,6,6,6,6,NA,NA,NA,NA,2011-08-15 21:51:00,0
2011-08-15 23:00:00,WIND,600702,1,HCM,1,18974,1011,130,5,140,10,2245,6,6,6,6,6,NA,NA,NA,NA,2011-08-15 22:51:00,0
2011-08-16 00:00:00,WIND,600702,1,HCM,1,18974,1011,140,11,140,15,2342,6,6,6,6,6,NA,NA,NA,NA,2011-08-15 23:51:00,0
2011-08-16 01:00:00,WIND,600702,1,HCM,1,18974,1011,160,13,180,17,36,6,6,6,6,6,NA,NA,NA,NA,2011-08-16 00:52:00,0
2011-08-16 02:00:00,WIND,600702,1,HCM,1,18974,1011,170,13,180,18,55,6,6,6,6,6,NA,NA,NA,NA,2011-08-16 01:51:00,0
2011-08-16 03:00:00,WIND,600702,1,HCM,1,18974,1011,160,13,160,17,214,6,6,6,6,6,NA,NA,NA,NA,2011-08-16 02:51:00,0
2011-08-16 04:00:00,WIND,600702,1,HCM,1,18974,1011,150,13,150,19,345,6,6,6,6,6,NA,NA,NA,NA,2011-08-16 03:51:00,0
2011-08-16 05:00:00,WIND,600702,1,HCM,1,18974,1011,140,14,140,22,415,6,6,6,6,6,NA,NA,NA,NA,2011-08-16 04:51:00,0
2011-08-16 06:00:00,WIND,600702,1,HCM,1,18974,1011,160,15,150,22,512,6,6,6,6,6,NA,NA,NA,NA,2011-08-16 05:51:00,0
2011-08-16 07:00:00,WIND,600702,1,HCM,1,18974,1011,170,15,170,22,558,6,6,6,6,6,NA,NA,NA,NA,2011-08-16 06:51:00,0
2011-08-16 08:00:00,WIND,600702,1,HCM,1,18974,1011,170,14,160,20,710,6,6,6,6,6,NA,NA,NA,NA,2011-08-16 07:51:00,0
2011-08-16 09:00:00,WIND,600702,1,HCM,1,18974,1011,160,14,160,18,829,6,6,6,6,6,NA,NA,NA,NA,2011-08-16 08:54:00,0
2011-08-16 10:00:00,WIND,600702,1,HCM,1,18974,1011,180,9,170,15,928,6,6,6,6,6,NA,NA,NA,NA,2011-08-16 09:51:00,0
2011-08-16 11:00:00,WIND,600702,1,HCM,1,18974,1011,310,9,280,15,951,6,6,6,6,6,NA,NA,NA,NA,2011-08-16 10:51:00,0
2011-08-16 12:00:00,WIND,600702,1,HCM,1,18974,1011,330,14,330,23,1140,6,6,6,6,6,NA,NA,NA,NA,2011-08-16 11:51:00,0
2011-08-16 13:00:00,WIND,600702,1,HCM,1,18974,1011,330,16,330,22,1200,6,6,6,6,6,NA,NA,NA,NA,2011-08-16 12:51:00,0
2011-08-16 14:00:00,WIND,600702,1,HCM,1,18974,1011,310,14,310,22,1253,6,6,6,6,6,NA,NA,NA,NA,2011-08-16 13:51:00,0
2011-08-16 15:00:00,WIND,600702,1,HCM,1,18974,1011,310,17,320,24,1421,6,6,6,6,6,NA,NA,NA,NA,2011-08-16 14:51:00,0
2011-08-16 16:00:00,WIND,600702,1,HCM,1,18974,1011,310,16,310,22,1502,6,6,6,6,6,NA,NA,NA,NA,2011-08-16 15:51:00,0
2011-08-16 17:00:00,WIND,600702,1,HCM,1,18974,1011,300,15,310,20,1624,6,6,6,6,6,NA,NA,NA,NA,2011-08-16 16:51:00,0
2011-08-16 18:00:00,WIND,600702,1,HCM,1,18974,1011,300,13,290,19,1657,6,6,6,6,6,NA,NA,NA,NA,2011-08-16 17:51:00,0
2011-08-16 19:00:00,WIND,600702,1,HCM,1,18974,1011,300,11,290,17,1755,6,6,6,6,6,NA,NA,NA,NA,2011-08-16 18:51:00,0
2011-08-16 20:00:00,WIND,600702,1,HCM,1,18974,1011,300,8,290,17,1931,6,6,6,6,6,NA,NA,NA,NA,2011-08-16 19:51:00,0
2011-08-16 21:00:00,WIND,600702,1,HCM,1,18974,1011,300,5,300,7,2030,6,6,6,6,6,NA,NA,NA,NA,2011-08-16 20:54:00,0
2011-08-16 22:00:00,WIND,600702,1,HCM,1,18974,1011,280,6,280,9,2112,6,6,6,6,6,NA,NA,NA,NA,2011-08-16 21:51:00,0
2011-08-16 23:00:00,WIND,600702,1,HCM,1,18974,1011,270,7,270,11,2227,6,6,6,6,6,NA,NA,NA,NA,2011-08-16 22:51:00,0
2011-08-17 00:00:00,WIND,600702,1,HCM,1,18974,1011,260,6,270,9,2347,6,6,6,6,6,NA,NA,NA,NA,2011-08-16 23:51:00,0
2011-08-17 01:00:00,WIND,600702,1,HCM,1,18974,1011,280,5,280,9,2351,6,6,6,6,6,NA,NA,NA,NA,2011-08-17 00:51:00,0
2011-08-17 02:00:00,WIND,600702,1,HCM,1,18974,1011,280,5,280,9,148,6,6,6,6,6,NA,NA,NA,NA,2011-08-17 01:51:00,0
2011-08-17 03:00:00,WIND,600702,1,HCM,1,18974,1011,280,6,280,15,207,6,6,6,6,6,NA,NA,NA,NA,2011-08-17 02:51:00,0
2011-08-17 04:00:00,WIND,600702,1,HCM,1,18974,1011,290,6,300,9,339,6,6,6,6,6,NA,NA,NA,NA,2011-08-17 03:51:00,0
2011-08-17 05:00:00,WIND,600702,1,HCM,1,18974,1011,310,7,320,11,441,6,6,6,6,6,NA,NA,NA,NA,2011-08-17 04:51:00,0
2011-08-17 06:00:00,WIND,600702,1,HCM,1,18974,1011,320,7,320,10,505,6,6,6,6,6,NA,NA,NA,NA,2011-08-17 05:51:00,0
2011-08-17 07:00:00,WIND,600702,1,HCM,1,18974,1011,310,5,320,8,631,6,6,6,6,6,NA,NA,NA,NA,2011-08-17 06:51:00,0
2011-08-17 08:00:00,WIND,600702,1,HCM,1,18974,1011,320,5,320,10,743,6,6,6,6,6,NA,NA,NA,NA,2011-08-17 07:51:00,0
2011-08-17 09:00:00,WIND,600702,1,HCM,1,18974,1011,310,7,320,10,801,6,6,6,6,6,NA,NA,NA,NA,2011-08-17 08:53:00,0
2011-08-17 10:00:00,WIND,600702,1,HCM,1,18974,1011,290,8,280,15,947,6,6,6,6,6,NA,NA,NA,NA,2011-08-17 09:51:00,0
2011-08-17 11:00:00,WIND,600702,1,HCM,1,18974,1011,290,9,300,15,950,6,6,6,6,6,NA,NA,NA,NA,2011-08-17 10:51:00,0
2011-08-17 12:00:00,WIND,600702,1,HCM,1,18974,1011,310,8,320,13,1102,6,6,6,6,6,NA,NA,NA,NA,2011-08-17 11:51:00,0
2011-08-17 13:00:00,WIND,600702,1,HCM,1,18974,1011,300,7,300,11,1203,6,6,6,6,6,NA,NA,NA,NA,2011-08-17 12:51:00,0
2011-08-17 14:00:00,WIND,600702,1,HCM,1,18974,1011,310,9,310,13,1316,6,6,6,6,6,NA,NA,NA,NA,2011-08-17 13:52:00,0
2011-08-17 17:00:00,WIND,600702,1,HCM,1,18974,1011,300,6,300,12,1628,6,6,6,6,6,NA,NA,NA,NA,2011-08-17 16:51:00,0
2011-08-17 18:00:00,WIND,600702,1,HCM,1,18974,1011,300,7,300,12,1722,6,6,6,6,6,NA,NA,NA,NA,2011-08-17 17:51:00,0
2011-08-17 19:00:00,WIND,600702,1,HCM,1,18974,1011,310,7,320,9,1848,6,6,6,6,6,NA,NA,NA,NA,2011-08-17 18:51:00,0
2011-08-17 20:00:00,WIND,600702,1,HCM,1,18974,1011,310,5,320,9,1900,6,6,6,6,6,NA,NA,NA,NA,2011-08-17 19:51:00,0
2011-08-17 21:00:00,WIND,600702,1,HCM,1,18974,1011,310,3,310,5,1950,6,6,6,6,6,NA,NA,NA,NA,2011-08-17 20:52:00,0
2011-08-17 22:00:00,WIND,600702,1,HCM,1,18974,1011,310,3,310,4,2100,6,6,6,6,6,NA,NA,NA,NA,2011-08-17 21:52:00,0
2011-08-17 23:00:00,WIND,600702,1,HCM,1,18974,1011,310,3,310,4,2217,6,6,6,6,6,NA,NA,NA,NA,2011-08-17 22:51:00,0
2011-08-18 00:00:00,WIND,600702,1,HCM,1,18974,1011,300,3,290,4,2326,6,6,6,6,6,NA,NA,NA,NA,2011-08-17 23:52:00,0
2011-08-18 01:00:00,WIND,600702,1,HCM,1,18974,1011,330,3,340,4,17,6,6,6,6,6,NA,NA,NA,NA,2011-08-18 00:51:00,0
2011-08-18 02:00:00,WIND,600702,1,HCM,1,18974,1011,310,3,320,5,138,6,6,6,6,6,NA,NA,NA,NA,2011-08-18 01:51:00,0
2011-08-18 03:00:00,WIND,600702,1,HCM,1,18974,1011,270,3,280,5,201,6,6,6,6,6,NA,NA,NA,NA,2011-08-18 02:51:00,0
2011-08-18 04:00:00,WIND,600702,1,HCM,1,18974,1011,300,3,310,6,304,6,6,6,6,6,NA,NA,NA,NA,2011-08-18 03:51:00,0
2011-08-18 05:00:00,WIND,600702,1,HCM,1,18974,1011,50,2,70,6,419,6,6,6,6,6,NA,NA,NA,NA,2011-08-18 04:51:00,0
2011-08-18 06:00:00,WIND,600702,1,HCM,1,18974,1011,250,3,260,5,522,6,6,6,6,6,NA,NA,NA,NA,2011-08-18 05:51:00,0
2011-08-18 07:00:00,WIND,600702,1,HCM,1,18974,1011,270,2,270,3,550,6,6,6,6,6,NA,NA,NA,NA,2011-08-18 06:51:00,0
2011-08-18 08:00:00,WIND,600702,1,HCM,1,18974,1011,310,2,330,4,749,6,6,6,6,6,NA,NA,NA,NA,2011-08-18 07:51:00,0
2011-08-18 09:00:00,WIND,600702,1,HCM,1,18974,1011,340,4,360,8,831,6,6,6,6,6,NA,NA,NA,NA,2011-08-18 08:52:00,0
2011-08-18 10:00:00,WIND,600702,1,HCM,1,18974,1011,300,4,330,7,851,6,6,6,6,6,NA,NA,NA,NA,2011-08-18 09:51:00,0
2011-08-18 11:00:00,WIND,600702,1,HCM,1,18974,1011,340,5,340,8,1034,6,6,6,6,6,NA,NA,NA,NA,2011-08-18 10:51:00,0
2011-08-18 12:00:00,WIND,600702,1,HCM,1,18974,1011,360,6,20,9,1144,6,6,6,6,6,NA,NA,NA,NA,2011-08-18 11:51:00,0
2011-08-18 13:00:00,WIND,600702,1,HCM,1,18974,1011,20,6,20,10,1230,6,6,6,6,6,NA,NA,NA,NA,2011-08-18 12:51:00,0
2011-08-18 14:00:00,WIND,600702,1,HCM,1,18974,1011,20,5,20,9,1322,6,6,6,6,6,NA,NA,NA,NA,2011-08-18 13:51:00,0
2011-08-18 15:00:00,WIND,600702,1,HCM,1,18974,1011,20,5,30,8,1437,6,6,6,6,6,NA,NA,NA,NA,2011-08-18 14:51:00,0
2011-08-18 16:00:00,WIND,600702,1,HCM,1,18974,1011,350,6,320,11,1540,6,6,6,6,6,NA,NA,NA,NA,2011-08-18 15:51:00,0
2011-08-18 17:00:00,WIND,600702,1,HCM,1,18974,1011,310,6,320,10,1616,6,6,6,6,6,NA,NA,NA,NA,2011-08-18 16:51:00,0
2011-08-18 18:00:00,WIND,600702,1,HCM,1,18974,1011,310,6,320,9,1703,6,6,6,6,6,NA,NA,NA,NA,2011-08-18 17:51:00,0
2011-08-18 19:00:00,WIND,600702,1,HCM,1,18974,1011,330,5,320,8,1756,6,6,6,6,6,NA,NA,NA,NA,2011-08-18 18:51:00,0
2011-08-18 20:00:00,WIND,600702,1,HCM,1,18974,1011,310,4,320,5,1850,6,6,6,6,6,NA,NA,NA,NA,2011-08-18 19:51:00,0
2011-08-18 21:00:00,WIND,600702,1,HCM,1,18974,1011,310,5,310,5,2034,6,6,6,6,6,NA,NA,NA,NA,2011-08-18 20:52:00,0
2011-08-18 22:00:00,WIND,600702,1,HCM,1,18974,1011,320,4,310,5,2111,6,6,6,6,6,NA,NA,NA,NA,2011-08-18 21:52:00,0
2011-08-18 23:00:00,WIND,600702,1,HCM,1,18974,1011,290,3,280,5,2206,6,6,6,6,6,NA,NA,NA,NA,2011-08-18 22:51:00,0
2011-08-19 00:00:00,WIND,600702,1,HCM,1,18974,1011,270,3,270,4,2314,6,6,6,6,6,NA,NA,NA,NA,2011-08-18 23:51:00,0
2011-08-19 01:00:00,WIND,600702,1,HCM,1,18974,1011,250,3,240,4,33,6,6,6,6,6,NA,NA,NA,NA,2011-08-19 00:51:00,0
2011-08-19 02:00:00,WIND,600702,1,HCM,1,18974,1011,230,3,230,4,101,6,6,6,6,6,NA,NA,NA,NA,2011-08-19 01:51:00,0
2011-08-19 03:00:00,WIND,600702,1,HCM,1,18974,1011,210,3,230,4,205,6,6,6,6,6,NA,NA,NA,NA,2011-08-19 02:51:00,0
2011-08-19 04:00:00,WIND,600702,1,HCM,1,18974,1011,200,4,220,7,348,6,6,6,6,6,NA,NA,NA,NA,2011-08-19 03:51:00,0
2011-08-19 05:00:00,WIND,600702,1,HCM,1,18974,1011,210,6,210,8,419,6,6,6,6,6,NA,NA,NA,NA,2011-08-19 04:51:00,0
2011-08-19 06:00:00,WIND,600702,1,HCM,1,18974,1011,200,7,180,11,546,6,6,6,6,6,NA,NA,NA,NA,2011-08-19 05:51:00,0
2011-08-19 07:00:00,WIND,600702,1,HCM,1,18974,1011,190,10,190,15,624,6,6,6,6,6,NA,NA,NA,NA,2011-08-19 06:51:00,0
2011-08-19 08:00:00,WIND,600702,1,HCM,1,18974,1011,180,13,170,18,747,6,6,6,6,6,NA,NA,NA,NA,2011-08-19 07:51:00,0
2011-08-19 09:00:00,WIND,600702,1,HCM,1,18974,1011,170,15,170,20,840,6,6,6,6,6,NA,NA,NA,NA,2011-08-19 08:52:00,0
2011-08-19 10:00:00,WIND,600702,1,HCM,1,18974,1011,170,17,170,24,938,6,6,6,6,6,NA,NA,NA,NA,2011-08-19 09:51:00,0
2011-08-19 11:00:00,WIND,600702,1,HCM,1,18974,1011,170,18,170,24,1049,6,6,6,6,6,NA,NA,NA,NA,2011-08-19 10:51:00,0
2011-08-19 12:00:00,WIND,600702,1,HCM,1,18974,1011,180,20,170,26,1122,6,6,6,6,6,NA,NA,NA,NA,2011-08-19 11:51:00,0
2011-08-19 13:00:00,WIND,600702,1,HCM,1,18974,1011,180,19,180,27,1245,6,6,6,6,6,NA,NA,NA,NA,2011-08-19 12:51:00,0
2011-08-19 14:00:00,WIND,600702,1,HCM,1,18974,1011,180,20,190,28,1258,6,6,6,6,6,NA,NA,NA,NA,2011-08-19 13:51:00,0
2011-08-19 15:00:00,WIND,600702,1,HCM,1,18974,1011,170,23,170,34,1449,6,6,6,6,6,NA,NA,NA,NA,2011-08-19 14:51:00,0
2011-08-19 16:00:00,WIND,600702,1,HCM,1,18974,1011,180,27,170,41,1500,6,6,6,6,6,NA,NA,NA,NA,2011-08-19 15:51:00,0
2011-08-19 17:00:00,WIND,600702,1,HCM,1,18974,1011,180,27,180,39,1552,6,6,6,6,6,NA,NA,NA,NA,2011-08-19 16:51:00,0
2011-08-19 18:00:00,WIND,600702,1,HCM,1,18974,1011,190,24,190,34,1709,6,6,6,6,6,NA,NA,NA,NA,2011-08-19 17:51:00,0
2011-08-19 19:00:00,WIND,600702,1,HCM,1,18974,1011,220,18,210,30,1801,6,6,6,6,6,NA,NA,NA,NA,2011-08-19 18:51:00,0
2011-08-19 20:00:00,WIND,600702,1,HCM,1,18974,1011,240,18,250,28,1910,6,6,6,6,6,NA,NA,NA,NA,2011-08-19 19:51:00,0
2011-08-19 21:00:00,WIND,600702,1,HCM,1,18974,1011,240,15,240,28,2048,6,6,6,6,6,NA,NA,NA,NA,2011-08-19 20:52:00,0
2011-08-19 22:00:00,WIND,600702,1,HCM,1,18974,1011,240,17,240,29,2053,6,6,6,6,6,NA,NA,NA,NA,2011-08-19 21:51:00,0
2011-08-19 23:00:00,WIND,600702,1,HCM,1,18974,1011,240,15,250,27,2206,6,6,6,6,6,NA,NA,NA,NA,2011-08-19 22:51:00,0
2011-08-20 00:00:00,WIND,600702,1,HCM,1,18974,1011,240,17,240,24,2311,6,6,6,6,6,NA,NA,NA,NA,2011-08-19 23:51:00,0
2011-08-20 01:00:00,WIND,600702,1,HCM,1,18974,1011,240,16,240,25,5,6,6,6,6,6,NA,NA,NA,NA,2011-08-20 00:51:00,0
2011-08-20 02:00:00,WIND,600702,1,HCM,1,18974,1011,240,15,230,25,57,6,6,6,6,6,NA,NA,NA,NA,2011-08-20 01:51:00,0
2011-08-20 03:00:00,WIND,600702,1,HCM,1,18974,1011,230,16,230,24,211,6,6,6,6,6,NA,NA,NA,NA,2011-08-20 02:51:00,0
2011-08-20 04:00:00,WIND,600702,1,HCM,1,18974,1011,230,16,240,28,257,6,6,6,6,6,NA,NA,NA,NA,2011-08-20 03:51:00,0
2011-08-20 05:00:00,WIND,600702,1,HCM,1,18974,1011,220,16,230,23,446,6,6,6,6,6,NA,NA,NA,NA,2011-08-20 04:51:00,0
2011-08-20 06:00:00,WIND,600702,1,HCM,1,18974,1011,220,18,220,27,543,6,6,6,6,6,NA,NA,NA,NA,2011-08-20 05:51:00,0
2011-08-20 07:00:00,WIND,600702,1,HCM,1,18974,1011,220,19,220,29,628,6,6,6,6,6,NA,NA,NA,NA,2011-08-20 06:51:00,0
2011-08-20 08:00:00,WIND,600702,1,HCM,1,18974,1011,220,19,220,28,729,6,6,6,6,6,NA,NA,NA,NA,2011-08-20 07:51:00,0
2011-08-20 09:00:00,WIND,600702,1,HCM,1,18974,1011,220,21,220,29,838,6,6,6,6,6,NA,NA,NA,NA,2011-08-20 08:52:00,0
2011-08-20 10:00:00,WIND,600702,1,HCM,1,18974,1011,210,20,210,30,930,6,6,6,6,6,NA,NA,NA,NA,2011-08-20 09:51:00,0
2011-08-20 11:00:00,WIND,600702,1,HCM,1,18974,1011,220,20,210,31,1026,6,6,6,6,6,NA,NA,NA,NA,2011-08-20 10:51:00,0
2011-08-20 12:00:00,WIND,600702,1,HCM,1,18974,1011,220,21,210,32,1145,6,6,6,6,6,NA,NA,NA,NA,2011-08-20 11:51:00,0
2011-08-20 13:00:00,WIND,600702,1,HCM,1,18974,1011,220,22,210,30,1155,6,6,6,6,6,NA,NA,NA,NA,2011-08-20 12:51:00,0
2011-08-20 14:00:00,WIND,600702,1,HCM,1,18974,1011,210,21,210,30,1300,6,6,6,6,6,NA,NA,NA,NA,2011-08-20 13:51:00,0
2011-08-20 15:00:00,WIND,600702,1,HCM,1,18974,1011,220,17,210,27,1351,6,6,6,6,6,NA,NA,NA,NA,2011-08-20 14:51:00,0
2011-08-20 16:00:00,WIND,600702,1,HCM,1,18974,1011,220,17,230,25,1524,6,6,6,6,6,NA,NA,NA,NA,2011-08-20 15:51:00,0
2011-08-20 17:00:00,WIND,600702,1,HCM,1,18974,1011,220,14,230,22,1637,6,6,6,6,6,NA,NA,NA,NA,2011-08-20 16:51:00,0
2011-08-20 18:00:00,WIND,600702,1,HCM,1,18974,1011,210,12,230,20,1654,6,6,6,6,6,NA,NA,NA,NA,2011-08-20 17:52:00,0
2011-08-20 19:00:00,WIND,600702,1,HCM,1,18974,1011,220,9,230,15,1755,6,6,6,6,6,NA,NA,NA,NA,2011-08-20 18:51:00,0
2011-08-20 20:00:00,WIND,600702,1,HCM,1,18974,1011,200,7,190,10,1915,6,6,6,6,6,NA,NA,NA,NA,2011-08-20 19:51:00,0
2011-08-20 21:00:00,WIND,600702,1,HCM,1,18974,1011,190,9,180,12,2013,6,6,6,6,6,NA,NA,NA,NA,2011-08-20 20:54:00,0
2011-08-20 22:00:00,WIND,600702,1,HCM,1,18974,1011,190,8,190,13,2051,6,6,6,6,6,NA,NA,NA,NA,2011-08-20 21:51:00,0
2011-08-20 23:00:00,WIND,600702,1,HCM,1,18974,1011,200,7,200,11,2231,6,6,6,6,6,NA,NA,NA,NA,2011-08-20 22:51:00,0
2011-08-21 00:00:00,WIND,600702,1,HCM,1,18974,1011,200,8,200,11,2339,6,6,6,6,6,NA,NA,NA,NA,2011-08-20 23:51:00,0
2011-08-21 01:00:00,WIND,600702,1,HCM,1,18974,1011,200,8,200,12,44,6,6,6,6,6,NA,NA,NA,NA,2011-08-21 00:51:00,0
2011-08-21 02:00:00,WIND,600702,1,HCM,1,18974,1011,200,8,200,11,126,6,6,6,6,6,NA,NA,NA,NA,2011-08-21 01:51:00,0
2011-08-21 03:00:00,WIND,600702,1,HCM,1,18974,1011,210,7,220,11,243,6,6,6,6,6,NA,NA,NA,NA,2011-08-21 02:51:00,0
2011-08-21 04:00:00,WIND,600702,1,HCM,1,18974,1011,220,7,220,10,250,6,6,6,6,6,NA,NA,NA,NA,2011-08-21 03:51:00,0
2011-08-21 05:00:00,WIND,600702,1,HCM,1,18974,1011,220,7,220,10,409,6,6,6,6,6,NA,NA,NA,NA,2011-08-21 04:51:00,0
2011-08-21 06:00:00,WIND,600702,1,HCM,1,18974,1011,220,6,220,9,521,6,6,6,6,6,NA,NA,NA,NA,2011-08-21 05:51:00,0
2011-08-21 07:00:00,WIND,600702,1,HCM,1,18974,1011,210,7,210,10,617,6,6,6,6,6,NA,NA,NA,NA,2011-08-21 06:51:00,0
2011-08-21 08:00:00,WIND,600702,1,HCM,1,18974,1011,230,10,260,16,747,6,6,6,6,6,NA,NA,NA,NA,2011-08-21 07:51:00,0
2011-08-21 09:00:00,WIND,600702,1,HCM,1,18974,1011,250,11,240,16,849,6,6,6,6,6,NA,NA,NA,NA,2011-08-21 08:52:00,0
2011-08-21 10:00:00,WIND,600702,1,HCM,1,18974,1011,250,12,240,18,918,6,6,6,6,6,NA,NA,NA,NA,2011-08-21 09:51:00,0
2011-08-21 11:00:00,WIND,600702,1,HCM,1,18974,1011,250,11,240,16,1002,6,6,6,6,6,NA,NA,NA,NA,2011-08-21 10:51:00,0
2011-08-21 12:00:00,WIND,600702,1,HCM,1,18974,1011,270,11,270,17,1149,6,6,6,6,6,NA,NA,NA,NA,2011-08-21 11:51:00,0
2011-08-21 13:00:00,WIND,600702,1,HCM,1,18974,1011,280,13,270,18,1225,6,6,6,6,6,NA,NA,NA,NA,2011-08-21 12:51:00,0
2011-08-21 14:00:00,WIND,600702,1,HCM,1,18974,1011,270,12,270,18,1304,6,6,6,6,6,NA,NA,NA,NA,2011-08-21 13:51:00,0
2011-08-21 15:00:00,WIND,600702,1,HCM,1,18974,1011,290,12,300,18,1358,6,6,6,6,6,NA,NA,NA,NA,2011-08-21 14:51:00,0
2011-08-21 16:00:00,WIND,600702,1,HCM,1,18974,1011,290,14,300,20,1541,6,6,6,6,6,NA,NA,NA,NA,2011-08-21 15:51:00,0
2011-08-21 17:00:00,WIND,600702,1,HCM,1,18974,1011,290,14,300,21,1637,6,6,6,6,6,NA,NA,NA,NA,2011-08-21 16:51:00,0
2011-08-21 18:00:00,WIND,600702,1,HCM,1,18974,1011,290,12,290,18,1701,6,6,6,6,6,NA,NA,NA,NA,2011-08-21 17:51:00,0
2011-08-21 19:00:00,WIND,600702,1,HCM,1,18974,1011,290,11,300,17,1839,6,6,6,6,6,NA,NA,NA,NA,2011-08-21 18:51:00,0
2011-08-21 20:00:00,WIND,600702,1,HCM,1,18974,1011,300,10,300,16,1923,6,6,6,6,6,NA,NA,NA,NA,2011-08-21 19:51:00,0
2011-08-21 21:00:00,WIND,600702,1,HCM,1,18974,1011,300,9,300,13,2009,6,6,6,6,6,NA,NA,NA,NA,2011-08-21 20:52:00,0
2011-08-21 22:00:00,WIND,600702,1,HCM,1,18974,1011,300,8,290,12,2101,6,6,6,6,6,NA,NA,NA,NA,2011-08-21 21:51:00,0
2011-08-21 23:00:00,WIND,600702,1,HCM,1,18974,1011,290,8,280,12,2235,6,6,6,6,6,NA,NA,NA,NA,2011-08-21 22:51:00,0
2011-08-22 00:00:00,WIND,600702,1,HCM,1,18974,1011,290,8,290,12,2327,6,6,6,6,6,NA,NA,NA,NA,2011-08-21 23:52:00,0
2011-08-22 01:00:00,WIND,600702,1,HCM,1,18974,1011,300,8,300,12,22,6,6,6,6,6,NA,NA,NA,NA,2011-08-22 00:51:00,0
2011-08-22 02:00:00,WIND,600702,1,HCM,1,18974,1011,290,6,290,9,55,6,6,6,6,6,NA,NA,NA,NA,2011-08-22 01:51:00,0
2011-08-22 03:00:00,WIND,600702,1,HCM,1,18974,1011,300,7,300,11,240,6,6,6,6,6,NA,NA,NA,NA,2011-08-22 02:51:00,0
2011-08-22 04:00:00,WIND,600702,1,HCM,1,18974,1011,300,8,300,11,252,6,6,6,6,6,NA,NA,NA,NA,2011-08-22 03:51:00,0
2011-08-22 05:00:00,WIND,600702,1,HCM,1,18974,1011,300,6,300,8,413,6,6,6,6,6,NA,NA,NA,NA,2011-08-22 04:51:00,0
2011-08-22 06:00:00,WIND,600702,1,HCM,1,18974,1011,320,5,330,8,508,6,6,6,6,6,NA,NA,NA,NA,2011-08-22 05:51:00,0
2011-08-22 07:00:00,WIND,600702,1,HCM,1,18974,1011,280,3,270,4,609,6,6,6,6,6,NA,NA,NA,NA,2011-08-22 06:51:00,0
2011-08-22 08:00:00,WIND,600702,1,HCM,1,18974,1011,250,3,240,6,740,6,6,6,6,6,NA,NA,NA,NA,2011-08-22 07:51:00,0
2011-08-22 09:00:00,WIND,600702,1,HCM,1,18974,1011,260,6,260,9,834,6,6,6,6,6,NA,NA,NA,NA,2011-08-22 08:52:00,0
2011-08-22 10:00:00,WIND,600702,1,HCM,1,18974,1011,280,7,290,11,901,6,6,6,6,6,NA,NA,NA,NA,2011-08-22 09:51:00,0
2011-08-22 11:00:00,WIND,600702,1,HCM,1,18974,1011,270,8,260,13,1039,6,6,6,6,6,NA,NA,NA,NA,2011-08-22 10:51:00,0
2011-08-22 12:00:00,WIND,600702,1,HCM,1,18974,1011,280,8,290,12,1050,6,6,6,6,6,NA,NA,NA,NA,2011-08-22 11:51:00,0
2011-08-22 13:00:00,WIND,600702,1,HCM,1,18974,1011,290,7,280,12,1220,6,6,6,6,6,NA,NA,NA,NA,2011-08-22 12:51:00,0
2011-08-22 14:00:00,WIND,600702,1,HCM,1,18974,1011,290,7,280,12,1324,6,6,6,6,6,NA,NA,NA,NA,2011-08-22 13:51:00,0
2011-08-22 15:00:00,WIND,600702,1,HCM,1,18974,1011,280,7,280,12,1420,6,6,6,6,6,NA,NA,NA,NA,2011-08-22 14:51:00,0
2011-08-22 16:00:00,WIND,600702,1,HCM,1,18974,1011,260,5,280,9,1458,6,6,6,6,6,NA,NA,NA,NA,2011-08-22 15:51:00,0
2011-08-22 17:00:00,WIND,600702,1,HCM,1,18974,1011,250,5,200,9,1617,6,6,6,6,6,NA,NA,NA,NA,2011-08-22 16:51:00,0
2011-08-22 18:00:00,WIND,600702,1,HCM,1,18974,1011,220,6,240,9,1706,6,6,6,6,6,NA,NA,NA,NA,2011-08-22 17:51:00,0
2011-08-22 19:00:00,WIND,600702,1,HCM,1,18974,1011,180,5,170,8,1754,6,6,6,6,6,NA,NA,NA,NA,2011-08-22 18:51:00,0
2011-08-22 20:00:00,WIND,600702,1,HCM,1,18974,1011,210,3,230,5,1925,6,6,6,6,6,NA,NA,NA,NA,2011-08-22 19:51:00,0
2011-08-22 21:00:00,WIND,600702,1,HCM,1,18974,1011,270,3,260,5,1957,6,6,6,6,6,NA,NA,NA,NA,2011-08-22 20:53:00,0
2011-08-22 22:00:00,WIND,600702,1,HCM,1,18974,1011,240,2,250,6,2059,6,6,6,6,6,NA,NA,NA,NA,2011-08-22 21:51:00,0
2011-08-22 23:00:00,WIND,600702,1,HCM,1,18974,1011,260,1,130,2,2249,6,6,6,6,6,NA,NA,NA,NA,2011-08-22 22:51:00,0
2011-08-23 00:00:00,WIND,600702,1,HCM,1,18974,1011,100,3,100,5,2252,6,6,6,6,6,NA,NA,NA,NA,2011-08-22 23:51:00,0
2011-08-23 01:00:00,WIND,600702,1,HCM,1,18974,1011,130,4,140,8,42,6,6,6,6,6,NA,NA,NA,NA,2011-08-23 00:51:00,0
2011-08-23 02:00:00,WIND,600702,1,HCM,1,18974,1011,140,6,140,8,115,6,6,6,6,6,NA,NA,NA,NA,2011-08-23 01:51:00,0
2011-08-23 03:00:00,WIND,600702,1,HCM,1,18974,1011,120,4,120,7,152,6,6,6,6,6,NA,NA,NA,NA,2011-08-23 02:51:00,0
2011-08-23 04:00:00,WIND,600702,1,HCM,1,18974,1011,120,6,140,9,348,6,6,6,6,6,NA,NA,NA,NA,2011-08-23 03:51:00,0
2011-08-23 05:00:00,WIND,600702,1,HCM,1,18974,1011,130,7,140,10,423,6,6,6,6,6,NA,NA,NA,NA,2011-08-23 04:51:00,0
2011-08-23 06:00:00,WIND,600702,1,HCM,1,18974,1011,120,6,130,9,450,6,6,6,6,6,NA,NA,NA,NA,2011-08-23 05:51:00,0
2011-08-23 07:00:00,WIND,600702,1,HCM,1,18974,1011,120,5,120,8,626,6,6,6,6,6,NA,NA,NA,NA,2011-08-23 06:51:00,0
2011-08-23 08:00:00,WIND,600702,1,HCM,1,18974,1011,130,6,130,10,709,6,6,6,6,6,NA,NA,NA,NA,2011-08-23 07:51:00,0
2011-08-23 09:00:00,WIND,600702,1,HCM,1,18974,1011,130,7,140,10,846,6,6,6,6,6,NA,NA,NA,NA,2011-08-23 08:52:00,0
2011-08-23 10:00:00,WIND,600702,1,HCM,1,18974,1011,140,9,150,14,946,6,6,6,6,6,NA,NA,NA,NA,2011-08-23 09:51:00,0
2011-08-23 11:00:00,WIND,600702,1,HCM,1,18974,1011,150,12,160,17,1040,6,6,6,6,6,NA,NA,NA,NA,2011-08-23 10:51:00,0
2011-08-23 12:00:00,WIND,600702,1,HCM,1,18974,1011,150,13,150,17,1057,6,6,6,6,6,NA,NA,NA,NA,2011-08-23 11:51:00,0
2011-08-23 13:00:00,WIND,600702,1,HCM,1,18974,1011,150,12,150,17,1249,6,6,6,6,6,NA,NA,NA,NA,2011-08-23 12:51:00,0
2011-08-23 14:00:00,WIND,600702,1,HCM,1,18974,1011,150,13,150,17,1255,6,6,6,6,6,NA,NA,NA,NA,2011-08-23 13:51:00,0
2011-08-23 15:00:00,WIND,600702,1,HCM,1,18974,1011,150,13,150,18,1447,6,6,6,6,6,NA,NA,NA,NA,2011-08-23 14:51:00,0
2011-08-23 16:00:00,WIND,600702,1,HCM,1,18974,1011,140,13,140,19,1508,6,6,6,6,6,NA,NA,NA,NA,2011-08-23 15:51:00,0
2011-08-23 17:00:00,WIND,600702,1,HCM,1,18974,1011,140,13,140,19,1604,6,6,6,6,6,NA,NA,NA,NA,2011-08-23 16:51:00,0
2011-08-23 18:00:00,WIND,600702,1,HCM,1,18974,1011,140,12,130,19,1739,6,6,6,6,6,NA,NA,NA,NA,2011-08-23 17:51:00,0
2011-08-23 19:00:00,WIND,600702,1,HCM,1,18974,1011,140,13,140,19,1752,6,6,6,6,6,NA,NA,NA,NA,2011-08-23 18:51:00,0
2011-08-23 20:00:00,WIND,600702,1,HCM,1,18974,1011,150,13,150,19,1916,6,6,6,6,6,NA,NA,NA,NA,2011-08-23 19:51:00,0
2011-08-23 21:00:00,WIND,600702,1,HCM,1,18974,1011,150,14,160,21,2032,6,6,6,6,6,NA,NA,NA,NA,2011-08-23 20:53:00,0
2011-08-23 22:00:00,WIND,600702,1,HCM,1,18974,1011,140,15,140,21,2137,6,6,6,6,6,NA,NA,NA,NA,2011-08-23 21:51:00,0
2011-08-23 23:00:00,WIND,600702,1,HCM,1,18974,1011,140,16,140,21,2231,6,6,6,6,6,NA,NA,NA,NA,2011-08-23 22:51:00,0
2011-08-24 00:00:00,WIND,600702,1,HCM,1,18974,1011,140,16,150,21,2300,6,6,6,6,6,NA,NA,NA,NA,2011-08-23 23:51:00,0
2011-08-24 01:00:00,WIND,600702,1,HCM,1,18974,1011,140,16,140,23,19,6,6,6,6,6,NA,NA,NA,NA,2011-08-24 00:51:00,0
2011-08-24 02:00:00,WIND,600702,1,HCM,1,18974,1011,140,16,140,21,52,6,6,6,6,6,NA,NA,NA,NA,2011-08-24 01:51:00,0
2011-08-24 03:00:00,WIND,600702,1,HCM,1,18974,1011,140,16,140,21,247,6,6,6,6,6,NA,NA,NA,NA,2011-08-24 02:51:00,0
2011-08-24 04:00:00,WIND,600702,1,HCM,1,18974,1011,140,17,150,22,335,6,6,6,6,6,NA,NA,NA,NA,2011-08-24 03:51:00,0
2011-08-24 05:00:00,WIND,600702,1,HCM,1,18974,1011,150,16,150,23,412,6,6,6,6,6,NA,NA,NA,NA,2011-08-24 04:51:00,0
2011-08-24 06:00:00,WIND,600702,1,HCM,1,18974,1011,150,16,150,22,516,6,6,6,6,6,NA,NA,NA,NA,2011-08-24 05:51:00,0
2011-08-24 07:00:00,WIND,600702,1,HCM,1,18974,1011,160,16,160,22,637,6,6,6,6,6,NA,NA,NA,NA,2011-08-24 06:51:00,0
2011-08-24 08:00:00,WIND,600702,1,HCM,1,18974,1011,170,14,170,20,708,6,6,6,6,6,NA,NA,NA,NA,2011-08-24 07:51:00,0
2011-08-24 09:00:00,WIND,600702,1,HCM,1,18974,1011,180,11,170,18,811,6,6,6,6,6,NA,NA,NA,NA,2011-08-24 08:52:00,0
2011-08-24 10:00:00,WIND,600702,1,HCM,1,18974,1011,200,8,210,13,934,6,6,6,6,6,NA,NA,NA,NA,2011-08-24 09:51:00,0
2011-08-24 11:00:00,WIND,600702,1,HCM,1,18974,1011,240,9,220,14,1028,6,6,6,6,6,NA,NA,NA,NA,2011-08-24 10:51:00,0
2011-08-24 12:00:00,WIND,600702,1,HCM,1,18974,1011,290,9,300,15,1105,6,6,6,6,6,NA,NA,NA,NA,2011-08-24 11:51:00,0
2011-08-24 13:00:00,WIND,600702,1,HCM,1,18974,1011,290,6,300,11,1215,6,6,6,6,6,NA,NA,NA,NA,2011-08-24 12:51:00,0
2011-08-24 14:00:00,WIND,600702,1,HCM,1,18974,1011,270,6,290,11,1341,6,6,6,6,6,NA,NA,NA,NA,2011-08-24 13:51:00,0
2011-08-24 15:00:00,WIND,600702,1,HCM,1,18974,1011,280,6,290,12,1402,6,6,6,6,6,NA,NA,NA,NA,2011-08-24 14:51:00,0
2011-08-24 16:00:00,WIND,600702,1,HCM,1,18974,1011,240,5,190,11,1539,6,6,6,6,6,NA,NA,NA,NA,2011-08-24 15:51:00,0
2011-08-24 17:00:00,WIND,600702,1,HCM,1,18974,1011,180,6,190,9,1632,6,6,6,6,6,NA,NA,NA,NA,2011-08-24 16:51:00,0
2011-08-24 18:00:00,WIND,600702,1,HCM,1,18974,1011,180,5,190,9,1704,6,6,6,6,6,NA,NA,NA,NA,2011-08-24 17:52:00,0
2011-08-24 19:00:00,WIND,600702,1,HCM,1,18974,1011,180,5,180,7,1801,6,6,6,6,6,NA,NA,NA,NA,2011-08-24 18:51:00,0
2011-08-24 20:00:00,WIND,600702,1,HCM,1,18974,1011,170,5,160,8,1940,6,6,6,6,6,NA,NA,NA,NA,2011-08-24 19:51:00,0
2011-08-24 21:00:00,WIND,600702,1,HCM,1,18974,1011,190,6,190,10,2027,6,6,6,6,6,NA,NA,NA,NA,2011-08-24 20:52:00,0
2011-08-24 22:00:00,WIND,600702,1,HCM,1,18974,1011,180,7,190,10,2105,6,6,6,6,6,NA,NA,NA,NA,2011-08-24 21:51:00,0
2011-08-24 23:00:00,WIND,600702,1,HCM,1,18974,1011,170,6,170,9,2151,6,6,6,6,6,NA,NA,NA,NA,2011-08-24 22:51:00,0
2011-08-25 00:00:00,WIND,600702,1,HCM,1,18974,1011,160,7,170,10,2337,6,6,6,6,6,NA,NA,NA,NA,2011-08-24 23:52:00,0
2011-08-25 01:00:00,WIND,600702,1,HCM,1,18974,1011,160,8,170,10,34,6,6,6,6,6,NA,NA,NA,NA,2011-08-25 00:52:00,0
2011-08-25 02:00:00,WIND,600702,1,HCM,1,18974,1011,160,8,160,11,121,6,6,6,6,6,NA,NA,NA,NA,2011-08-25 01:51:00,0
2011-08-25 03:00:00,WIND,600702,1,HCM,1,18974,1011,170,11,170,15,219,6,6,6,6,6,NA,NA,NA,NA,2011-08-25 02:51:00,0
2011-08-25 04:00:00,WIND,600702,1,HCM,1,18974,1011,160,11,170,15,253,6,6,6,6,6,NA,NA,NA,NA,2011-08-25 03:51:00,0
2011-08-25 05:00:00,WIND,600702,1,HCM,1,18974,1011,160,11,140,15,447,6,6,6,6,6,NA,NA,NA,NA,2011-08-25 04:51:00,0
2011-08-25 06:00:00,WIND,600702,1,HCM,1,18974,1011,150,12,150,16,508,6,6,6,6,6,NA,NA,NA,NA,2011-08-25 05:51:00,0
2011-08-25 07:00:00,WIND,600702,1,HCM,1,18974,1011,140,11,150,15,603,6,6,6,6,6,NA,NA,NA,NA,2011-08-25 06:51:00,0
2011-08-25 08:00:00,WIND,600702,1,HCM,1,18974,1011,150,12,150,16,742,6,6,6,6,6,NA,NA,NA,NA,2011-08-25 07:51:00,0
2011-08-25 09:00:00,WIND,600702,1,HCM,1,18974,1011,140,12,140,16,816,6,6,6,6,6,NA,NA,NA,NA,2011-08-25 08:52:00,0
2011-08-25 10:00:00,WIND,600702,1,HCM,1,18974,1011,140,13,140,17,944,6,6,6,6,6,NA,NA,NA,NA,2011-08-25 09:51:00,0
2011-08-25 11:00:00,WIND,600702,1,HCM,1,18974,1011,140,13,130,18,954,6,6,6,6,6,NA,NA,NA,NA,2011-08-25 10:51:00,0
2011-08-25 12:00:00,WIND,600702,1,HCM,1,18974,1011,140,12,150,15,1145,6,6,6,6,6,NA,NA,NA,NA,2011-08-25 11:52:00,0
2011-08-25 13:00:00,WIND,600702,1,HCM,1,18974,1011,140,12,140,15,1232,6,6,6,6,6,NA,NA,NA,NA,2011-08-25 12:51:00,0
2011-08-25 14:00:00,WIND,600702,1,HCM,1,18974,1011,150,11,150,14,1316,6,6,6,6,6,NA,NA,NA,NA,2011-08-25 13:51:00,0
2011-08-25 15:00:00,WIND,600702,1,HCM,1,18974,1011,150,9,150,13,1350,6,6,6,6,6,NA,NA,NA,NA,2011-08-25 14:51:00,0
2011-08-25 16:00:00,WIND,600702,1,HCM,1,18974,1011,150,8,140,11,1525,6,6,6,6,6,NA,NA,NA,NA,2011-08-25 15:52:00,0
2011-08-25 17:00:00,WIND,600702,1,HCM,1,18974,1011,150,8,160,11,1628,6,6,6,6,6,NA,NA,NA,NA,2011-08-25 16:51:00,0
2011-08-25 18:00:00,WIND,600702,1,HCM,1,18974,1011,150,6,150,10,1651,6,6,6,6,6,NA,NA,NA,NA,2011-08-25 17:51:00,0
2011-08-25 19:00:00,WIND,600702,1,HCM,1,18974,1011,180,5,170,8,1800,6,6,6,6,6,NA,NA,NA,NA,2011-08-25 18:51:00,0
2011-08-25 20:00:00,WIND,600702,1,HCM,1,18974,1011,210,2,190,3,1911,6,6,6,6,6,NA,NA,NA,NA,2011-08-25 19:51:00,0
2011-08-25 21:00:00,WIND,600702,1,HCM,1,18974,1011,120,2,90,3,2025,6,6,6,6,6,NA,NA,NA,NA,2011-08-25 20:53:00,0
2011-08-25 22:00:00,WIND,600702,1,HCM,1,18974,1011,130,5,210,15,2134,6,6,6,6,6,NA,NA,NA,NA,2011-08-25 21:51:00,0
2011-08-25 23:00:00,WIND,600702,1,HCM,1,18974,1011,260,4,240,10,2150,6,6,6,6,6,NA,NA,NA,NA,2011-08-25 22:52:00,0
2011-08-26 00:00:00,WIND,600702,1,HCM,1,18974,1011,220,3,180,9,2348,6,6,6,6,6,NA,NA,NA,NA,2011-08-25 23:51:00,0
2011-08-26 01:00:00,WIND,600702,1,HCM,1,18974,1011,180,5,200,10,2350,6,6,6,6,6,NA,NA,NA,NA,2011-08-26 00:51:00,0
2011-08-26 02:00:00,WIND,600702,1,HCM,1,18974,1011,120,4,140,9,52,6,6,6,6,6,NA,NA,NA,NA,2011-08-26 01:51:00,0
2011-08-26 03:00:00,WIND,600702,1,HCM,1,18974,1011,40,3,90,5,249,6,6,6,6,6,NA,NA,NA,NA,2011-08-26 02:51:00,0
2011-08-26 04:00:00,WIND,600702,1,HCM,1,18974,1011,150,6,220,14,323,6,6,6,6,6,NA,NA,NA,NA,2011-08-26 03:51:00,0
2011-08-26 05:00:00,WIND,600702,1,HCM,1,18974,1011,210,3,210,5,406,6,6,6,6,6,NA,NA,NA,NA,2011-08-26 04:51:00,0
2011-08-26 06:00:00,WIND,600702,1,HCM,1,18974,1011,140,3,100,5,522,6,6,6,6,6,NA,NA,NA,NA,2011-08-26 05:51:00,0
2011-08-26 07:00:00,WIND,600702,1,HCM,1,18974,1011,180,2,190,3,644,6,6,6,6,6,NA,NA,NA,NA,2011-08-26 06:51:00,0
2011-08-26 08:00:00,WIND,600702,1,HCM,1,18974,1011,190,2,230,3,746,6,6,6,6,6,NA,NA,NA,NA,2011-08-26 07:51:00,0
2011-08-26 09:00:00,WIND,600702,1,HCM,1,18974,1011,230,3,250,8,839,6,6,6,6,6,NA,NA,NA,NA,2011-08-26 08:52:00,0
2011-08-26 10:00:00,WIND,600702,1,HCM,1,18974,1011,220,5,140,9,943,6,6,6,6,6,NA,NA,NA,NA,2011-08-26 09:51:00,0
2011-08-26 11:00:00,WIND,600702,1,HCM,1,18974,1011,260,7,270,11,1049,6,6,6,6,6,NA,NA,NA,NA,2011-08-26 10:52:00,0
2011-08-26 12:00:00,WIND,600702,1,HCM,1,18974,1011,260,7,260,11,1050,6,6,6,6,6,NA,NA,NA,NA,2011-08-26 11:51:00,0
2011-08-26 13:00:00,WIND,600702,1,HCM,1,18974,1011,300,8,300,13,1211,6,6,6,6,6,NA,NA,NA,NA,2011-08-26 12:51:00,0
2011-08-26 14:00:00,WIND,600702,1,HCM,1,18974,1011,300,8,320,13,1254,6,6,6,6,6,NA,NA,NA,NA,2011-08-26 13:51:00,0
2011-08-26 15:00:00,WIND,600702,1,HCM,1,18974,1011,300,8,280,12,1408,6,6,6,6,6,NA,NA,NA,NA,2011-08-26 14:51:00,0
2011-08-26 16:00:00,WIND,600702,1,HCM,1,18974,1011,290,8,290,13,1514,6,6,6,6,6,NA,NA,NA,NA,2011-08-26 15:52:00,0
2011-08-26 17:00:00,WIND,600702,1,HCM,1,18974,1011,270,7,270,10,1552,6,6,6,6,6,NA,NA,NA,NA,2011-08-26 16:51:00,0
2011-08-26 18:00:00,WIND,600702,1,HCM,1,18974,1011,260,7,260,11,1703,6,6,6,6,6,NA,NA,NA,NA,2011-08-26 17:51:00,0
2011-08-26 19:00:00,WIND,600702,1,HCM,1,18974,1011,270,6,260,11,1801,6,6,6,6,6,NA,NA,NA,NA,2011-08-26 18:51:00,0
2011-08-26 20:00:00,WIND,600702,1,HCM,1,18974,1011,270,2,290,5,1851,6,6,6,6,6,NA,NA,NA,NA,2011-08-26 19:51:00,0
2011-08-26 21:00:00,WIND,600702,1,HCM,1,18974,1011,200,2,290,5,2009,6,6,6,6,6,NA,NA,NA,NA,2011-08-26 20:53:00,0
2011-08-26 22:00:00,WIND,600702,1,HCM,1,18974,1011,190,2,200,4,2122,6,6,6,6,6,NA,NA,NA,NA,2011-08-26 21:51:00,0
2011-08-26 23:00:00,WIND,600702,1,HCM,1,18974,1011,110,3,120,4,2239,6,6,6,6,6,NA,NA,NA,NA,2011-08-26 22:51:00,0
2011-08-27 00:00:00,WIND,600702,1,HCM,1,18974,1011,100,3,110,4,2338,6,6,6,6,6,NA,NA,NA,NA,2011-08-26 23:51:00,0
2011-08-27 01:00:00,WIND,600702,1,HCM,1,18974,1011,80,3,60,4,47,6,6,6,6,6,NA,NA,NA,NA,2011-08-27 00:51:00,0
2011-08-27 02:00:00,WIND,600702,1,HCM,1,18974,1011,60,3,60,5,134,6,6,6,6,6,NA,NA,NA,NA,2011-08-27 01:51:00,0
2011-08-27 03:00:00,WIND,600702,1,HCM,1,18974,1011,50,4,60,6,249,6,6,6,6,6,NA,NA,NA,NA,2011-08-27 02:51:00,0
2011-08-27 04:00:00,WIND,600702,1,HCM,1,18974,1011,60,4,60,6,250,6,6,6,6,6,NA,NA,NA,NA,2011-08-27 03:51:00,0
2011-08-27 05:00:00,WIND,600702,1,HCM,1,18974,1011,20,4,350,7,447,6,6,6,6,6,NA,NA,NA,NA,2011-08-27 04:51:00,0
2011-08-27 06:00:00,WIND,600702,1,HCM,1,18974,1011,350,7,360,11,528,6,6,6,6,6,NA,NA,NA,NA,2011-08-27 05:51:00,0
2011-08-27 07:00:00,WIND,600702,1,HCM,1,18974,1011,350,7,340,9,637,6,6,6,6,6,NA,NA,NA,NA,2011-08-27 06:51:00,0
2011-08-27 08:00:00,WIND,600702,1,HCM,1,18974,1011,340,6,340,9,729,6,6,6,6,6,NA,NA,NA,NA,2011-08-27 07:51:00,0
2011-08-27 09:00:00,WIND,600702,1,HCM,1,18974,1011,350,8,350,11,836,6,6,6,6,6,NA,NA,NA,NA,2011-08-27 08:52:00,0
2011-08-27 10:00:00,WIND,600702,1,HCM,1,18974,1011,10,9,30,14,949,6,6,6,6,6,NA,NA,NA,NA,2011-08-27 09:51:00,0
2011-08-27 11:00:00,WIND,600702,1,HCM,1,18974,1011,20,12,20,17,1039,6,6,6,6,6,NA,NA,NA,NA,2011-08-27 10:51:00,0
2011-08-27 12:00:00,WIND,600702,1,HCM,1,18974,1011,20,14,20,19,1056,6,6,6,6,6,NA,NA,NA,NA,2011-08-27 11:51:00,0
2011-08-27 13:00:00,WIND,600702,1,HCM,1,18974,1011,10,15,10,19,1229,6,6,6,6,6,NA,NA,NA,NA,2011-08-27 12:51:00,0
2011-08-27 14:00:00,WIND,600702,1,HCM,1,18974,1011,360,15,10,19,1344,6,6,6,6,6,NA,NA,NA,NA,2011-08-27 13:51:00,0
2011-08-27 15:00:00,WIND,600702,1,HCM,1,18974,1011,360,14,350,18,1357,6,6,6,6,6,NA,NA,NA,NA,2011-08-27 14:51:00,0
2011-08-27 16:00:00,WIND,600702,1,HCM,1,18974,1011,350,13,350,17,1538,6,6,6,6,6,NA,NA,NA,NA,2011-08-27 15:51:00,0
2011-08-27 17:00:00,WIND,600702,1,HCM,1,18974,1011,350,15,340,21,1643,6,6,6,6,6,NA,NA,NA,NA,2011-08-27 16:51:00,0
2011-08-27 18:00:00,WIND,600702,1,HCM,1,18974,1011,350,16,350,22,1654,6,6,6,6,6,NA,NA,NA,NA,2011-08-27 17:51:00,0
2011-08-27 19:00:00,WIND,600702,1,HCM,1,18974,1011,340,14,330,21,1807,6,6,6,6,6,NA,NA,NA,NA,2011-08-27 18:51:00,0
2011-08-27 20:00:00,WIND,600702,1,HCM,1,18974,1011,330,13,330,22,1939,6,6,6,6,6,NA,NA,NA,NA,2011-08-27 19:51:00,0
2011-08-27 21:00:00,WIND,600702,1,HCM,1,18974,1011,330,13,320,20,2030,6,6,6,6,6,NA,NA,NA,NA,2011-08-27 20:52:00,0
2011-08-27 22:00:00,WIND,600702,1,HCM,1,18974,1011,330,15,340,21,2054,6,6,6,6,6,NA,NA,NA,NA,2011-08-27 21:51:00,0
2011-08-27 23:00:00,WIND,600702,1,HCM,1,18974,1011,340,15,340,22,2206,6,6,6,6,6,NA,NA,NA,NA,2011-08-27 22:51:00,0
2011-08-28 00:00:00,WIND,600702,1,HCM,1,18974,1011,340,15,350,22,2336,6,6,6,6,6,NA,NA,NA,NA,2011-08-27 23:52:00,0
2011-08-28 01:00:00,WIND,600702,1,HCM,1,18974,1011,330,18,320,25,32,6,6,6,6,6,NA,NA,NA,NA,2011-08-28 00:51:00,0
2011-08-28 02:00:00,WIND,600702,1,HCM,1,18974,1011,330,20,320,27,121,6,6,6,6,6,NA,NA,NA,NA,2011-08-28 01:51:00,0
2011-08-28 03:00:00,WIND,600702,1,HCM,1,18974,1011,330,21,330,28,231,6,6,6,6,6,NA,NA,NA,NA,2011-08-28 02:51:00,0
2011-08-28 04:00:00,WIND,600702,1,HCM,1,18974,1011,330,20,330,28,316,6,6,6,6,6,NA,NA,NA,NA,2011-08-28 03:51:00,0
2011-08-28 05:00:00,WIND,600702,1,HCM,1,18974,1011,330,21,330,28,359,6,6,6,6,6,NA,NA,NA,NA,2011-08-28 04:51:00,0
2011-08-28 06:00:00,WIND,600702,1,HCM,1,18974,1011,320,21,320,29,541,6,6,6,6,6,NA,NA,NA,NA,2011-08-28 05:51:00,0
2011-08-28 07:00:00,WIND,600702,1,HCM,1,18974,1011,320,21,330,29,619,6,6,6,6,6,NA,NA,NA,NA,2011-08-28 06:51:00,0
2011-08-28 08:00:00,WIND,600702,1,HCM,1,18974,1011,330,21,320,32,749,6,6,6,6,6,NA,NA,NA,NA,2011-08-28 07:51:00,0
2011-08-28 09:00:00,WIND,600702,1,HCM,1,18974,1011,330,21,340,30,819,6,6,6,6,6,NA,NA,NA,NA,2011-08-28 08:52:00,0
2011-08-28 10:00:00,WIND,600702,1,HCM,1,18974,1011,340,21,340,30,908,6,6,6,6,6,NA,NA,NA,NA,2011-08-28 09:51:00,0
2011-08-28 11:00:00,WIND,600702,1,HCM,1,18974,1011,340,20,340,28,1001,6,6,6,6,6,NA,NA,NA,NA,2011-08-28 10:51:00,0
2011-08-28 12:00:00,WIND,600702,1,HCM,1,18974,1011,340,19,340,28,1059,6,6,6,6,6,NA,NA,NA,NA,2011-08-28 11:51:00,0
2011-08-28 13:00:00,WIND,600702,1,HCM,1,18974,1011,340,21,350,31,1228,6,6,6,6,6,NA,NA,NA,NA,2011-08-28 12:51:00,0
2011-08-28 14:00:00,WIND,600702,1,HCM,1,18974,1011,340,20,350,28,1304,6,6,6,6,6,NA,NA,NA,NA,2011-08-28 13:51:00,0
2011-08-28 15:00:00,WIND,600702,1,HCM,1,18974,1011,340,21,330,30,1448,6,6,6,6,6,NA,NA,NA,NA,2011-08-28 14:51:00,0
2011-08-28 16:00:00,WIND,600702,1,HCM,1,18974,1011,340,21,330,31,1546,6,6,6,6,6,NA,NA,NA,NA,2011-08-28 15:51:00,0
2011-08-28 17:00:00,WIND,600702,1,HCM,1,18974,1011,340,21,350,29,1550,6,6,6,6,6,NA,NA,NA,NA,2011-08-28 16:51:00,0
2011-08-28 18:00:00,WIND,600702,1,HCM,1,18974,1011,330,20,340,30,1703,6,6,6,6,6,NA,NA,NA,NA,2011-08-28 17:51:00,0
2011-08-28 19:00:00,WIND,600702,1,HCM,1,18974,1011,340,19,330,31,1828,6,6,6,6,6,NA,NA,NA,NA,2011-08-28 18:51:00,0
2011-08-28 20:00:00,WIND,600702,1,HCM,1,18974,1011,340,20,330,37,1905,6,6,6,6,6,NA,NA,NA,NA,2011-08-28 19:51:00,0
2011-08-28 21:00:00,WIND,600702,1,HCM,1,18974,1011,340,20,340,28,2020,6,6,6,6,6,NA,NA,NA,NA,2011-08-28 20:53:00,0
2011-08-28 22:00:00,WIND,600702,1,HCM,1,18974,1011,340,20,350,32,2101,6,6,6,6,6,NA,NA,NA,NA,2011-08-28 21:51:00,0
2011-08-28 23:00:00,WIND,600702,1,HCM,1,18974,1011,340,18,340,27,2229,6,6,6,6,6,NA,NA,NA,NA,2011-08-28 22:51:00,0
2011-08-29 00:00:00,WIND,600702,1,HCM,1,18974,1011,340,17,340,24,2311,6,6,6,6,6,NA,NA,NA,NA,2011-08-28 23:52:00,0
2011-08-29 01:00:00,WIND,600702,1,HCM,1,18974,1011,340,16,340,25,2354,6,6,6,6,6,NA,NA,NA,NA,2011-08-29 00:51:00,0
2011-08-29 02:00:00,WIND,600702,1,HCM,1,18974,1011,340,16,330,23,149,6,6,6,6,6,NA,NA,NA,NA,2011-08-29 01:51:00,0
2011-08-29 03:00:00,WIND,600702,1,HCM,1,18974,1011,330,16,330,25,233,6,6,6,6,6,NA,NA,NA,NA,2011-08-29 02:51:00,0
2011-08-29 04:00:00,WIND,600702,1,HCM,1,18974,1011,330,15,330,21,252,6,6,6,6,6,NA,NA,NA,NA,2011-08-29 03:51:00,0
2011-08-29 05:00:00,WIND,600702,1,HCM,1,18974,1011,320,14,320,20,422,6,6,6,6,6,NA,NA,NA,NA,2011-08-29 04:51:00,0
2011-08-29 06:00:00,WIND,600702,1,HCM,1,18974,1011,320,17,330,25,532,6,6,6,6,6,NA,NA,NA,NA,2011-08-29 05:51:00,0
2011-08-29 07:00:00,WIND,600702,1,HCM,1,18974,1011,320,15,330,23,551,6,6,6,6,6,NA,NA,NA,NA,2011-08-29 06:51:00,0
2011-08-29 08:00:00,WIND,600702,1,HCM,1,18974,1011,330,17,330,24,737,6,6,6,6,6,NA,NA,NA,NA,2011-08-29 07:51:00,0
2011-08-29 09:00:00,WIND,600702,1,HCM,1,18974,1011,330,17,330,25,844,6,6,6,6,6,NA,NA,NA,NA,2011-08-29 08:52:00,0
2011-08-29 10:00:00,WIND,600702,1,HCM,1,18974,1011,340,15,350,22,903,6,6,6,6,6,NA,NA,NA,NA,2011-08-29 09:51:00,0
2011-08-29 11:00:00,WIND,600702,1,HCM,1,18974,1011,330,17,320,24,1029,6,6,6,6,6,NA,NA,NA,NA,2011-08-29 10:51:00,0
2011-08-29 12:00:00,WIND,600702,1,HCM,1,18974,1011,320,17,320,24,1103,6,6,6,6,6,NA,NA,NA,NA,2011-08-29 11:51:00,0
2011-08-29 13:00:00,WIND,600702,1,HCM,1,18974,1011,320,17,330,23,1157,6,6,6,6,6,NA,NA,NA,NA,2011-08-29 12:51:00,0
2011-08-29 14:00:00,WIND,600702,1,HCM,1,18974,1011,320,15,330,21,1315,6,6,6,6,6,NA,NA,NA,NA,2011-08-29 13:51:00,0
2011-08-29 15:00:00,WIND,600702,1,HCM,1,18974,1011,330,13,330,21,1440,6,6,6,6,6,NA,NA,NA,NA,2011-08-29 14:51:00,0
2011-08-29 16:00:00,WIND,600702,1,HCM,1,18974,1011,320,14,320,21,1532,6,6,6,6,6,NA,NA,NA,NA,2011-08-29 15:51:00,0
2011-08-29 17:00:00,WIND,600702,1,HCM,1,18974,1011,320,15,310,22,1557,6,6,6,6,6,NA,NA,NA,NA,2011-08-29 16:51:00,0
2011-08-29 18:00:00,WIND,600702,1,HCM,1,18974,1011,330,16,330,23,1731,6,6,6,6,6,NA,NA,NA,NA,2011-08-29 17:51:00,0
2011-08-29 19:00:00,WIND,600702,1,HCM,1,18974,1011,330,11,330,17,1837,6,6,6,6,6,NA,NA,NA,NA,2011-08-29 18:51:00,0
2011-08-29 20:00:00,WIND,600702,1,HCM,1,18974,1011,320,12,320,18,1913,6,6,6,6,6,NA,NA,NA,NA,2011-08-29 19:51:00,0
2011-08-29 21:00:00,WIND,600702,1,HCM,1,18974,1011,320,13,320,19,2002,6,6,6,6,6,NA,NA,NA,NA,2011-08-29 20:53:00,0
2011-08-29 22:00:00,WIND,600702,1,HCM,1,18974,1011,320,11,330,17,2148,6,6,6,6,6,NA,NA,NA,NA,2011-08-29 21:51:00,0
2011-08-29 23:00:00,WIND,600702,1,HCM,1,18974,1011,320,10,330,14,2156,6,6,6,6,6,NA,NA,NA,NA,2011-08-29 22:51:00,0
2011-08-30 00:00:00,WIND,600702,1,HCM,1,18974,1011,310,10,300,16,2335,6,6,6,6,6,NA,NA,NA,NA,2011-08-29 23:51:00,0
2011-08-30 01:00:00,WIND,600702,1,HCM,1,18974,1011,310,10,310,20,47,6,6,6,6,6,NA,NA,NA,NA,2011-08-30 00:51:00,0
2011-08-30 02:00:00,WIND,600702,1,HCM,1,18974,1011,310,11,330,17,139,6,6,6,6,6,NA,NA,NA,NA,2011-08-30 01:51:00,0
2011-08-30 03:00:00,WIND,600702,1,HCM,1,18974,1011,330,10,330,18,242,6,6,6,6,6,NA,NA,NA,NA,2011-08-30 02:51:00,0
2011-08-30 04:00:00,WIND,600702,1,HCM,1,18974,1011,330,12,330,17,327,6,6,6,6,6,NA,NA,NA,NA,2011-08-30 03:51:00,0
2011-08-30 05:00:00,WIND,600702,1,HCM,1,18974,1011,310,9,320,15,447,6,6,6,6,6,NA,NA,NA,NA,2011-08-30 04:51:00,0
2011-08-30 06:00:00,WIND,600702,1,HCM,1,18974,1011,330,10,320,15,451,6,6,6,6,6,NA,NA,NA,NA,2011-08-30 05:51:00,0
2011-08-30 07:00:00,WIND,600702,1,HCM,1,18974,1011,310,10,320,17,649,6,6,6,6,6,NA,NA,NA,NA,2011-08-30 06:51:00,0
2011-08-30 08:00:00,WIND,600702,1,HCM,1,18974,1011,320,11,320,17,650,6,6,6,6,6,NA,NA,NA,NA,2011-08-30 07:51:00,0
2011-08-30 09:00:00,WIND,600702,1,HCM,1,18974,1011,320,10,320,15,833,6,6,6,6,6,NA,NA,NA,NA,2011-08-30 08:52:00,0
2011-08-30 10:00:00,WIND,600702,1,HCM,1,18974,1011,330,10,320,15,942,6,6,6,6,6,NA,NA,NA,NA,2011-08-30 09:51:00,0
2011-08-30 11:00:00,WIND,600702,1,HCM,1,18974,1011,330,10,340,14,1002,6,6,6,6,6,NA,NA,NA,NA,2011-08-30 10:51:00,0
2011-08-30 12:00:00,WIND,600702,1,HCM,1,18974,1011,330,10,320,14,1112,6,6,6,6,6,NA,NA,NA,NA,2011-08-30 11:51:00,0
2011-08-30 13:00:00,WIND,600702,1,HCM,1,18974,1011,320,10,310,18,1246,6,6,6,6,6,NA,NA,NA,NA,2011-08-30 12:51:00,0
2011-08-30 14:00:00,WIND,600702,1,HCM,1,18974,1011,300,10,310,17,1250,6,6,6,6,6,NA,NA,NA,NA,2011-08-30 13:51:00,0
2011-08-30 15:00:00,WIND,600702,1,HCM,1,18974,1011,310,9,310,14,1417,6,6,6,6,6,NA,NA,NA,NA,2011-08-30 14:51:00,0
2011-08-30 16:00:00,WIND,600702,1,HCM,1,18974,1011,310,10,310,15,1457,6,6,6,6,6,NA,NA,NA,NA,2011-08-30 15:51:00,0
2011-08-30 17:00:00,WIND,600702,1,HCM,1,18974,1011,320,9,330,15,1639,6,6,6,6,6,NA,NA,NA,NA,2011-08-30 16:51:00,0
2011-08-30 18:00:00,WIND,600702,1,HCM,1,18974,1011,310,8,300,13,1708,6,6,6,6,6,NA,NA,NA,NA,2011-08-30 17:51:00,0
2011-08-30 19:00:00,WIND,600702,1,HCM,1,18974,1011,320,8,310,13,1802,6,6,6,6,6,NA,NA,NA,NA,2011-08-30 18:51:00,0
2011-08-30 20:00:00,WIND,600702,1,HCM,1,18974,1011,330,6,330,11,1948,6,6,6,6,6,NA,NA,NA,NA,2011-08-30 19:51:00,0
2011-08-30 21:00:00,WIND,600702,1,HCM,1,18974,1011,310,8,310,12,2013,6,6,6,6,6,NA,NA,NA,NA,2011-08-30 20:52:00,0
2011-08-30 22:00:00,WIND,600702,1,HCM,1,18974,1011,310,6,300,8,2056,6,6,6,6,6,NA,NA,NA,NA,2011-08-30 21:51:00,0
2011-08-30 23:00:00,WIND,600702,1,HCM,1,18974,1011,320,6,320,8,2204,6,6,6,6,6,NA,NA,NA,NA,2011-08-30 22:51:00,0
2011-08-31 00:00:00,WIND,600702,1,HCM,1,18974,1011,330,5,330,7,2346,6,6,6,6,6,NA,NA,NA,NA,2011-08-30 23:51:00,0
2011-08-31 01:00:00,WIND,600702,1,HCM,1,18974,1011,330,5,320,6,27,6,6,6,6,6,NA,NA,NA,NA,2011-08-31 00:51:00,0
2011-08-31 02:00:00,WIND,600702,1,HCM,1,18974,1011,320,4,300,13,106,6,6,6,6,6,NA,NA,NA,NA,2011-08-31 01:51:00,0
2011-08-31 03:00:00,WIND,600702,1,HCM,1,18974,1011,330,4,310,8,233,6,6,6,6,6,NA,NA,NA,NA,2011-08-31 02:51:00,0
2011-08-31 04:00:00,WIND,600702,1,HCM,1,18974,1011,20,3,340,6,250,6,6,6,6,6,NA,NA,NA,NA,2011-08-31 03:51:00,0
2011-08-31 05:00:00,WIND,600702,1,HCM,1,18974,1011,70,4,50,7,407,6,6,6,6,6,NA,NA,NA,NA,2011-08-31 04:51:00,0
2011-08-31 06:00:00,WIND,600702,1,HCM,1,18974,1011,130,2,110,3,458,6,6,6,6,6,NA,NA,NA,NA,2011-08-31 05:51:00,0
2011-08-31 07:00:00,WIND,600702,1,HCM,1,18974,1011,210,2,220,3,649,6,6,6,6,6,NA,NA,NA,NA,2011-08-31 06:51:00,0
2011-08-31 08:00:00,WIND,600702,1,HCM,1,18974,1011,230,3,220,4,737,6,6,6,6,6,NA,NA,NA,NA,2011-08-31 07:51:00,0
2011-08-31 09:00:00,WIND,600702,1,HCM,1,18974,1011,70,4,60,8,848,6,6,6,6,6,NA,NA,NA,NA,2011-08-31 08:53:00,0
2011-08-31 10:00:00,WIND,600702,1,HCM,1,18974,1011,90,6,80,9,850,6,6,6,6,6,NA,NA,NA,NA,2011-08-31 09:51:00,0
2011-08-31 11:00:00,WIND,600702,1,HCM,1,18974,1011,140,5,130,8,953,6,6,6,6,6,NA,NA,NA,NA,2011-08-31 10:51:00,0
2011-08-31 12:00:00,WIND,600702,1,HCM,1,18974,1011,180,4,220,9,1145,6,6,6,6,6,NA,NA,NA,NA,2011-08-31 11:51:00,0
2011-08-31 13:00:00,WIND,600702,1,HCM,1,18974,1011,20,3,30,7,1223,6,6,6,6,6,NA,NA,NA,NA,2011-08-31 12:51:00,0
2011-08-31 14:00:00,WIND,600702,1,HCM,1,18974,1011,10,4,10,8,1250,6,6,6,6,6,NA,NA,NA,NA,2011-08-31 13:51:00,0
2011-08-31 15:00:00,WIND,600702,1,HCM,1,18974,1011,360,5,350,8,1408,6,6,6,6,6,NA,NA,NA,NA,2011-08-31 14:51:00,0
2011-08-31 16:00:00,WIND,600702,1,HCM,1,18974,1011,30,3,10,6,1452,6,6,6,6,6,NA,NA,NA,NA,2011-08-31 15:51:00,0
2011-08-31 17:00:00,WIND,600702,1,HCM,1,18974,1011,290,4,280,10,1621,6,6,6,6,6,NA,NA,NA,NA,2011-08-31 16:51:00,0
2011-08-31 18:00:00,WIND,600702,1,HCM,1,18974,1011,340,4,340,6,1708,6,6,6,6,6,NA,NA,NA,NA,2011-08-31 17:51:00,0
2011-08-31 19:00:00,WIND,600702,1,HCM,1,18974,1011,290,3,270,4,1831,6,6,6,6,6,NA,NA,NA,NA,2011-08-31 18:51:00,0
2011-08-31 20:00:00,WIND,600702,1,HCM,1,18974,1011,270,2,280,3,1944,6,6,6,6,6,NA,NA,NA,NA,2011-08-31 19:51:00,0
2011-08-31 21:00:00,WIND,600702,1,HCM,1,18974,1011,290,2,300,2,2036,6,6,6,6,6,NA,NA,NA,NA,2011-08-31 20:53:00,0
2011-08-31 22:00:00,WIND,600702,1,HCM,1,18974,1011,300,1,100,2,2143,6,6,6,6,6,NA,NA,NA,NA,2011-08-31 21:51:00,0
2011-08-31 23:00:00,WIND,600702,1,HCM,1,18974,1011,130,3,140,4,2238,6,6,6,6,6,NA,NA,NA,NA,2011-08-31 22:51:00,0
2011-09-01 00:00:00,WIND,600702,1,HCM,1,18974,1011,150,4,150,5,2347,6,6,6,6,6,NA,NA,NA,NA,2011-08-31 23:51:00,0
2011-09-01 01:00:00,WIND,600702,1,HCM,1,18974,1011,150,5,150,7,47,6,6,6,6,6,NA,NA,NA,NA,2011-09-01 00:51:00,0
2011-09-01 02:00:00,WIND,600702,1,HCM,1,18974,1011,160,6,160,8,111,6,6,6,6,6,NA,NA,NA,NA,2011-09-01 01:51:00,0
2011-09-01 03:00:00,WIND,600702,1,HCM,1,18974,1011,160,6,160,9,234,6,6,6,6,6,NA,NA,NA,NA,2011-09-01 02:51:00,0
2011-09-01 04:00:00,WIND,600702,1,HCM,1,18974,1011,160,8,170,12,345,6,6,6,6,6,NA,NA,NA,NA,2011-09-01 03:51:00,0
2011-09-01 05:00:00,WIND,600702,1,HCM,1,18974,1011,170,9,160,12,414,6,6,6,6,6,NA,NA,NA,NA,2011-09-01 04:51:00,0
2011-09-01 06:00:00,WIND,600702,1,HCM,1,18974,1011,170,8,170,11,540,6,6,6,6,6,NA,NA,NA,NA,2011-09-01 05:51:00,0
2011-09-01 07:00:00,WIND,600702,1,HCM,1,18974,1011,160,9,160,13,643,6,6,6,6,6,NA,NA,NA,NA,2011-09-01 06:51:00,0
2011-09-01 08:00:00,WIND,600702,1,HCM,1,18974,1011,160,10,160,13,742,6,6,6,6,6,NA,NA,NA,NA,2011-09-01 07:51:00,0
2011-09-01 09:00:00,WIND,600702,1,HCM,1,18974,1011,160,11,170,15,847,6,6,6,6,6,NA,NA,NA,NA,2011-09-01 08:53:00,0
2011-09-01 10:00:00,WIND,600702,1,HCM,1,18974,1011,170,13,180,19,944,6,6,6,6,6,NA,NA,NA,NA,2011-09-01 09:51:00,0
2011-09-01 11:00:00,WIND,600702,1,HCM,1,18974,1011,180,14,180,20,958,6,6,6,6,6,NA,NA,NA,NA,2011-09-01 10:51:00,0
2011-09-01 12:00:00,WIND,600702,1,HCM,1,18974,1011,180,16,190,22,1128,6,6,6,6,6,NA,NA,NA,NA,2011-09-01 11:51:00,0
2011-09-01 13:00:00,WIND,600702,1,HCM,1,18974,1011,180,17,180,22,1245,6,6,6,6,6,NA,NA,NA,NA,2011-09-01 12:51:00,0
2011-09-01 14:00:00,WIND,600702,1,HCM,1,18974,1011,170,17,180,22,1309,6,6,6,6,6,NA,NA,NA,NA,2011-09-01 13:51:00,0
2011-09-01 15:00:00,WIND,600702,1,HCM,1,18974,1011,160,15,160,21,1357,6,6,6,6,6,NA,NA,NA,NA,2011-09-01 14:51:00,0
2011-09-01 16:00:00,WIND,600702,1,HCM,1,18974,1011,160,15,160,19,1540,6,6,6,6,6,NA,NA,NA,NA,2011-09-01 15:51:00,0
2011-09-01 17:00:00,WIND,600702,1,HCM,1,18974,1011,160,16,160,22,1645,6,6,6,6,6,NA,NA,NA,NA,2011-09-01 16:51:00,0
2011-09-01 18:00:00,WIND,600702,1,HCM,1,18974,1011,160,16,160,22,1740,6,6,6,6,6,NA,NA,NA,NA,2011-09-01 17:51:00,0
2011-09-01 19:00:00,WIND,600702,1,HCM,1,18974,1011,160,17,160,23,1836,6,6,6,6,6,NA,NA,NA,NA,2011-09-01 18:51:00,0
2011-09-01 20:00:00,WIND,600702,1,HCM,1,18974,1011,160,19,160,26,1930,6,6,6,6,6,NA,NA,NA,NA,2011-09-01 19:51:00,0
2011-09-01 21:00:00,WIND,600702,1,HCM,1,18974,1011,160,20,160,27,1957,6,6,6,6,6,NA,NA,NA,NA,2011-09-01 20:53:00,0
2011-09-01 22:00:00,WIND,600702,1,HCM,1,18974,1011,170,23,170,32,2136,6,6,6,6,6,NA,NA,NA,NA,2011-09-01 21:51:00,0
2011-09-01 23:00:00,WIND,600702,1,HCM,1,18974,1011,180,22,180,30,2224,6,6,6,6,6,NA,NA,NA,NA,2011-09-01 22:51:00,0
2011-09-02 00:00:00,WIND,600702,1,HCM,1,18974,1011,170,20,170,28,2250,6,6,6,6,6,NA,NA,NA,NA,2011-09-01 23:51:00,0
2011-09-02 01:00:00,WIND,600702,1,HCM,1,18974,1011,180,19,170,27,2352,6,6,6,6,6,NA,NA,NA,NA,2011-09-02 00:51:00,0
2011-09-02 02:00:00,WIND,600702,1,HCM,1,18974,1011,190,17,190,24,54,6,6,6,6,6,NA,NA,NA,NA,2011-09-02 01:51:00,0
2011-09-02 03:00:00,WIND,600702,1,HCM,1,18974,1011,200,18,220,27,249,6,6,6,6,6,NA,NA,NA,NA,2011-09-02 02:51:00,0
2011-09-02 04:00:00,WIND,600702,1,HCM,1,18974,1011,240,16,220,25,255,6,6,6,6,6,NA,NA,NA,NA,2011-09-02 03:51:00,0
2011-09-02 05:00:00,WIND,600702,1,HCM,1,18974,1011,230,12,230,18,355,6,6,6,6,6,NA,NA,NA,NA,2011-09-02 04:51:00,0
2011-09-02 06:00:00,WIND,600702,1,HCM,1,18974,1011,240,12,250,19,547,6,6,6,6,6,NA,NA,NA,NA,2011-09-02 05:51:00,0
2011-09-02 07:00:00,WIND,600702,1,HCM,1,18974,1011,240,14,240,22,629,6,6,6,6,6,NA,NA,NA,NA,2011-09-02 06:51:00,0
2011-09-02 08:00:00,WIND,600702,1,HCM,1,18974,1011,240,12,240,18,724,6,6,6,6,6,NA,NA,NA,NA,2011-09-02 07:51:00,0
2011-09-02 09:00:00,WIND,600702,1,HCM,1,18974,1011,230,14,230,21,835,6,6,6,6,6,NA,NA,NA,NA,2011-09-02 08:52:00,0
2011-09-02 10:00:00,WIND,600702,1,HCM,1,18974,1011,230,15,250,23,900,6,6,6,6,6,NA,NA,NA,NA,2011-09-02 09:51:00,0
2011-09-02 11:00:00,WIND,600702,1,HCM,1,18974,1011,240,17,240,25,1026,6,6,6,6,6,NA,NA,NA,NA,2011-09-02 10:51:00,0
2011-09-02 12:00:00,WIND,600702,1,HCM,1,18974,1011,240,15,240,26,1148,6,6,6,6,6,NA,NA,NA,NA,2011-09-02 11:51:00,0
2011-09-02 13:00:00,WIND,600702,1,HCM,1,18974,1011,230,15,240,22,1150,6,6,6,6,6,NA,NA,NA,NA,2011-09-02 12:51:00,0
2011-09-02 14:00:00,WIND,600702,1,HCM,1,18974,1011,220,15,230,23,1335,6,6,6,6,6,NA,NA,NA,NA,2011-09-02 13:51:00,0
2011-09-02 15:00:00,WIND,600702,1,HCM,1,18974,1011,230,15,230,27,1422,6,6,6,6,6,NA,NA,NA,NA,2011-09-02 14:52:00,0
2011-09-02 16:00:00,WIND,600702,1,HCM,1,18974,1011,220,15,230,23,1509,6,6,6,6,6,NA,NA,NA,NA,2011-09-02 15:51:00,0
2011-09-02 17:00:00,WIND,600702,1,HCM,1,18974,1011,220,15,230,23,1555,6,6,6,6,6,NA,NA,NA,NA,2011-09-02 16:51:00,0
2011-09-02 18:00:00,WIND,600702,1,HCM,1,18974,1011,210,13,230,21,1653,6,6,6,6,6,NA,NA,NA,NA,2011-09-02 17:51:00,0
2011-09-02 19:00:00,WIND,600702,1,HCM,1,18974,1011,210,14,210,21,1829,6,6,6,6,6,NA,NA,NA,NA,2011-09-02 18:51:00,0
2011-09-02 20:00:00,WIND,600702,1,HCM,1,18974,1011,210,14,220,23,1948,6,6,6,6,6,NA,NA,NA,NA,2011-09-02 19:51:00,0
2011-09-02 21:00:00,WIND,600702,1,HCM,1,18974,1011,210,14,210,23,2005,6,6,6,6,6,NA,NA,NA,NA,2011-09-02 20:52:00,0
2011-09-02 22:00:00,WIND,600702,1,HCM,1,18974,1011,200,13,200,22,2146,6,6,6,6,6,NA,NA,NA,NA,2011-09-02 21:51:00,0
2011-09-02 23:00:00,WIND,600702,1,HCM,1,18974,1011,200,13,210,22,2153,6,6,6,6,6,NA,NA,NA,NA,2011-09-02 22:51:00,0
2011-09-03 00:00:00,WIND,600702,1,HCM,1,18974,1011,180,12,180,16,2319,6,6,6,6,6,NA,NA,NA,NA,2011-09-02 23:51:00,0
2011-09-03 01:00:00,WIND,600702,1,HCM,1,18974,1011,170,14,170,20,37,6,6,6,6,6,NA,NA,NA,NA,2011-09-03 00:51:00,0
2011-09-03 02:00:00,WIND,600702,1,HCM,1,18974,1011,170,15,180,21,52,6,6,6,6,6,NA,NA,NA,NA,2011-09-03 01:51:00,0
2011-09-03 03:00:00,WIND,600702,1,HCM,1,18974,1011,180,12,190,19,203,6,6,6,6,6,NA,NA,NA,NA,2011-09-03 02:51:00,0
2011-09-03 04:00:00,WIND,600702,1,HCM,1,18974,1011,160,11,160,15,259,6,6,6,6,6,NA,NA,NA,NA,2011-09-03 03:51:00,0
2011-09-03 05:00:00,WIND,600702,1,HCM,1,18974,1011,160,11,150,16,357,6,6,6,6,6,NA,NA,NA,NA,2011-09-03 04:51:00,0
2011-09-03 06:00:00,WIND,600702,1,HCM,1,18974,1011,190,6,180,11,453,6,6,6,6,6,NA,NA,NA,NA,2011-09-03 05:51:00,0
2011-09-03 07:00:00,WIND,600702,1,HCM,1,18974,1011,220,4,240,6,639,6,6,6,6,6,NA,NA,NA,NA,2011-09-03 06:51:00,0
2011-09-03 08:00:00,WIND,600702,1,HCM,1,18974,1011,260,5,280,8,742,6,6,6,6,6,NA,NA,NA,NA,2011-09-03 07:51:00,0
2011-09-03 09:00:00,WIND,600702,1,HCM,1,18974,1011,280,10,290,16,842,6,6,6,6,6,NA,NA,NA,NA,2011-09-03 08:52:00,0
2011-09-03 10:00:00,WIND,600702,1,HCM,1,18974,1011,300,13,300,18,911,6,6,6,6,6,NA,NA,NA,NA,2011-09-03 09:51:00,0
2011-09-03 11:00:00,WIND,600702,1,HCM,1,18974,1011,290,12,270,17,1046,6,6,6,6,6,NA,NA,NA,NA,2011-09-03 10:51:00,0
2011-09-03 12:00:00,WIND,600702,1,HCM,1,18974,1011,270,14,270,21,1142,6,6,6,6,6,NA,NA,NA,NA,2011-09-03 11:51:00,0
2011-09-03 13:00:00,WIND,600702,1,HCM,1,18974,1011,260,14,270,21,1201,6,6,6,6,6,NA,NA,NA,NA,2011-09-03 12:51:00,0
2011-09-03 14:00:00,WIND,600702,1,HCM,1,18974,1011,250,13,260,19,1323,6,6,6,6,6,NA,NA,NA,NA,2011-09-03 13:51:00,0
2011-09-03 15:00:00,WIND,600702,1,HCM,1,18974,1011,250,12,250,17,1357,6,6,6,6,6,NA,NA,NA,NA,2011-09-03 14:51:00,0
2011-09-03 16:00:00,WIND,600702,1,HCM,1,18974,1011,230,12,230,17,1514,6,6,6,6,6,NA,NA,NA,NA,2011-09-03 15:51:00,0
2011-09-03 17:00:00,WIND,600702,1,HCM,1,18974,1011,230,10,230,15,1631,6,6,6,6,6,NA,NA,NA,NA,2011-09-03 16:51:00,0
2011-09-03 18:00:00,WIND,600702,1,HCM,1,18974,1011,230,10,230,14,1656,6,6,6,6,6,NA,NA,NA,NA,2011-09-03 17:51:00,0
2011-09-03 19:00:00,WIND,600702,1,HCM,1,18974,1011,220,7,230,13,1752,6,6,6,6,6,NA,NA,NA,NA,2011-09-03 18:51:00,0
2011-09-03 20:00:00,WIND,600702,1,HCM,1,18974,1011,210,7,200,11,1932,6,6,6,6,6,NA,NA,NA,NA,2011-09-03 19:51:00,0
2011-09-03 21:00:00,WIND,600702,1,HCM,1,18974,1011,200,8,210,15,2031,6,6,6,6,6,NA,NA,NA,NA,2011-09-03 20:52:00,0
2011-09-03 22:00:00,WIND,600702,1,HCM,1,18974,1011,220,7,240,15,2123,6,6,6,6,6,NA,NA,NA,NA,2011-09-03 21:51:00,0
2011-09-03 23:00:00,WIND,600702,1,HCM,1,18974,1011,220,8,230,18,2209,6,6,6,6,6,NA,NA,NA,NA,2011-09-03 22:51:00,0
2011-09-04 00:00:00,WIND,600702,1,HCM,1,18974,1011,200,8,210,12,2347,6,6,6,6,6,NA,NA,NA,NA,2011-09-03 23:51:00,0
2011-09-04 01:00:00,WIND,600702,1,HCM,1,18974,1011,190,11,190,14,19,6,6,6,6,6,NA,NA,NA,NA,2011-09-04 00:51:00,0
2011-09-04 02:00:00,WIND,600702,1,HCM,1,18974,1011,210,8,220,15,115,6,6,6,6,6,NA,NA,NA,NA,2011-09-04 01:51:00,0
2011-09-04 03:00:00,WIND,600702,1,HCM,1,18974,1011,220,8,220,12,231,6,6,6,6,6,NA,NA,NA,NA,2011-09-04 02:51:00,0
2011-09-04 04:00:00,WIND,600702,1,HCM,1,18974,1011,220,7,210,12,305,6,6,6,6,6,NA,NA,NA,NA,2011-09-04 03:51:00,0
2011-09-04 05:00:00,WIND,600702,1,HCM,1,18974,1011,210,6,230,8,355,6,6,6,6,6,NA,NA,NA,NA,2011-09-04 04:51:00,0
2011-09-04 06:00:00,WIND,600702,1,HCM,1,18974,1011,200,7,210,10,517,6,6,6,6,6,NA,NA,NA,NA,2011-09-04 05:51:00,0
2011-09-04 07:00:00,WIND,600702,1,HCM,1,18974,1011,200,7,200,11,636,6,6,6,6,6,NA,NA,NA,NA,2011-09-04 06:51:00,0
2011-09-04 08:00:00,WIND,600702,1,HCM,1,18974,1011,210,7,200,12,713,6,6,6,6,6,NA,NA,NA,NA,2011-09-04 07:51:00,0
2011-09-04 09:00:00,WIND,600702,1,HCM,1,18974,1011,190,10,180,14,812,6,6,6,6,6,NA,NA,NA,NA,2011-09-04 08:54:00,0
2011-09-04 10:00:00,WIND,600702,1,HCM,1,18974,1011,180,10,190,14,909,6,6,6,6,6,NA,NA,NA,NA,2011-09-04 09:51:00,0
2011-09-04 11:00:00,WIND,600702,1,HCM,1,18974,1011,180,12,160,17,1034,6,6,6,6,6,NA,NA,NA,NA,2011-09-04 10:51:00,0
2011-09-04 12:00:00,WIND,600702,1,HCM,1,18974,1011,170,13,170,17,1134,6,6,6,6,6,NA,NA,NA,NA,2011-09-04 11:51:00,0
2011-09-04 13:00:00,WIND,600702,1,HCM,1,18974,1011,160,13,170,17,1204,6,6,6,6,6,NA,NA,NA,NA,2011-09-04 12:51:00,0
2011-09-04 14:00:00,WIND,600702,1,HCM,1,18974,1011,150,11,160,15,1253,6,6,6,6,6,NA,NA,NA,NA,2011-09-04 13:51:00,0
2011-09-04 15:00:00,WIND,600702,1,HCM,1,18974,1011,140,12,140,16,1403,6,6,6,6,6,NA,NA,NA,NA,2011-09-04 14:51:00,0
2011-09-04 16:00:00,WIND,600702,1,HCM,1,18974,1011,140,11,130,15,1458,6,6,6,6,6,NA,NA,NA,NA,2011-09-04 15:51:00,0
2011-09-04 17:00:00,WIND,600702,1,HCM,1,18974,1011,140,10,130,14,1635,6,6,6,6,6,NA,NA,NA,NA,2011-09-04 16:51:00,0
2011-09-04 18:00:00,WIND,600702,1,HCM,1,18974,1011,140,10,140,14,1652,6,6,6,6,6,NA,NA,NA,NA,2011-09-04 17:51:00,0
2011-09-04 19:00:00,WIND,600702,1,HCM,1,18974,1011,140,9,130,12,1801,6,6,6,6,6,NA,NA,NA,NA,2011-09-04 18:51:00,0
2011-09-04 20:00:00,WIND,600702,1,HCM,1,18974,1011,120,6,140,10,1850,6,6,6,6,6,NA,NA,NA,NA,2011-09-04 19:51:00,0
2011-09-04 21:00:00,WIND,600702,1,HCM,1,18974,1011,70,4,30,5,2033,6,6,6,6,6,NA,NA,NA,NA,2011-09-04 20:52:00,0
2011-09-04 22:00:00,WIND,600702,1,HCM,1,18974,1011,100,7,120,13,2112,6,6,6,6,6,NA,NA,NA,NA,2011-09-04 21:51:00,0
2011-09-04 23:00:00,WIND,600702,1,HCM,1,18974,1011,120,7,130,13,2214,6,6,6,6,6,NA,NA,NA,NA,2011-09-04 22:51:00,0
2011-09-05 00:00:00,WIND,600702,1,HCM,1,18974,1011,100,6,100,10,2319,6,6,6,6,6,NA,NA,NA,NA,2011-09-04 23:51:00,0
2011-09-05 01:00:00,WIND,600702,1,HCM,1,18974,1011,80,6,70,10,6,6,6,6,6,6,NA,NA,NA,NA,2011-09-05 00:51:00,0
2011-09-05 02:00:00,WIND,600702,1,HCM,1,18974,1011,80,5,70,7,50,6,6,6,6,6,NA,NA,NA,NA,2011-09-05 01:51:00,0
2011-09-05 03:00:00,WIND,600702,1,HCM,1,18974,1011,50,5,70,7,206,6,6,6,6,6,NA,NA,NA,NA,2011-09-05 02:51:00,0
2011-09-05 04:00:00,WIND,600702,1,HCM,1,18974,1011,50,6,50,11,329,6,6,6,6,6,NA,NA,NA,NA,2011-09-05 03:51:00,0
2011-09-05 05:00:00,WIND,600702,1,HCM,1,18974,1011,50,5,40,9,407,6,6,6,6,6,NA,NA,NA,NA,2011-09-05 04:51:00,0
2011-09-05 06:00:00,WIND,600702,1,HCM,1,18974,1011,50,2,50,4,457,6,6,6,6,6,NA,NA,NA,NA,2011-09-05 05:51:00,0
2011-09-05 07:00:00,WIND,600702,1,HCM,1,18974,1011,300,3,270,5,649,6,6,6,6,6,NA,NA,NA,NA,2011-09-05 06:51:00,0
2011-09-05 08:00:00,WIND,600702,1,HCM,1,18974,1011,280,5,300,9,746,6,6,6,6,6,NA,NA,NA,NA,2011-09-05 07:51:00,0
2011-09-05 09:00:00,WIND,600702,1,HCM,1,18974,1011,320,7,310,10,811,6,6,6,6,6,NA,NA,NA,NA,2011-09-05 08:52:00,0
2011-09-05 10:00:00,WIND,600702,1,HCM,1,18974,1011,320,8,330,13,939,6,6,6,6,6,NA,NA,NA,NA,2011-09-05 09:51:00,0
2011-09-05 11:00:00,WIND,600702,1,HCM,1,18974,1011,330,9,310,14,958,6,6,6,6,6,NA,NA,NA,NA,2011-09-05 10:51:00,0
2011-09-05 12:00:00,WIND,600702,1,HCM,1,18974,1011,320,9,330,13,1100,6,6,6,6,6,NA,NA,NA,NA,2011-09-05 11:51:00,0
2011-09-05 13:00:00,WIND,600702,1,HCM,1,18974,1011,290,10,280,15,1230,6,6,6,6,6,NA,NA,NA,NA,2011-09-05 12:52:00,0
2011-09-05 14:00:00,WIND,600702,1,HCM,1,18974,1011,270,11,260,16,1334,6,6,6,6,6,NA,NA,NA,NA,2011-09-05 13:51:00,0
2011-09-05 15:00:00,WIND,600702,1,HCM,1,18974,1011,250,10,250,16,1417,6,6,6,6,6,NA,NA,NA,NA,2011-09-05 14:51:00,0
2011-09-05 16:00:00,WIND,600702,1,HCM,1,18974,1011,230,12,230,19,1459,6,6,6,6,6,NA,NA,NA,NA,2011-09-05 15:51:00,0
2011-09-05 17:00:00,WIND,600702,1,HCM,1,18974,1011,210,12,200,18,1619,6,6,6,6,6,NA,NA,NA,NA,2011-09-05 16:51:00,0
2011-09-05 18:00:00,WIND,600702,1,HCM,1,18974,1011,200,13,190,20,1748,6,6,6,6,6,NA,NA,NA,NA,2011-09-05 17:51:00,0
2011-09-05 19:00:00,WIND,600702,1,HCM,1,18974,1011,180,14,170,20,1845,6,6,6,6,6,NA,NA,NA,NA,2011-09-05 18:51:00,0
2011-09-05 20:00:00,WIND,600702,1,HCM,1,18974,1011,170,19,190,28,1932,6,6,6,6,6,NA,NA,NA,NA,2011-09-05 19:51:00,0
2011-09-05 21:00:00,WIND,600702,1,HCM,1,18974,1011,170,24,170,33,2042,6,6,6,6,6,NA,NA,NA,NA,2011-09-05 20:53:00,0
2011-09-05 22:00:00,WIND,600702,1,HCM,1,18974,1011,160,27,160,35,2121,6,6,6,6,6,NA,NA,NA,NA,2011-09-05 21:51:00,0
2011-09-05 23:00:00,WIND,600702,1,HCM,1,18974,1011,160,29,160,38,2227,6,6,6,6,6,NA,NA,NA,NA,2011-09-05 22:51:00,0
2011-09-06 00:00:00,WIND,600702,1,HCM,1,18974,1011,180,25,190,36,2326,6,6,6,6,6,NA,NA,NA,NA,2011-09-05 23:52:00,0
2011-09-06 01:00:00,WIND,600702,1,HCM,1,18974,1011,210,20,220,30,24,6,6,6,6,6,NA,NA,NA,NA,2011-09-06 00:51:00,0
2011-09-06 02:00:00,WIND,600702,1,HCM,1,18974,1011,220,22,220,32,139,6,6,6,6,6,NA,NA,NA,NA,2011-09-06 01:51:00,0
2011-09-06 03:00:00,WIND,600702,1,HCM,1,18974,1011,230,21,220,32,215,6,6,6,6,6,NA,NA,NA,NA,2011-09-06 02:51:00,0
2011-09-06 04:00:00,WIND,600702,1,HCM,1,18974,1011,230,24,230,37,348,6,6,6,6,6,NA,NA,NA,NA,2011-09-06 03:51:00,0
2011-09-06 05:00:00,WIND,600702,1,HCM,1,18974,1011,230,27,220,41,421,6,6,6,6,6,NA,NA,NA,NA,2011-09-06 04:51:00,0
2011-09-06 06:00:00,WIND,600702,1,HCM,1,18974,1011,240,26,230,40,502,6,6,6,6,6,NA,NA,NA,NA,2011-09-06 05:51:00,0
2011-09-06 07:00:00,WIND,600702,1,HCM,1,18974,1011,240,26,240,37,559,6,6,6,6,6,NA,NA,NA,NA,2011-09-06 06:51:00,0
2011-09-06 08:00:00,WIND,600702,1,HCM,1,18974,1011,240,26,240,37,707,6,6,6,6,6,NA,NA,NA,NA,2011-09-06 07:51:00,0
2011-09-06 09:00:00,WIND,600702,1,HCM,1,18974,1011,240,25,250,38,846,6,6,6,6,6,NA,NA,NA,NA,2011-09-06 08:54:00,0
2011-09-06 10:00:00,WIND,600702,1,HCM,1,18974,1011,250,26,250,39,943,6,6,6,6,6,NA,NA,NA,NA,2011-09-06 09:51:00,0
2011-09-06 11:00:00,WIND,600702,1,HCM,1,18974,1011,250,27,260,44,1020,6,6,6,6,6,NA,NA,NA,NA,2011-09-06 10:51:00,0
2011-09-06 12:00:00,WIND,600702,1,HCM,1,18974,1011,250,28,250,41,1113,6,6,6,6,6,NA,NA,NA,NA,2011-09-06 11:51:00,0
2011-09-06 13:00:00,WIND,600702,1,HCM,1,18974,1011,260,28,260,38,1217,6,6,6,6,6,NA,NA,NA,NA,2011-09-06 12:51:00,0
2011-09-06 14:00:00,WIND,600702,1,HCM,1,18974,1011,260,28,250,39,1325,6,6,6,6,6,NA,NA,NA,NA,2011-09-06 13:51:00,0
2011-09-06 15:00:00,WIND,600702,1,HCM,1,18974,1011,270,26,270,39,1415,6,6,6,6,6,NA,NA,NA,NA,2011-09-06 14:51:00,0
2011-09-06 16:00:00,WIND,600702,1,HCM,1,18974,1011,290,24,270,37,1452,6,6,6,6,6,NA,NA,NA,NA,2011-09-06 15:51:00,0
2011-09-06 17:00:00,WIND,600702,1,HCM,1,18974,1011,300,21,290,31,1617,6,6,6,6,6,NA,NA,NA,NA,2011-09-06 16:51:00,0
2011-09-06 18:00:00,WIND,600702,1,HCM,1,18974,1011,310,19,320,29,1737,6,6,6,6,6,NA,NA,NA,NA,2011-09-06 17:51:00,0
2011-09-06 19:00:00,WIND,600702,1,HCM,1,18974,1011,320,24,330,36,1846,6,6,6,6,6,NA,NA,NA,NA,2011-09-06 18:51:00,0
2011-09-06 20:00:00,WIND,600702,1,HCM,1,18974,1011,330,24,330,36,1912,6,6,6,6,6,NA,NA,NA,NA,2011-09-06 19:51:00,0
2011-09-06 21:00:00,WIND,600702,1,HCM,1,18974,1011,320,20,330,30,1953,6,6,6,6,6,NA,NA,NA,NA,2011-09-06 20:52:00,0
2011-09-06 22:00:00,WIND,600702,1,HCM,1,18974,1011,310,19,310,29,2100,6,6,6,6,6,NA,NA,NA,NA,2011-09-06 21:51:00,0
2011-09-06 23:00:00,WIND,600702,1,HCM,1,18974,1011,320,17,310,27,2157,6,6,6,6,6,NA,NA,NA,NA,2011-09-06 22:51:00,0
2011-09-07 00:00:00,WIND,600702,1,HCM,1,18974,1011,310,15,300,22,2314,6,6,6,6,6,NA,NA,NA,NA,2011-09-06 23:51:00,0
2011-09-07 01:00:00,WIND,600702,1,HCM,1,18974,1011,300,13,300,20,42,6,6,6,6,6,NA,NA,NA,NA,2011-09-07 00:51:00,0
2011-09-07 02:00:00,WIND,600702,1,HCM,1,18974,1011,280,13,280,20,110,6,6,6,6,6,NA,NA,NA,NA,2011-09-07 01:51:00,0
2011-09-07 03:00:00,WIND,600702,1,HCM,1,18974,1011,270,13,270,22,235,6,6,6,6,6,NA,NA,NA,NA,2011-09-07 02:51:00,0
2011-09-07 04:00:00,WIND,600702,1,HCM,1,18974,1011,260,15,270,24,332,6,6,6,6,6,NA,NA,NA,NA,2011-09-07 03:51:00,0
2011-09-07 05:00:00,WIND,600702,1,HCM,1,18974,1011,280,21,290,31,433,6,6,6,6,6,NA,NA,NA,NA,2011-09-07 04:51:00,0
2011-09-07 06:00:00,WIND,600702,1,HCM,1,18974,1011,290,21,290,34,454,6,6,6,6,6,NA,NA,NA,NA,2011-09-07 05:51:00,0
2011-09-07 07:00:00,WIND,600702,1,HCM,1,18974,1011,290,19,290,29,614,6,6,6,6,6,NA,NA,NA,NA,2011-09-07 06:51:00,0
2011-09-07 08:00:00,WIND,600702,1,HCM,1,18974,1011,290,18,280,26,748,6,6,6,6,6,NA,NA,NA,NA,2011-09-07 07:51:00,0
2011-09-07 09:00:00,WIND,600702,1,HCM,1,18974,1011,280,18,280,27,805,6,6,6,6,6,NA,NA,NA,NA,2011-09-07 08:52:00,0
2011-09-07 10:00:00,WIND,600702,1,HCM,1,18974,1011,280,20,270,29,906,6,6,6,6,6,NA,NA,NA,NA,2011-09-07 09:51:00,0
2011-09-07 11:00:00,WIND,600702,1,HCM,1,18974,1011,280,20,280,27,950,6,6,6,6,6,NA,NA,NA,NA,2011-09-07 10:51:00,0
2011-09-07 12:00:00,WIND,600702,1,HCM,1,18974,1011,270,20,270,29,1145,6,6,6,6,6,NA,NA,NA,NA,2011-09-07 11:51:00,0
2011-09-07 13:00:00,WIND,600702,1,HCM,1,18974,1011,270,19,270,28,1200,6,6,6,6,6,NA,NA,NA,NA,2011-09-07 12:51:00,0
2011-09-07 14:00:00,WIND,600702,1,HCM,1,18974,1011,270,18,280,27,1346,6,6,6,6,6,NA,NA,NA,NA,2011-09-07 13:51:00,0
2011-09-07 15:00:00,WIND,600702,1,HCM,1,18974,1011,270,19,270,29,1448,6,6,6,6,6,NA,NA,NA,NA,2011-09-07 14:51:00,0
2011-09-07 16:00:00,WIND,600702,1,HCM,1,18974,1011,270,20,270,29,1528,6,6,6,6,6,NA,NA,NA,NA,2011-09-07 15:51:00,0
2011-09-07 17:00:00,WIND,600702,1,HCM,1,18974,1011,270,19,270,31,1649,6,6,6,6,6,NA,NA,NA,NA,2011-09-07 16:51:00,0
2011-09-07 18:00:00,WIND,600702,1,HCM,1,18974,1011,280,19,270,33,1652,6,6,6,6,6,NA,NA,NA,NA,2011-09-07 17:51:00,0
2011-09-07 19:00:00,WIND,600702,1,HCM,1,18974,1011,280,19,270,33,1842,6,6,6,6,6,NA,NA,NA,NA,2011-09-07 18:51:00,0
2011-09-07 20:00:00,WIND,600702,1,HCM,1,18974,1011,280,16,280,25,1929,6,6,6,6,6,NA,NA,NA,NA,2011-09-07 19:51:00,0
2011-09-07 21:00:00,WIND,600702,1,HCM,1,18974,1011,280,16,280,25,2012,6,6,6,6,6,NA,NA,NA,NA,2011-09-07 20:53:00,0
2011-09-07 22:00:00,WIND,600702,1,HCM,1,18974,1011,270,15,280,27,2107,6,6,6,6,6,NA,NA,NA,NA,2011-09-07 21:51:00,0
2011-09-07 23:00:00,WIND,600702,1,HCM,1,18974,1011,270,15,280,23,2222,6,6,6,6,6,NA,NA,NA,NA,2011-09-07 22:51:00,0
2011-09-08 00:00:00,WIND,600702,1,HCM,1,18974,1011,280,12,290,21,2315,6,6,6,6,6,NA,NA,NA,NA,2011-09-07 23:51:00,0
2011-09-08 01:00:00,WIND,600702,1,HCM,1,18974,1011,260,12,260,19,2352,6,6,6,6,6,NA,NA,NA,NA,2011-09-08 00:51:00,0
2011-09-08 02:00:00,WIND,600702,1,HCM,1,18974,1011,270,10,280,16,106,6,6,6,6,6,NA,NA,NA,NA,2011-09-08 01:51:00,0
2011-09-08 03:00:00,WIND,600702,1,HCM,1,18974,1011,270,11,270,15,150,6,6,6,6,6,NA,NA,NA,NA,2011-09-08 02:51:00,0
2011-09-08 04:00:00,WIND,600702,1,HCM,1,18974,1011,270,11,270,15,343,6,6,6,6,6,NA,NA,NA,NA,2011-09-08 03:51:00,0
2011-09-08 05:00:00,WIND,600702,1,HCM,1,18974,1011,270,9,260,14,424,6,6,6,6,6,NA,NA,NA,NA,2011-09-08 04:51:00,0
2011-09-08 06:00:00,WIND,600702,1,HCM,1,18974,1011,280,9,280,15,531,6,6,6,6,6,NA,NA,NA,NA,2011-09-08 05:51:00,0
2011-09-08 07:00:00,WIND,600702,1,HCM,1,18974,1011,290,8,270,13,607,6,6,6,6,6,NA,NA,NA,NA,2011-09-08 06:51:00,0
2011-09-08 08:00:00,WIND,600702,1,HCM,1,18974,1011,290,11,300,18,700,6,6,6,6,6,NA,NA,NA,NA,2011-09-08 07:51:00,0
2011-09-08 09:00:00,WIND,600702,1,HCM,1,18974,1011,290,12,290,17,834,6,6,6,6,6,NA,NA,NA,NA,2011-09-08 08:52:00,0
2011-09-08 10:00:00,WIND,600702,1,HCM,1,18974,1011,290,13,290,19,949,6,6,6,6,6,NA,NA,NA,NA,2011-09-08 09:51:00,0
2011-09-08 11:00:00,WIND,600702,1,HCM,1,18974,1011,290,13,290,18,1034,6,6,6,6,6,NA,NA,NA,NA,2011-09-08 10:51:00,0
2011-09-08 12:00:00,WIND,600702,1,HCM,1,18974,1011,290,13,270,19,1143,6,6,6,6,6,NA,NA,NA,NA,2011-09-08 11:51:00,0
2011-09-08 13:00:00,WIND,600702,1,HCM,1,18974,1011,290,13,270,17,1206,6,6,6,6,6,NA,NA,NA,NA,2011-09-08 12:51:00,0
2011-09-08 14:00:00,WIND,600702,1,HCM,1,18974,1011,290,12,290,18,1256,6,6,6,6,6,NA,NA,NA,NA,2011-09-08 13:51:00,0
2011-09-08 15:00:00,WIND,600702,1,HCM,1,18974,1011,280,12,280,18,1357,6,6,6,6,6,NA,NA,NA,NA,2011-09-08 14:51:00,0
2011-09-08 16:00:00,WIND,600702,1,HCM,1,18974,1011,270,12,260,17,1503,6,6,6,6,6,NA,NA,NA,NA,2011-09-08 15:54:00,0
2011-09-08 17:00:00,WIND,600702,1,HCM,1,18974,1011,270,10,290,14,1552,6,6,6,6,6,NA,NA,NA,NA,2011-09-08 16:51:00,0
2011-09-08 18:00:00,WIND,600702,1,HCM,1,18974,1011,260,9,270,13,1650,6,6,6,6,6,NA,NA,NA,NA,2011-09-08 17:51:00,0
2011-09-08 19:00:00,WIND,600702,1,HCM,1,18974,1011,250,7,250,11,1801,6,6,6,6,6,NA,NA,NA,NA,2011-09-08 18:51:00,0
2011-09-08 20:00:00,WIND,600702,1,HCM,1,18974,1011,250,6,250,8,1916,6,6,6,6,6,NA,NA,NA,NA,2011-09-08 19:51:00,0
2011-09-08 21:00:00,WIND,600702,1,HCM,1,18974,1011,240,6,230,8,2046,6,6,6,6,6,NA,NA,NA,NA,2011-09-08 20:54:00,0
2011-09-08 22:00:00,WIND,600702,1,HCM,1,18974,1011,240,5,240,7,2127,6,6,6,6,6,NA,NA,NA,NA,2011-09-08 21:51:00,0
2011-09-08 23:00:00,WIND,600702,1,HCM,1,18974,1011,220,4,230,6,2155,6,6,6,6,6,NA,NA,NA,NA,2011-09-08 22:51:00,0
2011-09-09 00:00:00,WIND,600702,1,HCM,1,18974,1011,210,5,220,7,2345,6,6,6,6,6,NA,NA,NA,NA,2011-09-08 23:51:00,0
2011-09-09 01:00:00,WIND,600702,1,HCM,1,18974,1011,210,6,210,9,47,6,6,6,6,6,NA,NA,NA,NA,2011-09-09 00:51:00,0
2011-09-09 02:00:00,WIND,600702,1,HCM,1,18974,1011,210,6,210,9,111,6,6,6,6,6,NA,NA,NA,NA,2011-09-09 01:51:00,0
2011-09-09 03:00:00,WIND,600702,1,HCM,1,18974,1011,170,10,180,15,157,6,6,6,6,6,NA,NA,NA,NA,2011-09-09 02:51:00,0
2011-09-09 04:00:00,WIND,600702,1,HCM,1,18974,1011,150,7,160,13,329,6,6,6,6,6,NA,NA,NA,NA,2011-09-09 03:51:00,0
2011-09-09 05:00:00,WIND,600702,1,HCM,1,18974,1011,130,9,130,16,439,6,6,6,6,6,NA,NA,NA,NA,2011-09-09 04:51:00,0
2011-09-09 06:00:00,WIND,600702,1,HCM,1,18974,1011,120,12,110,16,549,6,6,6,6,6,NA,NA,NA,NA,2011-09-09 05:51:00,0
2011-09-09 07:00:00,WIND,600702,1,HCM,1,18974,1011,110,12,120,18,648,6,6,6,6,6,NA,NA,NA,NA,2011-09-09 06:51:00,0
2011-09-09 08:00:00,WIND,600702,1,HCM,1,18974,1011,110,13,110,18,742,6,6,6,6,6,NA,NA,NA,NA,2011-09-09 07:51:00,0
2011-09-09 09:00:00,WIND,600702,1,HCM,1,18974,1011,120,14,120,19,835,6,6,6,6,6,NA,NA,NA,NA,2011-09-09 08:54:00,0
2011-09-09 10:00:00,WIND,600702,1,HCM,1,18974,1011,120,15,120,21,930,6,6,6,6,6,NA,NA,NA,NA,2011-09-09 09:51:00,0
2011-09-09 11:00:00,WIND,600702,1,HCM,1,18974,1011,160,13,220,20,1049,6,6,6,6,6,NA,NA,NA,NA,2011-09-09 10:51:00,0
2011-09-09 12:00:00,WIND,600702,1,HCM,1,18974,1011,230,16,230,24,1125,6,6,6,6,6,NA,NA,NA,NA,2011-09-09 11:51:00,0
2011-09-09 13:00:00,WIND,600702,1,HCM,1,18974,1011,230,17,220,25,1207,6,6,6,6,6,NA,NA,NA,NA,2011-09-09 12:51:00,0
2011-09-09 14:00:00,WIND,600702,1,HCM,1,18974,1011,230,15,240,22,1302,6,6,6,6,6,NA,NA,NA,NA,2011-09-09 13:51:00,0
2011-09-09 15:00:00,WIND,600702,1,HCM,1,18974,1011,230,15,230,21,1449,6,6,6,6,6,NA,NA,NA,NA,2011-09-09 14:51:00,0
2011-09-09 16:00:00,WIND,600702,1,HCM,1,18974,1011,240,12,230,21,1452,6,6,6,6,6,NA,NA,NA,NA,2011-09-09 15:51:00,0
2011-09-09 17:00:00,WIND,600702,1,HCM,1,18974,1011,230,10,220,17,1602,6,6,6,6,6,NA,NA,NA,NA,2011-09-09 16:51:00,0
2011-09-09 18:00:00,WIND,600702,1,HCM,1,18974,1011,200,7,230,14,1652,6,6,6,6,6,NA,NA,NA,NA,2011-09-09 17:51:00,0
2011-09-09 19:00:00,WIND,600702,1,HCM,1,18974,1011,170,8,160,12,1809,6,6,6,6,6,NA,NA,NA,NA,2011-09-09 18:51:00,0
2011-09-09 20:00:00,WIND,600702,1,HCM,1,18974,1011,160,7,150,11,1933,6,6,6,6,6,NA,NA,NA,NA,2011-09-09 19:51:00,0
2011-09-09 21:00:00,WIND,600702,1,HCM,1,18974,1011,160,11,160,16,2038,6,6,6,6,6,NA,NA,NA,NA,2011-09-09 20:54:00,0
2011-09-09 22:00:00,WIND,600702,1,HCM,1,18974,1011,150,13,150,17,2142,6,6,6,6,6,NA,NA,NA,NA,2011-09-09 21:51:00,0
2011-09-09 23:00:00,WIND,600702,1,HCM,1,18974,1011,150,14,170,21,2209,6,6,6,6,6,NA,NA,NA,NA,2011-09-09 22:51:00,0
2011-09-10 00:00:00,WIND,600702,1,HCM,1,18974,1011,150,16,150,23,2314,6,6,6,6,6,NA,NA,NA,NA,2011-09-09 23:51:00,0
2011-09-10 01:00:00,WIND,600702,1,HCM,1,18974,1011,150,17,150,24,37,6,6,6,6,6,NA,NA,NA,NA,2011-09-10 00:51:00,0
2011-09-10 02:00:00,WIND,600702,1,HCM,1,18974,1011,150,18,150,24,106,6,6,6,6,6,NA,NA,NA,NA,2011-09-10 01:51:00,0
2011-09-10 03:00:00,WIND,600702,1,HCM,1,18974,1011,150,20,150,27,225,6,6,6,6,6,NA,NA,NA,NA,2011-09-10 02:51:00,0
2011-09-10 04:00:00,WIND,600702,1,HCM,1,18974,1011,150,18,150,26,253,6,6,6,6,6,NA,NA,NA,NA,2011-09-10 03:51:00,0
2011-09-10 05:00:00,WIND,600702,1,HCM,1,18974,1011,150,23,150,31,433,6,6,6,6,6,NA,NA,NA,NA,2011-09-10 04:51:00,0
2011-09-10 06:00:00,WIND,600702,1,HCM,1,18974,1011,150,22,160,31,457,6,6,6,6,6,NA,NA,NA,NA,2011-09-10 05:51:00,0
2011-09-10 07:00:00,WIND,600702,1,HCM,1,18974,1011,160,21,150,28,644,6,6,6,6,6,NA,NA,NA,NA,2011-09-10 06:51:00,0
2011-09-10 08:00:00,WIND,600702,1,HCM,1,18974,1011,150,21,150,29,722,6,6,6,6,6,NA,NA,NA,NA,2011-09-10 07:51:00,0
2011-09-10 09:00:00,WIND,600702,1,HCM,1,18974,1011,150,18,150,25,848,6,6,6,6,6,NA,NA,NA,NA,2011-09-10 08:54:00,0
2011-09-10 10:00:00,WIND,600702,1,HCM,1,18974,1011,150,21,150,28,928,6,6,6,6,6,NA,NA,NA,NA,2011-09-10 09:51:00,0
2011-09-10 11:00:00,WIND,600702,1,HCM,1,18974,1011,150,19,150,25,1040,6,6,6,6,6,NA,NA,NA,NA,2011-09-10 10:51:00,0
2011-09-10 12:00:00,WIND,600702,1,HCM,1,18974,1011,150,21,150,29,1059,6,6,6,6,6,NA,NA,NA,NA,2011-09-10 11:51:00,0
2011-09-10 13:00:00,WIND,600702,1,HCM,1,18974,1011,160,20,150,26,1157,6,6,6,6,6,NA,NA,NA,NA,2011-09-10 12:51:00,0
2011-09-10 14:00:00,WIND,600702,1,HCM,1,18974,1011,160,18,160,24,1342,6,6,6,6,6,NA,NA,NA,NA,2011-09-10 13:51:00,0
2011-09-10 15:00:00,WIND,600702,1,HCM,1,18974,1011,160,17,160,25,1350,6,6,6,6,6,NA,NA,NA,NA,2011-09-10 14:51:00,0
2011-09-10 16:00:00,WIND,600702,1,HCM,1,18974,1011,170,17,170,23,1500,6,6,6,6,6,NA,NA,NA,NA,2011-09-10 15:51:00,0
2011-09-10 17:00:00,WIND,600702,1,HCM,1,18974,1011,170,16,160,21,1634,6,6,6,6,6,NA,NA,NA,NA,2011-09-10 16:51:00,0
2011-09-10 18:00:00,WIND,600702,1,HCM,1,18974,1011,170,17,160,23,1703,6,6,6,6,6,NA,NA,NA,NA,2011-09-10 17:51:00,0
2011-09-10 19:00:00,WIND,600702,1,HCM,1,18974,1011,200,15,190,29,1832,6,6,6,6,6,NA,NA,NA,NA,2011-09-10 18:51:00,0
2011-09-10 20:00:00,WIND,600702,1,HCM,1,18974,1011,180,20,190,27,1910,6,6,6,6,6,NA,NA,NA,NA,2011-09-10 19:51:00,0
2011-09-10 21:00:00,WIND,600702,1,HCM,1,18974,1011,180,21,190,29,1959,6,6,6,6,6,NA,NA,NA,NA,2011-09-10 20:54:00,0
2011-09-10 22:00:00,WIND,600702,1,HCM,1,18974,1011,190,23,190,33,2135,6,6,6,6,6,NA,NA,NA,NA,2011-09-10 21:51:00,0
2011-09-10 23:00:00,WIND,600702,1,HCM,1,18974,1011,190,23,190,34,2242,6,6,6,6,6,NA,NA,NA,NA,2011-09-10 22:51:00,0
2011-09-11 00:00:00,WIND,600702,1,HCM,1,18974,1011,180,22,190,31,2332,6,6,6,6,6,NA,NA,NA,NA,2011-09-10 23:51:00,0
2011-09-11 01:00:00,WIND,600702,1,HCM,1,18974,1011,190,24,180,33,49,6,6,6,6,6,NA,NA,NA,NA,2011-09-11 00:51:00,0
2011-09-11 02:00:00,WIND,600702,1,HCM,1,18974,1011,180,24,190,34,54,6,6,6,6,6,NA,NA,NA,NA,2011-09-11 01:51:00,0
2011-09-11 03:00:00,WIND,600702,1,HCM,1,18974,1011,180,25,190,37,221,6,6,6,6,6,NA,NA,NA,NA,2011-09-11 02:51:00,0
2011-09-11 04:00:00,WIND,600702,1,HCM,1,18974,1011,180,26,170,35,347,6,6,6,6,6,NA,NA,NA,NA,2011-09-11 03:51:00,0
2011-09-11 05:00:00,WIND,600702,1,HCM,1,18974,1011,180,25,180,35,350,6,6,6,6,6,NA,NA,NA,NA,2011-09-11 04:51:00,0
2011-09-11 06:00:00,WIND,600702,1,HCM,1,18974,1011,170,27,170,38,542,6,6,6,6,6,NA,NA,NA,NA,2011-09-11 05:51:00,0
2011-09-11 07:00:00,WIND,600702,1,HCM,1,18974,1011,180,28,170,39,553,6,6,6,6,6,NA,NA,NA,NA,2011-09-11 06:51:00,0
2011-09-11 08:00:00,WIND,600702,1,HCM,1,18974,1011,190,28,190,40,657,6,6,6,6,6,NA,NA,NA,NA,2011-09-11 07:51:00,0
2011-09-11 09:00:00,WIND,600702,1,HCM,1,18974,1011,190,27,190,36,826,6,6,6,6,6,NA,NA,NA,NA,2011-09-11 08:54:00,0
2011-09-11 10:00:00,WIND,600702,1,HCM,1,18974,1011,190,25,200,35,940,6,6,6,6,6,NA,NA,NA,NA,2011-09-11 09:51:00,0
2011-09-11 11:00:00,WIND,600702,1,HCM,1,18974,1011,200,25,200,34,1003,6,6,6,6,6,NA,NA,NA,NA,2011-09-11 10:51:00,0
2011-09-11 12:00:00,WIND,600702,1,HCM,1,18974,1011,210,21,200,31,1110,6,6,6,6,6,NA,NA,NA,NA,2011-09-11 11:51:00,0
2011-09-11 13:00:00,WIND,600702,1,HCM,1,18974,1011,220,17,230,25,1244,6,6,6,6,6,NA,NA,NA,NA,2011-09-11 12:51:00,0
2011-09-11 14:00:00,WIND,600702,1,HCM,1,18974,1011,230,17,230,24,1328,6,6,6,6,6,NA,NA,NA,NA,2011-09-11 13:51:00,0
2011-09-11 15:00:00,WIND,600702,1,HCM,1,18974,1011,220,18,220,26,1443,6,6,6,6,6,NA,NA,NA,NA,2011-09-11 14:51:00,0
2011-09-11 16:00:00,WIND,600702,1,HCM,1,18974,1011,230,18,220,29,1501,6,6,6,6,6,NA,NA,NA,NA,2011-09-11 15:51:00,0
2011-09-11 17:00:00,WIND,600702,1,HCM,1,18974,1011,230,19,240,28,1635,6,6,6,6,6,NA,NA,NA,NA,2011-09-11 16:51:00,0
2011-09-11 18:00:00,WIND,600702,1,HCM,1,18974,1011,240,21,240,31,1726,6,6,6,6,6,NA,NA,NA,NA,2011-09-11 17:51:00,0
2011-09-11 19:00:00,WIND,600702,1,HCM,1,18974,1011,240,18,240,27,1814,6,6,6,6,6,NA,NA,NA,NA,2011-09-11 18:51:00,0
2011-09-11 20:00:00,WIND,600702,1,HCM,1,18974,1011,240,18,230,29,1937,6,6,6,6,6,NA,NA,NA,NA,2011-09-11 19:51:00,0
2011-09-11 21:00:00,WIND,600702,1,HCM,1,18974,1011,230,20,230,29,2043,6,6,6,6,6,NA,NA,NA,NA,2011-09-11 20:53:00,0
2011-09-11 22:00:00,WIND,600702,1,HCM,1,18974,1011,220,17,230,30,2055,6,6,6,6,6,NA,NA,NA,NA,2011-09-11 21:51:00,0
2011-09-11 23:00:00,WIND,600702,1,HCM,1,18974,1011,220,14,220,25,2152,6,6,6,6,6,NA,NA,NA,NA,2011-09-11 22:51:00,0
2011-09-12 00:00:00,WIND,600702,1,HCM,1,18974,1011,180,18,180,27,2334,6,6,6,6,6,NA,NA,NA,NA,2011-09-11 23:51:00,0
2011-09-12 01:00:00,WIND,600702,1,HCM,1,18974,1011,170,21,170,29,19,6,6,6,6,6,NA,NA,NA,NA,2011-09-12 00:51:00,0
2011-09-12 02:00:00,WIND,600702,1,HCM,1,18974,1011,160,22,160,30,134,6,6,6,6,6,NA,NA,NA,NA,2011-09-12 01:51:00,0
2011-09-12 03:00:00,WIND,600702,1,HCM,1,18974,1011,140,23,140,31,240,6,6,6,6,6,NA,NA,NA,NA,2011-09-12 02:51:00,0
2011-09-12 04:00:00,WIND,600702,1,HCM,1,18974,1011,140,25,140,35,312,6,6,6,6,6,NA,NA,NA,NA,2011-09-12 03:51:00,0
2011-09-12 05:00:00,WIND,600702,1,HCM,1,18974,1011,160,21,140,31,352,6,6,6,6,6,NA,NA,NA,NA,2011-09-12 04:51:00,0
2011-09-12 06:00:00,WIND,600702,1,HCM,1,18974,1011,190,20,190,29,459,6,6,6,6,6,NA,NA,NA,NA,2011-09-12 05:51:00,0
2011-09-12 07:00:00,WIND,600702,1,HCM,1,18974,1011,200,21,220,38,635,6,6,6,6,6,NA,NA,NA,NA,2011-09-12 06:51:00,0
2011-09-12 08:00:00,WIND,600702,1,HCM,1,18974,1011,210,26,210,38,716,6,6,6,6,6,NA,NA,NA,NA,2011-09-12 07:51:00,0
2011-09-12 09:00:00,WIND,600702,1,HCM,1,18974,1011,200,25,200,34,817,6,6,6,6,6,NA,NA,NA,NA,2011-09-12 08:54:00,0
2011-09-12 10:00:00,WIND,600702,1,HCM,1,18974,1011,210,26,210,40,853,6,6,6,6,6,NA,NA,NA,NA,2011-09-12 09:51:00,0
2011-09-12 11:00:00,WIND,600702,1,HCM,1,18974,1011,230,24,230,36,950,6,6,6,6,6,NA,NA,NA,NA,2011-09-12 10:51:00,0
2011-09-12 12:00:00,WIND,600702,1,HCM,1,18974,1011,240,23,250,34,1112,6,6,6,6,6,NA,NA,NA,NA,2011-09-12 11:51:00,0
2011-09-12 13:00:00,WIND,600702,1,HCM,1,18974,1011,250,21,250,31,1200,6,6,6,6,6,NA,NA,NA,NA,2011-09-12 12:51:00,0
2011-09-12 14:00:00,WIND,600702,1,HCM,1,18974,1011,250,22,250,32,1309,6,6,6,6,6,NA,NA,NA,NA,2011-09-12 13:51:00,0
2011-09-12 15:00:00,WIND,600702,1,HCM,1,18974,1011,260,23,260,40,1439,6,6,6,6,6,NA,NA,NA,NA,2011-09-12 14:51:00,0
2011-09-12 16:00:00,WIND,600702,1,HCM,1,18974,1011,260,30,260,44,1532,6,6,6,6,6,NA,NA,NA,NA,2011-09-12 15:51:00,0
2011-09-12 17:00:00,WIND,600702,1,HCM,1,18974,1011,260,32,270,45,1613,6,6,6,6,6,NA,NA,NA,NA,2011-09-12 16:51:00,0
2011-09-12 18:00:00,WIND,600702,1,HCM,1,18974,1011,270,33,260,48,1732,6,6,6,6,6,NA,NA,NA,NA,2011-09-12 17:51:00,0
2011-09-12 19:00:00,WIND,600702,1,HCM,1,18974,1011,270,28,270,42,1751,6,6,6,6,6,NA,NA,NA,NA,2011-09-12 18:51:00,0
2011-09-12 20:00:00,WIND,600702,1,HCM,1,18974,1011,270,24,270,34,1858,6,6,6,6,6,NA,NA,NA,NA,2011-09-12 19:51:00,0
2011-09-12 21:00:00,WIND,600702,1,HCM,1,18974,1011,260,25,270,36,2006,6,6,6,6,6,NA,NA,NA,NA,2011-09-12 20:53:00,0
2011-09-12 22:00:00,WIND,600702,1,HCM,1,18974,1011,250,24,250,34,2055,6,6,6,6,6,NA,NA,NA,NA,2011-09-12 21:51:00,0
2011-09-12 23:00:00,WIND,600702,1,HCM,1,18974,1011,260,22,260,32,2153,6,6,6,6,6,NA,NA,NA,NA,2011-09-12 22:51:00,0
2011-09-13 00:00:00,WIND,600702,1,HCM,1,18974,1011,260,23,260,33,2304,6,6,6,6,6,NA,NA,NA,NA,2011-09-12 23:51:00,0
2011-09-13 01:00:00,WIND,600702,1,HCM,1,18974,1011,260,24,250,34,30,6,6,6,6,6,NA,NA,NA,NA,2011-09-13 00:51:00,0
2011-09-13 02:00:00,WIND,600702,1,HCM,1,18974,1011,260,25,260,41,110,6,6,6,6,6,NA,NA,NA,NA,2011-09-13 01:51:00,0
2011-09-13 03:00:00,WIND,600702,1,HCM,1,18974,1011,250,26,260,39,234,6,6,6,6,6,NA,NA,NA,NA,2011-09-13 02:51:00,0
2011-09-13 04:00:00,WIND,600702,1,HCM,1,18974,1011,260,27,250,39,333,6,6,6,6,6,NA,NA,NA,NA,2011-09-13 03:51:00,0
2011-09-13 05:00:00,WIND,600702,1,HCM,1,18974,1011,250,28,250,40,411,6,6,6,6,6,NA,NA,NA,NA,2011-09-13 04:51:00,0
2011-09-13 06:00:00,WIND,600702,1,HCM,1,18974,1011,250,27,250,40,521,6,6,6,6,6,NA,NA,NA,NA,2011-09-13 05:51:00,0
2011-09-13 07:00:00,WIND,600702,1,HCM,1,18974,1011,250,27,250,38,637,6,6,6,6,6,NA,NA,NA,NA,2011-09-13 06:51:00,0
2011-09-13 08:00:00,WIND,600702,1,HCM,1,18974,1011,250,27,250,40,700,6,6,6,6,6,NA,NA,NA,NA,2011-09-13 07:51:00,0
2011-09-13 09:00:00,WIND,600702,1,HCM,1,18974,1011,250,28,250,41,750,6,6,6,6,6,NA,NA,NA,NA,2011-09-13 08:54:00,0
2011-09-13 10:00:00,WIND,600702,1,HCM,1,18974,1011,250,24,250,38,851,6,6,6,6,6,NA,NA,NA,NA,2011-09-13 09:51:00,0
2011-09-13 11:00:00,WIND,600702,1,HCM,1,18974,1011,260,20,270,28,1043,6,6,6,6,6,NA,NA,NA,NA,2011-09-13 10:51:00,0
2011-09-13 12:00:00,WIND,600702,1,HCM,1,18974,1011,270,21,270,31,1127,6,6,6,6,6,NA,NA,NA,NA,2011-09-13 11:52:00,0
2011-09-13 13:00:00,WIND,600702,1,HCM,1,18974,1011,290,17,300,25,1231,6,6,6,6,6,NA,NA,NA,NA,2011-09-13 12:51:00,0
2011-09-13 14:00:00,WIND,600702,1,HCM,1,18974,1011,300,18,300,25,1257,6,6,6,6,6,NA,NA,NA,NA,2011-09-13 13:52:00,0
2011-09-13 15:00:00,WIND,600702,1,HCM,1,18974,1011,290,17,290,25,1431,6,6,6,6,6,NA,NA,NA,NA,2011-09-13 14:51:00,0
2011-09-13 16:00:00,WIND,600702,1,HCM,1,18974,1011,290,16,280,23,1508,6,6,6,6,6,NA,NA,NA,NA,2011-09-13 15:51:00,0
2011-09-13 17:00:00,WIND,600702,1,HCM,1,18974,1011,290,15,290,21,1556,6,6,6,6,6,NA,NA,NA,NA,2011-09-13 16:52:00,0
2011-09-13 18:00:00,WIND,600702,1,HCM,1,18974,1011,300,14,290,21,1749,6,6,6,6,6,NA,NA,NA,NA,2011-09-13 17:52:00,0
2011-09-13 19:00:00,WIND,600702,1,HCM,1,18974,1011,300,15,300,25,1750,6,6,6,6,6,NA,NA,NA,NA,2011-09-13 18:52:00,0
2011-09-13 20:00:00,WIND,600702,1,HCM,1,18974,1011,300,15,310,25,1946,6,6,6,6,6,NA,NA,NA,NA,2011-09-13 19:52:00,0
2011-09-13 21:00:00,WIND,600702,1,HCM,1,18974,1011,330,16,340,22,2043,6,6,6,6,6,NA,NA,NA,NA,2011-09-13 20:54:00,0
2011-09-13 22:00:00,WIND,600702,1,HCM,1,18974,1011,330,15,330,23,2145,6,6,6,6,6,NA,NA,NA,NA,2011-09-13 21:52:00,0
2011-09-13 23:00:00,WIND,600702,1,HCM,1,18974,1011,330,15,320,22,2210,6,6,6,6,6,NA,NA,NA,NA,2011-09-13 22:52:00,0
2011-09-14 00:00:00,WIND,600702,1,HCM,1,18974,1011,330,14,320,21,2305,6,6,6,6,6,NA,NA,NA,NA,2011-09-13 23:52:00,0
2011-09-14 01:00:00,WIND,600702,1,HCM,1,18974,1011,330,12,320,17,2358,6,6,6,6,6,NA,NA,NA,NA,2011-09-14 00:52:00,0
2011-09-14 02:00:00,WIND,600702,1,HCM,1,18974,1011,320,12,330,18,148,6,6,6,6,6,NA,NA,NA,NA,2011-09-14 01:51:00,0
2011-09-14 03:00:00,WIND,600702,1,HCM,1,18974,1011,320,12,330,20,205,6,6,6,6,6,NA,NA,NA,NA,2011-09-14 02:52:00,0
2011-09-14 04:00:00,WIND,600702,1,HCM,1,18974,1011,320,13,310,21,315,6,6,6,6,6,NA,NA,NA,NA,2011-09-14 03:52:00,0
2011-09-14 05:00:00,WIND,600702,1,HCM,1,18974,1011,310,14,320,22,446,6,6,6,6,6,NA,NA,NA,NA,2011-09-14 04:52:00,0
2011-09-14 06:00:00,WIND,600702,1,HCM,1,18974,1011,310,12,310,24,454,6,6,6,6,6,NA,NA,NA,NA,2011-09-14 05:52:00,0
2011-09-14 07:00:00,WIND,600702,1,HCM,1,18974,1011,320,14,310,23,638,6,6,6,6,6,NA,NA,NA,NA,2011-09-14 06:52:00,0
2011-09-14 08:00:00,WIND,600702,1,HCM,1,18974,1011,320,16,310,24,710,6,6,6,6,6,NA,NA,NA,NA,2011-09-14 12:27:00,0
2011-09-14 09:00:00,WIND,600702,1,HCM,1,18974,1011,320,16,320,23,801,6,6,6,6,6,NA,NA,NA,NA,2011-09-14 12:32:00,0
2011-09-14 10:00:00,WIND,600702,1,HCM,1,18974,1011,330,16,310,23,855,6,6,6,6,6,NA,NA,NA,NA,2011-09-14 12:34:00,0
2011-09-14 11:00:00,WIND,600702,1,HCM,1,18974,1011,320,14,320,20,1047,6,6,6,6,6,NA,NA,NA,NA,2011-09-14 12:39:00,0
2011-09-14 12:00:00,WIND,600702,1,HCM,1,18974,1011,320,15,320,21,1140,6,6,6,6,6,NA,NA,NA,NA,2011-09-14 12:40:00,0
2011-09-14 13:00:00,WIND,600702,1,HCM,1,18974,1011,310,17,310,22,1247,6,6,6,6,6,NA,NA,NA,NA,2011-09-14 12:53:00,0
2011-09-14 14:00:00,WIND,600702,1,HCM,1,18974,1011,310,17,300,24,1251,6,6,6,6,6,NA,NA,NA,NA,2011-09-14 13:51:00,0
2011-09-14 15:00:00,WIND,600702,1,HCM,1,18974,1011,320,16,320,22,1433,6,6,6,6,6,NA,NA,NA,NA,2011-09-14 14:51:00,0
2011-09-14 16:00:00,WIND,600702,1,HCM,1,18974,1011,320,15,320,20,1454,6,6,6,6,6,NA,NA,NA,NA,2011-09-14 15:51:00,0
2011-09-14 17:00:00,WIND,600702,1,HCM,1,18974,1011,320,14,320,20,1603,6,6,6,6,6,NA,NA,NA,NA,2011-09-14 16:51:00,0
2011-09-14 18:00:00,WIND,600702,1,HCM,1,18974,1011,330,12,320,17,1720,6,6,6,6,6,NA,NA,NA,NA,2011-09-14 17:51:00,0
2011-09-14 19:00:00,WIND,600702,1,HCM,1,18974,1011,320,10,330,14,1757,6,6,6,6,6,NA,NA,NA,NA,2011-09-14 18:51:00,0
2011-09-14 20:00:00,WIND,600702,1,HCM,1,18974,1011,330,8,320,12,1907,6,6,6,6,6,NA,NA,NA,NA,2011-09-14 19:52:00,0
2011-09-14 21:00:00,WIND,600702,1,HCM,1,18974,1011,330,7,320,9,2002,6,6,6,6,6,NA,NA,NA,NA,2011-09-14 20:54:00,0
2011-09-14 22:00:00,WIND,600702,1,HCM,1,18974,1011,320,6,320,8,2054,6,6,6,6,6,NA,NA,NA,NA,2011-09-14 21:51:00,0
2011-09-14 23:00:00,WIND,600702,1,HCM,1,18974,1011,320,5,330,7,2155,6,6,6,6,6,NA,NA,NA,NA,2011-09-14 22:51:00,0
2011-09-15 00:00:00,WIND,600702,1,HCM,1,18974,1011,290,3,300,5,2256,6,6,6,6,6,NA,NA,NA,NA,2011-09-14 23:51:00,0
2011-09-15 01:00:00,WIND,600702,1,HCM,1,18974,1011,290,2,290,3,2351,6,6,6,6,6,NA,NA,NA,NA,2011-09-15 00:51:00,0
2011-09-15 02:00:00,WIND,600702,1,HCM,1,18974,1011,260,2,250,3,115,6,6,6,6,6,NA,NA,NA,NA,2011-09-15 01:51:00,0
2011-09-15 03:00:00,WIND,600702,1,HCM,1,18974,1011,250,2,250,2,240,6,6,6,6,6,NA,NA,NA,NA,2011-09-15 02:51:00,0
2011-09-15 04:00:00,WIND,600702,1,HCM,1,18974,1011,220,1,210,2,309,6,6,6,6,6,NA,NA,NA,NA,2011-09-15 03:51:00,0
2011-09-15 05:00:00,WIND,600702,1,HCM,1,18974,1011,130,2,110,3,429,6,6,6,6,6,NA,NA,NA,NA,2011-09-15 04:51:00,0
2011-09-15 06:00:00,WIND,600702,1,HCM,1,18974,1011,110,4,130,5,529,6,6,6,6,6,NA,NA,NA,NA,2011-09-15 05:51:00,0
2011-09-15 07:00:00,WIND,600702,1,HCM,1,18974,1011,140,4,160,8,647,6,6,6,6,6,NA,NA,NA,NA,2011-09-15 06:51:00,0
2011-09-15 08:00:00,WIND,600702,1,HCM,1,18974,1011,150,8,140,12,748,6,6,6,6,6,NA,NA,NA,NA,2011-09-15 07:51:00,0
2011-09-15 09:00:00,WIND,600702,1,HCM,1,18974,1011,130,10,150,14,849,6,6,6,6,6,NA,NA,NA,NA,2011-09-15 08:54:00,0
2011-09-15 10:00:00,WIND,600702,1,HCM,1,18974,1011,140,12,140,15,925,6,6,6,6,6,NA,NA,NA,NA,2011-09-15 09:51:00,0
2011-09-15 11:00:00,WIND,600702,1,HCM,1,18974,1011,150,14,140,18,1049,6,6,6,6,6,NA,NA,NA,NA,2011-09-15 10:51:00,0
2011-09-15 12:00:00,WIND,600702,1,HCM,1,18974,1011,150,14,140,18,1147,6,6,6,6,6,NA,NA,NA,NA,2011-09-15 11:51:00,0
2011-09-15 13:00:00,WIND,600702,1,HCM,1,18974,1011,140,14,130,19,1203,6,6,6,6,6,NA,NA,NA,NA,2011-09-15 12:51:00,0
2011-09-15 14:00:00,WIND,600702,1,HCM,1,18974,1011,150,13,140,17,1338,6,6,6,6,6,NA,NA,NA,NA,2011-09-15 13:51:00,0
2011-09-15 15:00:00,WIND,600702,1,HCM,1,18974,1011,150,13,150,17,1417,6,6,6,6,6,NA,NA,NA,NA,2011-09-15 14:51:00,0
2011-09-15 16:00:00,WIND,600702,1,HCM,1,18974,1011,140,12,150,16,1522,6,6,6,6,6,NA,NA,NA,NA,2011-09-15 15:51:00,0
2011-09-15 17:00:00,WIND,600702,1,HCM,1,18974,1011,140,11,140,15,1646,6,6,6,6,6,NA,NA,NA,NA,2011-09-15 16:51:00,0
2011-09-15 18:00:00,WIND,600702,1,HCM,1,18974,1011,140,13,140,18,1733,6,6,6,6,6,NA,NA,NA,NA,2011-09-15 17:51:00,0
2011-09-15 19:00:00,WIND,600702,1,HCM,1,18974,1011,140,13,140,18,1812,6,6,6,6,6,NA,NA,NA,NA,2011-09-15 18:51:00,0
2011-09-15 20:00:00,WIND,600702,1,HCM,1,18974,1011,140,14,150,19,1927,6,6,6,6,6,NA,NA,NA,NA,2011-09-15 19:51:00,0
2011-09-15 21:00:00,WIND,600702,1,HCM,1,18974,1011,150,15,160,21,2043,6,6,6,6,6,NA,NA,NA,NA,2011-09-15 20:54:00,0
2011-09-15 22:00:00,WIND,600702,1,HCM,1,18974,1011,160,14,160,19,2054,6,6,6,6,6,NA,NA,NA,NA,2011-09-15 21:51:00,0
2011-09-15 23:00:00,WIND,600702,1,HCM,1,18974,1011,150,15,150,21,2235,6,6,6,6,6,NA,NA,NA,NA,2011-09-15 22:51:00,0
2011-09-16 00:00:00,WIND,600702,1,HCM,1,18974,1011,140,18,130,27,2339,6,6,6,6,6,NA,NA,NA,NA,2011-09-15 23:51:00,0
2011-09-16 01:00:00,WIND,600702,1,HCM,1,18974,1011,130,20,140,27,3,6,6,6,6,6,NA,NA,NA,NA,2011-09-16 00:51:00,0
2011-09-16 02:00:00,WIND,600702,1,HCM,1,18974,1011,140,20,130,27,139,6,6,6,6,6,NA,NA,NA,NA,2011-09-16 01:51:00,0
2011-09-16 03:00:00,WIND,600702,1,HCM,1,18974,1011,130,21,130,28,204,6,6,6,6,6,NA,NA,NA,NA,2011-09-16 02:51:00,0
2011-09-16 04:00:00,WIND,600702,1,HCM,1,18974,1011,130,19,140,28,324,6,6,6,6,6,NA,NA,NA,NA,2011-09-16 03:51:00,0
2011-09-16 05:00:00,WIND,600702,1,HCM,1,18974,1011,130,20,130,26,444,6,6,6,6,6,NA,NA,NA,NA,2011-09-16 04:51:00,0
2011-09-16 06:00:00,WIND,600702,1,HCM,1,18974,1011,130,20,130,27,524,6,6,6,6,6,NA,NA,NA,NA,2011-09-16 05:51:00,0
2011-09-16 07:00:00,WIND,600702,1,HCM,1,18974,1011,130,21,130,30,624,6,6,6,6,6,NA,NA,NA,NA,2011-09-16 06:51:00,0
2011-09-16 08:00:00,WIND,600702,1,HCM,1,18974,1011,130,21,130,28,656,6,6,6,6,6,NA,NA,NA,NA,2011-09-16 07:51:00,0
2011-09-16 09:00:00,WIND,600702,1,HCM,1,18974,1011,130,21,130,28,820,6,6,6,6,6,NA,NA,NA,NA,2011-09-16 08:54:00,0
2011-09-16 10:00:00,WIND,600702,1,HCM,1,18974,1011,130,21,130,27,906,6,6,6,6,6,NA,NA,NA,NA,2011-09-16 09:51:00,0
2011-09-16 11:00:00,WIND,600702,1,HCM,1,18974,1011,130,21,140,28,1039,6,6,6,6,6,NA,NA,NA,NA,2011-09-16 10:51:00,0
2011-09-16 12:00:00,WIND,600702,1,HCM,1,18974,1011,140,22,140,28,1106,6,6,6,6,6,NA,NA,NA,NA,2011-09-16 11:51:00,0
2011-09-16 13:00:00,WIND,600702,1,HCM,1,18974,1011,130,20,140,27,1219,6,6,6,6,6,NA,NA,NA,NA,2011-09-16 12:51:00,0
2011-09-16 14:00:00,WIND,600702,1,HCM,1,18974,1011,130,21,130,30,1324,6,6,6,6,6,NA,NA,NA,NA,2011-09-16 13:51:00,0
2011-09-16 15:00:00,WIND,600702,1,HCM,1,18974,1011,130,20,140,28,1420,6,6,6,6,6,NA,NA,NA,NA,2011-09-16 14:51:00,0
2011-09-16 16:00:00,WIND,600702,1,HCM,1,18974,1011,140,20,130,25,1520,6,6,6,6,6,NA,NA,NA,NA,2011-09-16 15:51:00,0
2011-09-16 17:00:00,WIND,600702,1,HCM,1,18974,1011,150,19,140,28,1630,6,6,6,6,6,NA,NA,NA,NA,2011-09-16 16:51:00,0
2011-09-16 18:00:00,WIND,600702,1,HCM,1,18974,1011,140,19,150,26,1725,6,6,6,6,6,NA,NA,NA,NA,2011-09-16 17:51:00,0
2011-09-16 19:00:00,WIND,600702,1,HCM,1,18974,1011,140,15,140,21,1802,6,6,6,6,6,NA,NA,NA,NA,2011-09-16 18:51:00,0
2011-09-16 20:00:00,WIND,600702,1,HCM,1,18974,1011,140,18,150,25,1907,6,6,6,6,6,NA,NA,NA,NA,2011-09-16 19:51:00,0
2011-09-16 21:00:00,WIND,600702,1,HCM,1,18974,1011,130,15,140,20,2039,6,6,6,6,6,NA,NA,NA,NA,2011-09-16 20:53:00,0
2011-09-16 22:00:00,WIND,600702,1,HCM,1,18974,1011,140,14,140,20,2104,6,6,6,6,6,NA,NA,NA,NA,2011-09-16 21:51:00,0
2011-09-16 23:00:00,WIND,600702,1,HCM,1,18974,1011,130,11,120,16,2237,6,6,6,6,6,NA,NA,NA,NA,2011-09-16 22:51:00,0
2011-09-17 00:00:00,WIND,600702,1,HCM,1,18974,1011,120,8,110,13,2319,6,6,6,6,6,NA,NA,NA,NA,2011-09-16 23:51:00,0
2011-09-17 01:00:00,WIND,600702,1,HCM,1,18974,1011,310,9,290,19,2359,6,6,6,6,6,NA,NA,NA,NA,2011-09-17 00:51:00,0
2011-09-17 02:00:00,WIND,600702,1,HCM,1,18974,1011,280,5,270,9,119,6,6,6,6,6,NA,NA,NA,NA,2011-09-17 01:51:00,0
2011-09-17 03:00:00,WIND,600702,1,HCM,1,18974,1011,230,7,260,16,249,6,6,6,6,6,NA,NA,NA,NA,2011-09-17 02:51:00,0
2011-09-17 04:00:00,WIND,600702,1,HCM,1,18974,1011,250,9,270,15,250,6,6,6,6,6,NA,NA,NA,NA,2011-09-17 03:51:00,0
2011-09-17 05:00:00,WIND,600702,1,HCM,1,18974,1011,260,12,250,18,428,6,6,6,6,6,NA,NA,NA,NA,2011-09-17 04:51:00,0
2011-09-17 06:00:00,WIND,600702,1,HCM,1,18974,1011,270,12,270,19,511,6,6,6,6,6,NA,NA,NA,NA,2011-09-17 05:51:00,0
2011-09-17 07:00:00,WIND,600702,1,HCM,1,18974,1011,260,10,270,15,613,6,6,6,6,6,NA,NA,NA,NA,2011-09-17 06:51:00,0
2011-09-17 08:00:00,WIND,600702,1,HCM,1,18974,1011,250,11,250,18,738,6,6,6,6,6,NA,NA,NA,NA,2011-09-17 07:51:00,0
2011-09-17 09:00:00,WIND,600702,1,HCM,1,18974,1011,250,11,270,17,818,6,6,6,6,6,NA,NA,NA,NA,2011-09-17 08:54:00,0
2011-09-17 10:00:00,WIND,600702,1,HCM,1,18974,1011,250,12,250,19,857,6,6,6,6,6,NA,NA,NA,NA,2011-09-17 09:51:00,0
2011-09-17 11:00:00,WIND,600702,1,HCM,1,18974,1011,250,13,260,17,1008,6,6,6,6,6,NA,NA,NA,NA,2011-09-17 10:51:00,0
2011-09-17 12:00:00,WIND,600702,1,HCM,1,18974,1011,240,12,240,17,1121,6,6,6,6,6,NA,NA,NA,NA,2011-09-17 11:51:00,0
2011-09-17 13:00:00,WIND,600702,1,HCM,1,18974,1011,260,12,250,17,1155,6,6,6,6,6,NA,NA,NA,NA,2011-09-17 12:51:00,0
2011-09-17 14:00:00,WIND,600702,1,HCM,1,18974,1011,270,12,260,17,1250,6,6,6,6,6,NA,NA,NA,NA,2011-09-17 13:51:00,0
2011-09-17 15:00:00,WIND,600702,1,HCM,1,18974,1011,260,12,260,17,1440,6,6,6,6,6,NA,NA,NA,NA,2011-09-17 14:51:00,0
2011-09-17 16:00:00,WIND,600702,1,HCM,1,18974,1011,240,12,240,18,1534,6,6,6,6,6,NA,NA,NA,NA,2011-09-17 15:51:00,0
2011-09-17 17:00:00,WIND,600702,1,HCM,1,18974,1011,240,12,240,17,1618,6,6,6,6,6,NA,NA,NA,NA,2011-09-17 16:51:00,0
2011-09-17 18:00:00,WIND,600702,1,HCM,1,18974,1011,220,6,230,11,1653,6,6,6,6,6,NA,NA,NA,NA,2011-09-17 17:51:00,0
2011-09-17 19:00:00,WIND,600702,1,HCM,1,18974,1011,140,3,90,5,1838,6,6,6,6,6,NA,NA,NA,NA,2011-09-17 18:51:00,0
2011-09-17 20:00:00,WIND,600702,1,HCM,1,18974,1011,70,6,60,9,1930,6,6,6,6,6,NA,NA,NA,NA,2011-09-17 19:51:00,0
2011-09-17 21:00:00,WIND,600702,1,HCM,1,18974,1011,50,8,60,11,2035,6,6,6,6,6,NA,NA,NA,NA,2011-09-17 20:54:00,0
2011-09-17 22:00:00,WIND,600702,1,HCM,1,18974,1011,40,8,40,10,2058,6,6,6,6,6,NA,NA,NA,NA,2011-09-17 21:51:00,0
2011-09-17 23:00:00,WIND,600702,1,HCM,1,18974,1011,10,12,10,20,2243,6,6,6,6,6,NA,NA,NA,NA,2011-09-17 22:51:00,0
2011-09-18 00:00:00,WIND,600702,1,HCM,1,18974,1011,10,17,360,24,2338,6,6,6,6,6,NA,NA,NA,NA,2011-09-17 23:51:00,0
2011-09-18 01:00:00,WIND,600702,1,HCM,1,18974,1011,360,20,10,30,41,6,6,6,6,6,NA,NA,NA,NA,2011-09-18 00:51:00,0
2011-09-18 02:00:00,WIND,600702,1,HCM,1,18974,1011,360,22,10,32,147,6,6,6,6,6,NA,NA,NA,NA,2011-09-18 01:51:00,0
2011-09-18 03:00:00,WIND,600702,1,HCM,1,18974,1011,10,24,10,33,211,6,6,6,6,6,NA,NA,NA,NA,2011-09-18 02:51:00,0
2011-09-18 04:00:00,WIND,600702,1,HCM,1,18974,1011,10,24,10,32,301,6,6,6,6,6,NA,NA,NA,NA,2011-09-18 03:51:00,0
2011-09-18 05:00:00,WIND,600702,1,HCM,1,18974,1011,10,23,10,32,415,6,6,6,6,6,NA,NA,NA,NA,2011-09-18 04:51:00,0
2011-09-18 06:00:00,WIND,600702,1,HCM,1,18974,1011,10,21,10,29,453,6,6,6,6,6,NA,NA,NA,NA,2011-09-18 05:51:00,0
2011-09-18 07:00:00,WIND,600702,1,HCM,1,18974,1011,10,18,10,25,632,6,6,6,6,6,NA,NA,NA,NA,2011-09-18 06:51:00,0
2011-09-18 08:00:00,WIND,600702,1,HCM,1,18974,1011,10,17,360,25,658,6,6,6,6,6,NA,NA,NA,NA,2011-09-18 07:51:00,0
2011-09-18 09:00:00,WIND,600702,1,HCM,1,18974,1011,10,18,360,25,845,6,6,6,6,6,NA,NA,NA,NA,2011-09-18 08:54:00,0
2011-09-18 10:00:00,WIND,600702,1,HCM,1,18974,1011,10,17,10,24,904,6,6,6,6,6,NA,NA,NA,NA,2011-09-18 09:51:00,0
2011-09-18 11:00:00,WIND,600702,1,HCM,1,18974,1011,20,16,10,21,958,6,6,6,6,6,NA,NA,NA,NA,2011-09-18 10:51:00,0
2011-09-18 12:00:00,WIND,600702,1,HCM,1,18974,1011,10,14,20,19,1054,6,6,6,6,6,NA,NA,NA,NA,2011-09-18 11:51:00,0
2011-09-18 13:00:00,WIND,600702,1,HCM,1,18974,1011,360,14,360,18,1242,6,6,6,6,6,NA,NA,NA,NA,2011-09-18 12:51:00,0
2011-09-18 14:00:00,WIND,600702,1,HCM,1,18974,1011,350,13,350,18,1329,6,6,6,6,6,NA,NA,NA,NA,2011-09-18 13:51:00,0
2011-09-18 15:00:00,WIND,600702,1,HCM,1,18974,1011,360,13,350,17,1357,6,6,6,6,6,NA,NA,NA,NA,2011-09-18 14:51:00,0
2011-09-18 16:00:00,WIND,600702,1,HCM,1,18974,1011,340,13,340,18,1525,6,6,6,6,6,NA,NA,NA,NA,2011-09-18 15:51:00,0
2011-09-18 17:00:00,WIND,600702,1,HCM,1,18974,1011,350,13,330,18,1551,6,6,6,6,6,NA,NA,NA,NA,2011-09-18 16:51:00,0
2011-09-18 18:00:00,WIND,600702,1,HCM,1,18974,1011,330,11,320,15,1735,6,6,6,6,6,NA,NA,NA,NA,2011-09-18 17:51:00,0
2011-09-18 19:00:00,WIND,600702,1,HCM,1,18974,1011,330,9,340,12,1757,6,6,6,6,6,NA,NA,NA,NA,2011-09-18 18:51:00,0
2011-09-18 20:00:00,WIND,600702,1,HCM,1,18974,1011,320,7,320,10,1914,6,6,6,6,6,NA,NA,NA,NA,2011-09-18 19:51:00,0
2011-09-18 21:00:00,WIND,600702,1,HCM,1,18974,1011,320,6,330,9,2011,6,6,6,6,6,NA,NA,NA,NA,2011-09-18 20:53:00,0
2011-09-18 22:00:00,WIND,600702,1,HCM,1,18974,1011,290,6,300,8,2054,6,6,6,6,6,NA,NA,NA,NA,2011-09-18 21:51:00,0
2011-09-18 23:00:00,WIND,600702,1,HCM,1,18974,1011,290,7,290,11,2225,6,6,6,6,6,NA,NA,NA,NA,2011-09-18 22:51:00,0
2011-09-19 00:00:00,WIND,600702,1,HCM,1,18974,1011,270,5,270,11,2344,6,6,6,6,6,NA,NA,NA,NA,2011-09-18 23:51:00,0
2011-09-19 01:00:00,WIND,600702,1,HCM,1,18974,1011,270,7,260,11,34,6,6,6,6,6,NA,NA,NA,NA,2011-09-19 00:51:00,0
2011-09-19 02:00:00,WIND,600702,1,HCM,1,18974,1011,230,4,250,8,52,6,6,6,6,6,NA,NA,NA,NA,2011-09-19 01:51:00,0
2011-09-19 03:00:00,WIND,600702,1,HCM,1,18974,1011,240,6,240,10,233,6,6,6,6,6,NA,NA,NA,NA,2011-09-19 02:51:00,0
2011-09-19 04:00:00,WIND,600702,1,HCM,1,18974,1011,210,8,210,12,347,6,6,6,6,6,NA,NA,NA,NA,2011-09-19 03:51:00,0
2011-09-19 05:00:00,WIND,600702,1,HCM,1,18974,1011,200,9,210,14,441,6,6,6,6,6,NA,NA,NA,NA,2011-09-19 04:51:00,0
2011-09-19 06:00:00,WIND,600702,1,HCM,1,18974,1011,210,13,200,21,506,6,6,6,6,6,NA,NA,NA,NA,2011-09-19 05:51:00,0
2011-09-19 07:00:00,WIND,600702,1,HCM,1,18974,1011,190,16,190,22,620,6,6,6,6,6,NA,NA,NA,NA,2011-09-19 06:51:00,0
2011-09-19 08:00:00,WIND,600702,1,HCM,1,18974,1011,190,19,190,26,703,6,6,6,6,6,NA,NA,NA,NA,2011-09-19 07:51:00,0
2011-09-19 09:00:00,WIND,600702,1,HCM,1,18974,1011,200,19,190,27,819,6,6,6,6,6,NA,NA,NA,NA,2011-09-19 08:54:00,0
2011-09-19 10:00:00,WIND,600702,1,HCM,1,18974,1011,270,15,270,21,947,6,6,6,6,6,NA,NA,NA,NA,2011-09-19 09:51:00,0
2011-09-19 11:00:00,WIND,600702,1,HCM,1,18974,1011,270,16,270,23,1044,6,6,6,6,6,NA,NA,NA,NA,2011-09-19 10:52:00,0
2011-09-19 12:00:00,WIND,600702,1,HCM,1,18974,1011,270,16,260,22,1137,6,6,6,6,6,NA,NA,NA,NA,2011-09-19 11:51:00,0
2011-09-19 13:00:00,WIND,600702,1,HCM,1,18974,1011,260,16,260,23,1238,6,6,6,6,6,NA,NA,NA,NA,2011-09-19 12:52:00,0
2011-09-19 14:00:00,WIND,600702,1,HCM,1,18974,1011,250,17,240,25,1330,6,6,6,6,6,NA,NA,NA,NA,2011-09-19 13:51:00,0
2011-09-19 15:00:00,WIND,600702,1,HCM,1,18974,1011,240,15,240,22,1352,6,6,6,6,6,NA,NA,NA,NA,2011-09-19 14:52:00,0
2011-09-19 16:00:00,WIND,600702,1,HCM,1,18974,1011,240,15,240,21,1533,6,6,6,6,6,NA,NA,NA,NA,2011-09-19 15:51:00,0
2011-09-19 17:00:00,WIND,600702,1,HCM,1,18974,1011,240,15,250,22,1610,6,6,6,6,6,NA,NA,NA,NA,2011-09-19 16:52:00,0
2011-09-19 18:00:00,WIND,600702,1,HCM,1,18974,1011,240,14,240,22,1727,6,6,6,6,6,NA,NA,NA,NA,2011-09-19 17:52:00,0
2011-09-19 19:00:00,WIND,600702,1,HCM,1,18974,1011,230,13,220,20,1823,6,6,6,6,6,NA,NA,NA,NA,2011-09-19 18:51:00,0
2011-09-19 20:00:00,WIND,600702,1,HCM,1,18974,1011,240,15,240,22,1901,6,6,6,6,6,NA,NA,NA,NA,2011-09-19 19:51:00,0
2011-09-19 21:00:00,WIND,600702,1,HCM,1,18974,1011,240,14,230,21,2042,6,6,6,6,6,NA,NA,NA,NA,2011-09-19 20:54:00,0
2011-09-19 22:00:00,WIND,600702,1,HCM,1,18974,1011,230,15,240,25,2050,6,6,6,6,6,NA,NA,NA,NA,2011-09-19 21:51:00,0
2011-09-19 23:00:00,WIND,600702,1,HCM,1,18974,1011,250,15,240,23,2205,6,6,6,6,6,NA,NA,NA,NA,2011-09-19 22:51:00,0
2011-09-20 00:00:00,WIND,600702,1,HCM,1,18974,1011,260,16,260,24,2310,6,6,6,6,6,NA,NA,NA,NA,2011-09-19 23:51:00,0
2011-09-20 01:00:00,WIND,600702,1,HCM,1,18974,1011,250,15,250,26,2357,6,6,6,6,6,NA,NA,NA,NA,2011-09-20 00:51:00,0
2011-09-20 02:00:00,WIND,600702,1,HCM,1,18974,1011,250,14,250,23,138,6,6,6,6,6,NA,NA,NA,NA,2011-09-20 01:51:00,0
2011-09-20 03:00:00,WIND,600702,1,HCM,1,18974,1011,260,14,260,25,153,6,6,6,6,6,NA,NA,NA,NA,2011-09-20 02:51:00,0
2011-09-20 04:00:00,WIND,600702,1,HCM,1,18974,1011,250,14,250,20,326,6,6,6,6,6,NA,NA,NA,NA,2011-09-20 03:51:00,0
2011-09-20 05:00:00,WIND,600702,1,HCM,1,18974,1011,250,14,250,22,430,6,6,6,6,6,NA,NA,NA,NA,2011-09-20 04:51:00,0
2011-09-20 06:00:00,WIND,600702,1,HCM,1,18974,1011,240,14,250,22,512,6,6,6,6,6,NA,NA,NA,NA,2011-09-20 05:51:00,0
2011-09-20 07:00:00,WIND,600702,1,HCM,1,18974,1011,250,14,270,23,644,6,6,6,6,6,NA,NA,NA,NA,2011-09-20 06:51:00,0
2011-09-20 08:00:00,WIND,600702,1,HCM,1,18974,1011,240,15,240,28,749,6,6,6,6,6,NA,NA,NA,NA,2011-09-20 07:51:00,0
2011-09-20 09:00:00,WIND,600702,1,HCM,1,18974,1011,230,14,230,26,752,6,6,6,6,6,NA,NA,NA,NA,2011-09-20 08:54:00,0
2011-09-20 10:00:00,WIND,600702,1,HCM,1,18974,1011,230,18,240,28,947,6,6,6,6,6,NA,NA,NA,NA,2011-09-20 09:52:00,0
2011-09-20 11:00:00,WIND,600702,1,HCM,1,18974,1011,240,20,240,28,1024,6,6,6,6,6,NA,NA,NA,NA,2011-09-20 10:51:00,0
2011-09-20 12:00:00,WIND,600702,1,HCM,1,18974,1011,240,20,240,33,1121,6,6,6,6,6,NA,NA,NA,NA,2011-09-20 11:51:00,0
2011-09-20 13:00:00,WIND,600702,1,HCM,1,18974,1011,230,21,240,31,1238,6,6,6,6,6,NA,NA,NA,NA,2011-09-20 12:51:00,0
2011-09-20 14:00:00,WIND,600702,1,HCM,1,18974,1011,240,19,240,30,1320,6,6,6,6,6,NA,NA,NA,NA,2011-09-20 13:51:00,0
2011-09-20 15:00:00,WIND,600702,1,HCM,1,18974,1011,230,19,230,30,1428,6,6,6,6,6,NA,NA,NA,NA,2011-09-20 14:51:00,0
2011-09-20 16:00:00,WIND,600702,1,HCM,1,18974,1011,230,23,230,33,1541,6,6,6,6,6,NA,NA,NA,NA,2011-09-20 15:51:00,0
2011-09-20 17:00:00,WIND,600702,1,HCM,1,18974,1011,230,22,230,34,1644,6,6,6,6,6,NA,NA,NA,NA,2011-09-20 16:51:00,0
2011-09-20 18:00:00,WIND,600702,1,HCM,1,18974,1011,230,21,240,34,1721,6,6,6,6,6,NA,NA,NA,NA,2011-09-20 17:51:00,0
2011-09-20 19:00:00,WIND,600702,1,HCM,1,18974,1011,230,19,230,29,1830,6,6,6,6,6,NA,NA,NA,NA,2011-09-20 18:51:00,0
2011-09-20 20:00:00,WIND,600702,1,HCM,1,18974,1011,230,22,220,33,1926,6,6,6,6,6,NA,NA,NA,NA,2011-09-20 19:51:00,0
2011-09-20 21:00:00,WIND,600702,1,HCM,1,18974,1011,230,21,230,34,2020,6,6,6,6,6,NA,NA,NA,NA,2011-09-20 20:54:00,0
2011-09-20 22:00:00,WIND,600702,1,HCM,1,18974,1011,230,19,230,31,2135,6,6,6,6,6,NA,NA,NA,NA,2011-09-20 21:51:00,0
2011-09-20 23:00:00,WIND,600702,1,HCM,1,18974,1011,220,22,220,33,2217,6,6,6,6,6,NA,NA,NA,NA,2011-09-20 22:51:00,0
2011-09-21 00:00:00,WIND,600702,1,HCM,1,18974,1011,230,22,230,33,2330,6,6,6,6,6,NA,NA,NA,NA,2011-09-20 23:51:00,0
2011-09-21 01:00:00,WIND,600702,1,HCM,1,18974,1011,220,23,220,35,8,6,6,6,6,6,NA,NA,NA,NA,2011-09-21 00:51:00,0
2011-09-21 02:00:00,WIND,600702,1,HCM,1,18974,1011,220,25,220,39,142,6,6,6,6,6,NA,NA,NA,NA,2011-09-21 01:51:00,0
2011-09-21 03:00:00,WIND,600702,1,HCM,1,18974,1011,220,24,210,37,249,6,6,6,6,6,NA,NA,NA,NA,2011-09-21 02:51:00,0
2011-09-21 04:00:00,WIND,600702,1,HCM,1,18974,1011,220,25,220,38,311,6,6,6,6,6,NA,NA,NA,NA,2011-09-21 03:51:00,0
2011-09-21 05:00:00,WIND,600702,1,HCM,1,18974,1011,210,25,220,44,430,6,6,6,6,6,NA,NA,NA,NA,2011-09-21 04:51:00,0
2011-09-21 06:00:00,WIND,600702,1,HCM,1,18974,1011,210,25,210,38,453,6,6,6,6,6,NA,NA,NA,NA,2011-09-21 05:51:00,0
2011-09-21 07:00:00,WIND,600702,1,HCM,1,18974,1011,210,25,230,42,638,6,6,6,6,6,NA,NA,NA,NA,2011-09-21 06:51:00,0
2011-09-21 08:00:00,WIND,600702,1,HCM,1,18974,1011,210,27,210,40,749,6,6,6,6,6,NA,NA,NA,NA,2011-09-21 07:51:00,0
2011-09-21 09:00:00,WIND,600702,1,HCM,1,18974,1011,240,22,230,42,808,6,6,6,6,6,NA,NA,NA,NA,2011-09-21 08:54:00,0
2011-09-21 10:00:00,WIND,600702,1,HCM,1,18974,1011,250,21,240,31,929,6,6,6,6,6,NA,NA,NA,NA,2011-09-21 09:51:00,0
2011-09-21 11:00:00,WIND,600702,1,HCM,1,18974,1011,250,22,250,33,1029,6,6,6,6,6,NA,NA,NA,NA,2011-09-21 10:51:00,0
2011-09-21 12:00:00,WIND,600702,1,HCM,1,18974,1011,260,25,260,36,1131,6,6,6,6,6,NA,NA,NA,NA,2011-09-21 11:51:00,0
2011-09-21 13:00:00,WIND,600702,1,HCM,1,18974,1011,270,24,270,33,1240,6,6,6,6,6,NA,NA,NA,NA,2011-09-21 12:51:00,0
2011-09-21 14:00:00,WIND,600702,1,HCM,1,18974,1011,260,26,270,37,1333,6,6,6,6,6,NA,NA,NA,NA,2011-09-21 13:51:00,0
2011-09-21 15:00:00,WIND,600702,1,HCM,1,18974,1011,260,25,250,36,1439,6,6,6,6,6,NA,NA,NA,NA,2011-09-21 14:51:00,0
2011-09-21 16:00:00,WIND,600702,1,HCM,1,18974,1011,260,26,260,39,1511,6,6,6,6,6,NA,NA,NA,NA,2011-09-21 15:51:00,0
2011-09-21 17:00:00,WIND,600702,1,HCM,1,18974,1011,260,27,250,39,1601,6,6,6,6,6,NA,NA,NA,NA,2011-09-21 16:51:00,0
2011-09-21 18:00:00,WIND,600702,1,HCM,1,18974,1011,260,27,260,38,1702,6,6,6,6,6,NA,NA,NA,NA,2011-09-21 17:51:00,0
2011-09-21 19:00:00,WIND,600702,1,HCM,1,18974,1011,260,26,270,41,1812,6,6,6,6,6,NA,NA,NA,NA,2011-09-21 18:51:00,0
2011-09-21 20:00:00,WIND,600702,1,HCM,1,18974,1011,270,25,270,36,1939,6,6,6,6,6,NA,NA,NA,NA,2011-09-21 19:51:00,0
2011-09-21 21:00:00,WIND,600702,1,HCM,1,18974,1011,270,25,270,36,2022,6,6,6,6,6,NA,NA,NA,NA,2011-09-21 20:54:00,0
2011-09-21 22:00:00,WIND,600702,1,HCM,1,18974,1011,270,23,270,34,2108,6,6,6,6,6,NA,NA,NA,NA,2011-09-21 21:51:00,0
2011-09-21 23:00:00,WIND,600702,1,HCM,1,18974,1011,270,23,280,36,2210,6,6,6,6,6,NA,NA,NA,NA,2011-09-21 22:51:00,0
2011-09-22 00:00:00,WIND,600702,1,HCM,1,18974,1011,280,23,280,35,2312,6,6,6,6,6,NA,NA,NA,NA,2011-09-21 23:51:00,0
2011-09-22 01:00:00,WIND,600702,1,HCM,1,18974,1011,280,24,270,34,44,6,6,6,6,6,NA,NA,NA,NA,2011-09-22 00:51:00,0
2011-09-22 02:00:00,WIND,600702,1,HCM,1,18974,1011,280,20,270,30,137,6,6,6,6,6,NA,NA,NA,NA,2011-09-22 01:51:00,0
2011-09-22 03:00:00,WIND,600702,1,HCM,1,18974,1011,280,21,280,32,201,6,6,6,6,6,NA,NA,NA,NA,2011-09-22 02:51:00,0
2011-09-22 04:00:00,WIND,600702,1,HCM,1,18974,1011,280,20,280,36,250,6,6,6,6,6,NA,NA,NA,NA,2011-09-22 03:51:00,0
2011-09-22 05:00:00,WIND,600702,1,HCM,1,18974,1011,270,19,270,29,400,6,6,6,6,6,NA,NA,NA,NA,2011-09-22 04:51:00,0
2011-09-22 06:00:00,WIND,600702,1,HCM,1,18974,1011,280,19,270,31,500,6,6,6,6,6,NA,NA,NA,NA,2011-09-22 05:51:00,0
2011-09-22 07:00:00,WIND,600702,1,HCM,1,18974,1011,280,18,270,28,631,6,6,6,6,6,NA,NA,NA,NA,2011-09-22 06:51:00,0
2011-09-22 08:00:00,WIND,600702,1,HCM,1,18974,1011,270,19,290,31,722,6,6,6,6,6,NA,NA,NA,NA,2011-09-22 07:53:00,0
2011-09-22 09:00:00,WIND,600702,1,HCM,1,18974,1011,270,20,270,28,820,6,6,6,6,6,NA,NA,NA,NA,2011-09-22 08:54:00,0
2011-09-22 10:00:00,WIND,600702,1,HCM,1,18974,1011,270,20,260,28,851,6,6,6,6,6,NA,NA,NA,NA,2011-09-22 09:51:00,0
2011-09-22 11:00:00,WIND,600702,1,HCM,1,18974,1011,280,18,280,26,955,6,6,6,6,6,NA,NA,NA,NA,2011-09-22 10:51:00,0
2011-09-22 12:00:00,WIND,600702,1,HCM,1,18974,1011,280,17,270,27,1100,6,6,6,6,6,NA,NA,NA,NA,2011-09-22 11:51:00,0
2011-09-22 13:00:00,WIND,600702,1,HCM,1,18974,1011,270,19,260,29,1233,6,6,6,6,6,NA,NA,NA,NA,2011-09-22 12:51:00,0
2011-09-22 14:00:00,WIND,600702,1,HCM,1,18974,1011,260,18,260,27,1303,6,6,6,6,6,NA,NA,NA,NA,2011-09-22 13:51:00,0
2011-09-22 15:00:00,WIND,600702,1,HCM,1,18974,1011,260,16,250,24,1439,6,6,6,6,6,NA,NA,NA,NA,2011-09-22 14:51:00,0
2011-09-22 16:00:00,WIND,600702,1,HCM,1,18974,1011,260,16,260,24,1457,6,6,6,6,6,NA,NA,NA,NA,2011-09-22 15:51:00,0
2011-09-22 17:00:00,WIND,600702,1,HCM,1,18974,1011,250,15,250,22,1622,6,6,6,6,6,NA,NA,NA,NA,2011-09-22 16:51:00,0
2011-09-22 18:00:00,WIND,600702,1,HCM,1,18974,1011,250,13,260,22,1658,6,6,6,6,6,NA,NA,NA,NA,2011-09-22 17:51:00,0
2011-09-22 19:00:00,WIND,600702,1,HCM,1,18974,1011,240,9,240,16,1826,6,6,6,6,6,NA,NA,NA,NA,2011-09-22 18:51:00,0
2011-09-22 20:00:00,WIND,600702,1,HCM,1,18974,1011,240,12,230,19,1943,6,6,6,6,6,NA,NA,NA,NA,2011-09-22 19:51:00,0
2011-09-22 21:00:00,WIND,600702,1,HCM,1,18974,1011,240,14,240,21,2023,6,6,6,6,6,NA,NA,NA,NA,2011-09-22 20:54:00,0
2011-09-22 22:00:00,WIND,600702,1,HCM,1,18974,1011,230,14,220,22,2118,6,6,6,6,6,NA,NA,NA,NA,2011-09-22 21:51:00,0
2011-09-22 23:00:00,WIND,600702,1,HCM,1,18974,1011,230,14,240,21,2150,6,6,6,6,6,NA,NA,NA,NA,2011-09-22 22:51:00,0
2011-09-23 00:00:00,WIND,600702,1,HCM,1,18974,1011,220,15,220,21,2310,6,6,6,6,6,NA,NA,NA,NA,2011-09-22 23:51:00,0
2011-09-23 01:00:00,WIND,600702,1,HCM,1,18974,1011,210,16,210,23,45,6,6,6,6,6,NA,NA,NA,NA,2011-09-23 00:51:00,0
2011-09-23 02:00:00,WIND,600702,1,HCM,1,18974,1011,210,16,200,24,141,6,6,6,6,6,NA,NA,NA,NA,2011-09-23 01:51:00,0
2011-09-23 03:00:00,WIND,600702,1,HCM,1,18974,1011,200,17,190,24,247,6,6,6,6,6,NA,NA,NA,NA,2011-09-23 02:51:00,0
2011-09-23 04:00:00,WIND,600702,1,HCM,1,18974,1011,200,18,210,27,258,6,6,6,6,6,NA,NA,NA,NA,2011-09-23 03:51:00,0
2011-09-23 05:00:00,WIND,600702,1,HCM,1,18974,1011,200,18,190,27,409,6,6,6,6,6,NA,NA,NA,NA,2011-09-23 04:51:00,0
2011-09-23 06:00:00,WIND,600702,1,HCM,1,18974,1011,210,18,210,27,459,6,6,6,6,6,NA,NA,NA,NA,2011-09-23 05:51:00,0
2011-09-23 07:00:00,WIND,600702,1,HCM,1,18974,1011,210,18,220,27,640,6,6,6,6,6,NA,NA,NA,NA,2011-09-23 06:51:00,0
2011-09-23 08:00:00,WIND,600702,1,HCM,1,18974,1011,210,18,210,26,742,6,6,6,6,6,NA,NA,NA,NA,2011-09-23 07:51:00,0
2011-09-23 09:00:00,WIND,600702,1,HCM,1,18974,1011,220,18,220,28,833,6,6,6,6,6,NA,NA,NA,NA,2011-09-23 08:54:00,0
2011-09-23 10:00:00,WIND,600702,1,HCM,1,18974,1011,230,18,220,27,933,6,6,6,6,6,NA,NA,NA,NA,2011-09-23 09:51:00,0
2011-09-23 11:00:00,WIND,600702,1,HCM,1,18974,1011,220,18,220,27,1032,6,6,6,6,6,NA,NA,NA,NA,2011-09-23 10:51:00,0
2011-09-23 12:00:00,WIND,600702,1,HCM,1,18974,1011,200,17,210,24,1051,6,6,6,6,6,NA,NA,NA,NA,2011-09-23 11:51:00,0
2011-09-23 13:00:00,WIND,600702,1,HCM,1,18974,1011,200,17,190,24,1225,6,6,6,6,6,NA,NA,NA,NA,2011-09-23 12:51:00,0
2011-09-23 14:00:00,WIND,600702,1,HCM,1,18974,1011,190,19,200,26,1312,6,6,6,6,6,NA,NA,NA,NA,2011-09-23 13:51:00,0
2011-09-23 15:00:00,WIND,600702,1,HCM,1,18974,1011,190,21,190,28,1404,6,6,6,6,6,NA,NA,NA,NA,2011-09-23 14:51:00,0
2011-09-23 16:00:00,WIND,600702,1,HCM,1,18974,1011,180,19,180,26,1452,6,6,6,6,6,NA,NA,NA,NA,2011-09-23 15:51:00,0
2011-09-23 17:00:00,WIND,600702,1,HCM,1,18974,1011,180,18,180,25,1612,6,6,6,6,6,NA,NA,NA,NA,2011-09-23 16:51:00,0
2011-09-23 18:00:00,WIND,600702,1,HCM,1,18974,1011,170,17,180,25,1657,6,6,6,6,6,NA,NA,NA,NA,2011-09-23 17:51:00,0
2011-09-23 19:00:00,WIND,600702,1,HCM,1,18974,1011,180,19,190,26,1839,6,6,6,6,6,NA,NA,NA,NA,2011-09-23 18:51:00,0
2011-09-23 20:00:00,WIND,600702,1,HCM,1,18974,1011,170,20,170,29,1945,6,6,6,6,6,NA,NA,NA,NA,2011-09-23 19:51:00,0
2011-09-23 21:00:00,WIND,600702,1,HCM,1,18974,1011,170,23,170,32,2031,6,6,6,6,6,NA,NA,NA,NA,2011-09-23 20:54:00,0
2011-09-23 22:00:00,WIND,600702,1,HCM,1,18974,1011,180,23,180,31,2139,6,6,6,6,6,NA,NA,NA,NA,2011-09-23 21:51:00,0
2011-09-23 23:00:00,WIND,600702,1,HCM,1,18974,1011,180,23,190,32,2227,6,6,6,6,6,NA,NA,NA,NA,2011-09-23 22:51:00,0
2011-09-24 00:00:00,WIND,600702,1,HCM,1,18974,1011,190,23,190,32,2318,6,6,6,6,6,NA,NA,NA,NA,2011-09-23 23:53:00,0
2011-09-24 01:00:00,WIND,600702,1,HCM,1,18974,1011,200,23,190,33,20,6,6,6,6,6,NA,NA,NA,NA,2011-09-24 00:52:00,0
2011-09-24 02:00:00,WIND,600702,1,HCM,1,18974,1011,200,19,200,28,50,6,6,6,6,6,NA,NA,NA,NA,2011-09-24 01:51:00,0
2011-09-24 03:00:00,WIND,600702,1,HCM,1,18974,1011,190,21,190,32,244,6,6,6,6,6,NA,NA,NA,NA,2011-09-24 02:51:00,0
2011-09-24 04:00:00,WIND,600702,1,HCM,1,18974,1011,190,23,190,33,316,6,6,6,6,6,NA,NA,NA,NA,2011-09-24 03:51:00,0
2011-09-24 05:00:00,WIND,600702,1,HCM,1,18974,1011,200,20,230,34,449,6,6,6,6,6,NA,NA,NA,NA,2011-09-24 04:51:00,0
2011-09-24 06:00:00,WIND,600702,1,HCM,1,18974,1011,220,21,220,32,452,6,6,6,6,6,NA,NA,NA,NA,2011-09-24 05:51:00,0
2011-09-24 07:00:00,WIND,600702,1,HCM,1,18974,1011,220,21,220,33,642,6,6,6,6,6,NA,NA,NA,NA,2011-09-24 06:51:00,0
2011-09-24 08:00:00,WIND,600702,1,HCM,1,18974,1011,230,19,230,35,650,6,6,6,6,6,NA,NA,NA,NA,2011-09-24 07:51:00,0
2011-09-24 09:00:00,WIND,600702,1,HCM,1,18974,1011,220,19,230,27,842,6,6,6,6,6,NA,NA,NA,NA,2011-09-24 08:55:00,0
2011-09-24 10:00:00,WIND,600702,1,HCM,1,18974,1011,220,19,210,30,941,6,6,6,6,6,NA,NA,NA,NA,2011-09-24 09:51:00,0
2011-09-24 11:00:00,WIND,600702,1,HCM,1,18974,1011,210,19,230,27,1038,6,6,6,6,6,NA,NA,NA,NA,2011-09-24 10:51:00,0
2011-09-24 12:00:00,WIND,600702,1,HCM,1,18974,1011,210,19,220,28,1056,6,6,6,6,6,NA,NA,NA,NA,2011-09-24 11:51:00,0
2011-09-24 13:00:00,WIND,600702,1,HCM,1,18974,1011,220,18,220,29,1158,6,6,6,6,6,NA,NA,NA,NA,2011-09-24 12:51:00,0
2011-09-24 14:00:00,WIND,600702,1,HCM,1,18974,1011,210,20,210,30,1306,6,6,6,6,6,NA,NA,NA,NA,2011-09-24 13:51:00,0
2011-09-24 15:00:00,WIND,600702,1,HCM,1,18974,1011,220,19,230,28,1439,6,6,6,6,6,NA,NA,NA,NA,2011-09-24 14:51:00,0
2011-09-24 16:00:00,WIND,600702,1,HCM,1,18974,1011,220,17,220,25,1450,6,6,6,6,6,NA,NA,NA,NA,2011-09-24 15:51:00,0
2011-09-24 17:00:00,WIND,600702,1,HCM,1,18974,1011,220,14,220,24,1554,6,6,6,6,6,NA,NA,NA,NA,2011-09-24 16:51:00,0
2011-09-24 18:00:00,WIND,600702,1,HCM,1,18974,1011,220,12,220,18,1700,6,6,6,6,6,NA,NA,NA,NA,2011-09-24 17:51:00,0
2011-09-24 19:00:00,WIND,600702,1,HCM,1,18974,1011,210,11,220,18,1752,6,6,6,6,6,NA,NA,NA,NA,2011-09-24 18:51:00,0
2011-09-24 20:00:00,WIND,600702,1,HCM,1,18974,1011,200,12,200,19,1923,6,6,6,6,6,NA,NA,NA,NA,2011-09-24 19:51:00,0
2011-09-24 21:00:00,WIND,600702,1,HCM,1,18974,1011,190,12,180,18,2041,6,6,6,6,6,NA,NA,NA,NA,2011-09-24 20:54:00,0
2011-09-24 22:00:00,WIND,600702,1,HCM,1,18974,1011,180,12,180,18,2144,6,6,6,6,6,NA,NA,NA,NA,2011-09-24 21:51:00,0
2011-09-24 23:00:00,WIND,600702,1,HCM,1,18974,1011,170,13,190,19,2249,6,6,6,6,6,NA,NA,NA,NA,2011-09-24 22:51:00,0
2011-09-25 00:00:00,WIND,600702,1,HCM,1,18974,1011,180,17,190,25,2347,6,6,6,6,6,NA,NA,NA,NA,2011-09-24 23:51:00,0
2011-09-25 01:00:00,WIND,600702,1,HCM,1,18974,1011,190,17,190,24,20,6,6,6,6,6,NA,NA,NA,NA,2011-09-25 00:51:00,0
2011-09-25 02:00:00,WIND,600702,1,HCM,1,18974,1011,180,17,190,25,56,6,6,6,6,6,NA,NA,NA,NA,2011-09-25 01:51:00,0
2011-09-25 03:00:00,WIND,600702,1,HCM,1,18974,1011,180,18,180,24,242,6,6,6,6,6,NA,NA,NA,NA,2011-09-25 02:51:00,0
2011-09-25 04:00:00,WIND,600702,1,HCM,1,18974,1011,180,18,170,25,332,6,6,6,6,6,NA,NA,NA,NA,2011-09-25 03:51:00,0
2011-09-25 05:00:00,WIND,600702,1,HCM,1,18974,1011,180,20,180,29,421,6,6,6,6,6,NA,NA,NA,NA,2011-09-25 04:51:00,0
2011-09-25 06:00:00,WIND,600702,1,HCM,1,18974,1011,170,23,180,35,530,6,6,6,6,6,NA,NA,NA,NA,2011-09-25 05:51:00,0
2011-09-25 07:00:00,WIND,600702,1,HCM,1,18974,1011,180,25,170,34,639,6,6,6,6,6,NA,NA,NA,NA,2011-09-25 06:51:00,0
2011-09-25 08:00:00,WIND,600702,1,HCM,1,18974,1011,170,26,170,36,732,6,6,6,6,6,NA,NA,NA,NA,2011-09-25 07:51:00,0
2011-09-25 09:00:00,WIND,600702,1,HCM,1,18974,1011,180,27,170,36,813,6,6,6,6,6,NA,NA,NA,NA,2011-09-25 08:53:00,0
2011-09-25 10:00:00,WIND,600702,1,HCM,1,18974,1011,180,26,180,35,902,6,6,6,6,6,NA,NA,NA,NA,2011-09-25 09:51:00,0
2011-09-25 11:00:00,WIND,600702,1,HCM,1,18974,1011,180,25,180,34,1000,6,6,6,6,6,NA,NA,NA,NA,2011-09-25 10:51:00,0
2011-09-25 12:00:00,WIND,600702,1,HCM,1,18974,1011,180,25,190,33,1051,6,6,6,6,6,NA,NA,NA,NA,2011-09-25 11:51:00,0
2011-09-25 13:00:00,WIND,600702,1,HCM,1,18974,1011,180,25,190,34,1249,6,6,6,6,6,NA,NA,NA,NA,2011-09-25 12:51:00,0
2011-09-25 14:00:00,WIND,600702,1,HCM,1,18974,1011,190,22,190,33,1346,6,6,6,6,6,NA,NA,NA,NA,2011-09-25 13:51:00,0
2011-09-25 15:00:00,WIND,600702,1,HCM,1,18974,1011,200,19,200,31,1404,6,6,6,6,6,NA,NA,NA,NA,2011-09-25 14:51:00,0
2011-09-25 16:00:00,WIND,600702,1,HCM,1,18974,1011,200,13,200,19,1523,6,6,6,6,6,NA,NA,NA,NA,2011-09-25 15:51:00,0
2011-09-25 17:00:00,WIND,600702,1,HCM,1,18974,1011,200,14,200,19,1629,6,6,6,6,6,NA,NA,NA,NA,2011-09-25 16:51:00,0
2011-09-25 18:00:00,WIND,600702,1,HCM,1,18974,1011,190,13,190,19,1726,6,6,6,6,6,NA,NA,NA,NA,2011-09-25 17:51:00,0
2011-09-25 19:00:00,WIND,600702,1,HCM,1,18974,1011,200,15,190,24,1829,6,6,6,6,6,NA,NA,NA,NA,2011-09-25 18:51:00,0
2011-09-25 20:00:00,WIND,600702,1,HCM,1,18974,1011,220,18,220,28,1925,6,6,6,6,6,NA,NA,NA,NA,2011-09-25 19:51:00,0
2011-09-25 21:00:00,WIND,600702,1,HCM,1,18974,1011,230,24,230,36,2021,6,6,6,6,6,NA,NA,NA,NA,2011-09-25 20:54:00,0
2011-09-25 22:00:00,WIND,600702,1,HCM,1,18974,1011,230,23,240,35,2054,6,6,6,6,6,NA,NA,NA,NA,2011-09-25 21:51:00,0
2011-09-25 23:00:00,WIND,600702,1,HCM,1,18974,1011,240,26,240,40,2222,6,6,6,6,6,NA,NA,NA,NA,2011-09-25 22:51:00,0
2011-09-26 00:00:00,WIND,600702,1,HCM,1,18974,1011,250,24,250,38,2250,6,6,6,6,6,NA,NA,NA,NA,2011-09-25 23:51:00,0
2011-09-26 01:00:00,WIND,600702,1,HCM,1,18974,1011,250,21,250,34,6,6,6,6,6,6,NA,NA,NA,NA,2011-09-26 00:51:00,0
2011-09-26 02:00:00,WIND,600702,1,HCM,1,18974,1011,260,17,250,33,51,6,6,6,6,6,NA,NA,NA,NA,2011-09-26 01:51:00,0
2011-09-26 03:00:00,WIND,600702,1,HCM,1,18974,1011,260,17,260,29,240,6,6,6,6,6,NA,NA,NA,NA,2011-09-26 02:51:00,0
2011-09-26 04:00:00,WIND,600702,1,HCM,1,18974,1011,260,16,260,25,341,6,6,6,6,6,NA,NA,NA,NA,2011-09-26 03:51:00,0
2011-09-26 05:00:00,WIND,600702,1,HCM,1,18974,1011,260,18,260,27,435,6,6,6,6,6,NA,NA,NA,NA,2011-09-26 04:51:00,0
2011-09-26 06:00:00,WIND,600702,1,HCM,1,18974,1011,260,17,270,24,504,6,6,6,6,6,NA,NA,NA,NA,2011-09-26 05:51:00,0
2011-09-26 07:00:00,WIND,600702,1,HCM,1,18974,1011,250,14,260,22,605,6,6,6,6,6,NA,NA,NA,NA,2011-09-26 06:51:00,0
2011-09-26 08:00:00,WIND,600702,1,HCM,1,18974,1011,250,14,260,22,701,6,6,6,6,6,NA,NA,NA,NA,2011-09-26 07:51:00,0
2011-09-26 09:00:00,WIND,600702,1,HCM,1,18974,1011,250,15,260,22,843,6,6,6,6,6,NA,NA,NA,NA,2011-09-26 08:54:00,0
2011-09-26 10:00:00,WIND,600702,1,HCM,1,18974,1011,250,15,240,21,918,6,6,6,6,6,NA,NA,NA,NA,2011-09-26 09:51:00,0
2011-09-26 11:00:00,WIND,600702,1,HCM,1,18974,1011,240,14,240,22,1041,6,6,6,6,6,NA,NA,NA,NA,2011-09-26 10:51:00,0
2011-09-26 12:00:00,WIND,600702,1,HCM,1,18974,1011,240,15,230,21,1128,6,6,6,6,6,NA,NA,NA,NA,2011-09-26 11:51:00,0
2011-09-26 13:00:00,WIND,600702,1,HCM,1,18974,1011,230,15,240,20,1152,6,6,6,6,6,NA,NA,NA,NA,2011-09-26 12:51:00,0
2011-09-26 14:00:00,WIND,600702,1,HCM,1,18974,1011,220,14,230,20,1307,6,6,6,6,6,NA,NA,NA,NA,2011-09-26 13:51:00,0
2011-09-26 15:00:00,WIND,600702,1,HCM,1,18974,1011,220,14,230,21,1427,6,6,6,6,6,NA,NA,NA,NA,2011-09-26 14:51:00,0
2011-09-26 16:00:00,WIND,600702,1,HCM,1,18974,1011,210,13,210,19,1450,6,6,6,6,6,NA,NA,NA,NA,2011-09-26 15:51:00,0
2011-09-26 17:00:00,WIND,600702,1,HCM,1,18974,1011,200,12,200,18,1551,6,6,6,6,6,NA,NA,NA,NA,2011-09-26 16:51:00,0
2011-09-26 18:00:00,WIND,600702,1,HCM,1,18974,1011,180,11,180,16,1713,6,6,6,6,6,NA,NA,NA,NA,2011-09-26 17:51:00,0
2011-09-26 19:00:00,WIND,600702,1,HCM,1,18974,1011,170,14,160,20,1819,6,6,6,6,6,NA,NA,NA,NA,2011-09-26 18:51:00,0
2011-09-26 20:00:00,WIND,600702,1,HCM,1,18974,1011,170,15,170,21,1933,6,6,6,6,6,NA,NA,NA,NA,2011-09-26 19:51:00,0
2011-09-26 21:00:00,WIND,600702,1,HCM,1,18974,1011,180,15,180,22,2007,6,6,6,6,6,NA,NA,NA,NA,2011-09-26 20:54:00,0
2011-09-26 22:00:00,WIND,600702,1,HCM,1,18974,1011,180,17,200,23,2149,6,6,6,6,6,NA,NA,NA,NA,2011-09-26 21:51:00,0
2011-09-26 23:00:00,WIND,600702,1,HCM,1,18974,1011,200,18,200,29,2214,6,6,6,6,6,NA,NA,NA,NA,2011-09-26 22:51:00,0
2011-09-27 00:00:00,WIND,600702,1,HCM,1,18974,1011,190,16,190,23,2334,6,6,6,6,6,NA,NA,NA,NA,2011-09-26 23:51:00,0
2011-09-27 01:00:00,WIND,600702,1,HCM,1,18974,1011,180,19,180,27,45,6,6,6,6,6,NA,NA,NA,NA,2011-09-27 00:51:00,0
2011-09-27 02:00:00,WIND,600702,1,HCM,1,18974,1011,190,20,190,27,111,6,6,6,6,6,NA,NA,NA,NA,2011-09-27 01:51:00,0
2011-09-27 03:00:00,WIND,600702,1,HCM,1,18974,1011,190,19,190,27,233,6,6,6,6,6,NA,NA,NA,NA,2011-09-27 02:51:00,0
2011-09-27 04:00:00,WIND,600702,1,HCM,1,18974,1011,190,19,190,26,251,6,6,6,6,6,NA,NA,NA,NA,2011-09-27 03:51:00,0
2011-09-27 05:00:00,WIND,600702,1,HCM,1,18974,1011,180,20,180,28,432,6,6,6,6,6,NA,NA,NA,NA,2011-09-27 04:51:00,0
2011-09-27 06:00:00,WIND,600702,1,HCM,1,18974,1011,180,21,180,31,501,6,6,6,6,6,NA,NA,NA,NA,2011-09-27 05:51:00,0
2011-09-27 07:00:00,WIND,600702,1,HCM,1,18974,1011,190,23,190,34,624,6,6,6,6,6,NA,NA,NA,NA,2011-09-27 06:51:00,0
2011-09-27 08:00:00,WIND,600702,1,HCM,1,18974,1011,190,21,190,29,651,6,6,6,6,6,NA,NA,NA,NA,2011-09-27 07:51:00,0
2011-09-27 09:00:00,WIND,600702,1,HCM,1,18974,1011,190,21,190,28,816,6,6,6,6,6,NA,NA,NA,NA,2011-09-27 08:53:00,0
2011-09-27 10:00:00,WIND,600702,1,HCM,1,18974,1011,190,22,190,29,938,6,6,6,6,6,NA,NA,NA,NA,2011-09-27 09:51:00,0
2011-09-27 11:00:00,WIND,600702,1,HCM,1,18974,1011,200,22,200,28,1049,6,6,6,6,6,NA,NA,NA,NA,2011-09-27 10:51:00,0
2011-09-27 12:00:00,WIND,600702,1,HCM,1,18974,1011,200,21,200,29,1142,6,6,6,6,6,NA,NA,NA,NA,2011-09-27 11:51:00,0
2011-09-27 13:00:00,WIND,600702,1,HCM,1,18974,1011,200,20,200,29,1206,6,6,6,6,6,NA,NA,NA,NA,2011-09-27 12:51:00,0
2011-09-27 14:00:00,WIND,600702,1,HCM,1,18974,1011,200,19,200,27,1310,6,6,6,6,6,NA,NA,NA,NA,2011-09-27 13:51:00,0
2011-09-27 15:00:00,WIND,600702,1,HCM,1,18974,1011,200,16,200,23,1410,6,6,6,6,6,NA,NA,NA,NA,2011-09-27 14:51:00,0
2011-09-27 16:00:00,WIND,600702,1,HCM,1,18974,1011,190,15,190,20,1459,6,6,6,6,6,NA,NA,NA,NA,2011-09-27 15:51:00,0
2011-09-27 17:00:00,WIND,600702,1,HCM,1,18974,1011,200,15,190,21,1556,6,6,6,6,6,NA,NA,NA,NA,2011-09-27 16:51:00,0
2011-09-27 18:00:00,WIND,600702,1,HCM,1,18974,1011,200,15,200,22,1742,6,6,6,6,6,NA,NA,NA,NA,2011-09-27 17:51:00,0
2011-09-27 19:00:00,WIND,600702,1,HCM,1,18974,1011,190,16,190,23,1813,6,6,6,6,6,NA,NA,NA,NA,2011-09-27 18:51:00,0
2011-09-27 20:00:00,WIND,600702,1,HCM,1,18974,1011,190,16,190,21,1857,6,6,6,6,6,NA,NA,NA,NA,2011-09-27 19:51:00,0
2011-09-27 21:00:00,WIND,600702,1,HCM,1,18974,1011,180,17,180,24,2043,6,6,6,6,6,NA,NA,NA,NA,2011-09-27 20:55:00,0
2011-09-27 22:00:00,WIND,600702,1,HCM,1,18974,1011,170,20,180,28,2148,6,6,6,6,6,NA,NA,NA,NA,2011-09-27 21:51:00,0
2011-09-27 23:00:00,WIND,600702,1,HCM,1,18974,1011,180,23,180,31,2234,6,6,6,6,6,NA,NA,NA,NA,2011-09-27 22:51:00,0
2011-09-28 00:00:00,WIND,600702,1,HCM,1,18974,1011,180,22,190,32,2327,6,6,6,6,6,NA,NA,NA,NA,2011-09-27 23:51:00,0
2011-09-28 01:00:00,WIND,600702,1,HCM,1,18974,1011,180,21,180,27,44,6,6,6,6,6,NA,NA,NA,NA,2011-09-28 00:51:00,0
2011-09-28 02:00:00,WIND,600702,1,HCM,1,18974,1011,180,21,170,28,54,6,6,6,6,6,NA,NA,NA,NA,2011-09-28 01:51:00,0
2011-09-28 03:00:00,WIND,600702,1,HCM,1,18974,1011,170,20,170,27,212,6,6,6,6,6,NA,NA,NA,NA,2011-09-28 02:51:00,0
2011-09-28 04:00:00,WIND,600702,1,HCM,1,18974,1011,180,20,180,28,322,6,6,6,6,6,NA,NA,NA,NA,2011-09-28 03:51:00,0
2011-09-28 05:00:00,WIND,600702,1,HCM,1,18974,1011,170,19,170,26,428,6,6,6,6,6,NA,NA,NA,NA,2011-09-28 04:51:00,0
2011-09-28 06:00:00,WIND,600702,1,HCM,1,18974,1011,170,20,170,27,512,6,6,6,6,6,NA,NA,NA,NA,2011-09-28 05:51:00,0
2011-09-28 07:00:00,WIND,600702,1,HCM,1,18974,1011,160,21,170,30,649,6,6,6,6,6,NA,NA,NA,NA,2011-09-28 06:51:00,0
2011-09-28 08:00:00,WIND,600702,1,HCM,1,18974,1011,170,22,170,30,654,6,6,6,6,6,NA,NA,NA,NA,2011-09-28 07:51:00,0
2011-09-28 09:00:00,WIND,600702,1,HCM,1,18974,1011,170,21,170,28,801,6,6,6,6,6,NA,NA,NA,NA,2011-09-28 08:54:00,0
2011-09-28 10:00:00,WIND,600702,1,HCM,1,18974,1011,170,19,170,26,856,6,6,6,6,6,NA,NA,NA,NA,2011-09-28 09:51:00,0
2011-09-28 11:00:00,WIND,600702,1,HCM,1,18974,1011,170,20,170,27,1021,6,6,6,6,6,NA,NA,NA,NA,2011-09-28 10:51:00,0
2011-09-28 12:00:00,WIND,600702,1,HCM,1,18974,1011,170,22,170,32,1121,6,6,6,6,6,NA,NA,NA,NA,2011-09-28 11:51:00,0
2011-09-28 13:00:00,WIND,600702,1,HCM,1,18974,1011,160,22,170,29,1152,6,6,6,6,6,NA,NA,NA,NA,2011-09-28 12:51:00,0
2011-09-28 14:00:00,WIND,600702,1,HCM,1,18974,1011,160,21,160,27,1312,6,6,6,6,6,NA,NA,NA,NA,2011-09-28 13:51:00,0
2011-09-28 15:00:00,WIND,600702,1,HCM,1,18974,1011,150,22,150,28,1413,6,6,6,6,6,NA,NA,NA,NA,2011-09-28 14:51:00,0
2011-09-28 16:00:00,WIND,600702,1,HCM,1,18974,1011,150,21,160,28,1535,6,6,6,6,6,NA,NA,NA,NA,2011-09-28 15:51:00,0
2011-09-28 17:00:00,WIND,600702,1,HCM,1,18974,1011,160,20,160,27,1645,6,6,6,6,6,NA,NA,NA,NA,2011-09-28 16:51:00,0
2011-09-28 18:00:00,WIND,600702,1,HCM,1,18974,1011,160,19,150,27,1700,6,6,6,6,6,NA,NA,NA,NA,2011-09-28 17:51:00,0
2011-09-28 19:00:00,WIND,600702,1,HCM,1,18974,1011,150,18,160,24,1841,6,6,6,6,6,NA,NA,NA,NA,2011-09-28 18:51:00,0
2011-09-28 20:00:00,WIND,600702,1,HCM,1,18974,1011,150,15,150,24,1851,6,6,6,6,6,NA,NA,NA,NA,2011-09-28 19:51:00,0
2011-09-28 21:00:00,WIND,600702,1,HCM,1,18974,1011,170,17,170,24,2044,6,6,6,6,6,NA,NA,NA,NA,2011-09-28 20:54:00,0
2011-09-28 22:00:00,WIND,600702,1,HCM,1,18974,1011,170,19,170,26,2051,6,6,6,6,6,NA,NA,NA,NA,2011-09-28 21:51:00,0
2011-09-28 23:00:00,WIND,600702,1,HCM,1,18974,1011,170,18,170,25,2154,6,6,6,6,6,NA,NA,NA,NA,2011-09-28 22:51:00,0
2011-09-29 00:00:00,WIND,600702,1,HCM,1,18974,1011,170,15,170,23,2252,6,6,6,6,6,NA,NA,NA,NA,2011-09-28 23:51:00,0
2011-09-29 01:00:00,WIND,600702,1,HCM,1,18974,1011,170,11,170,17,2358,6,6,6,6,6,NA,NA,NA,NA,2011-09-29 00:51:00,0
2011-09-29 02:00:00,WIND,600702,1,HCM,1,18974,1011,150,11,160,15,101,6,6,6,6,6,NA,NA,NA,NA,2011-09-29 01:51:00,0
2011-09-29 03:00:00,WIND,600702,1,HCM,1,18974,1011,140,13,150,23,249,6,6,6,6,6,NA,NA,NA,NA,2011-09-29 02:51:00,0
2011-09-29 04:00:00,WIND,600702,1,HCM,1,18974,1011,150,15,150,21,314,6,6,6,6,6,NA,NA,NA,NA,2011-09-29 03:51:00,0
2011-09-29 05:00:00,WIND,600702,1,HCM,1,18974,1011,150,16,150,23,425,6,6,6,6,6,NA,NA,NA,NA,2011-09-29 04:51:00,0
2011-09-29 06:00:00,WIND,600702,1,HCM,1,18974,1011,160,16,170,24,549,6,6,6,6,6,NA,NA,NA,NA,2011-09-29 05:51:00,0
2011-09-29 07:00:00,WIND,600702,1,HCM,1,18974,1011,170,16,170,22,617,6,6,6,6,6,NA,NA,NA,NA,2011-09-29 06:51:00,0
2011-09-29 08:00:00,WIND,600702,1,HCM,1,18974,1011,170,15,170,21,734,6,6,6,6,6,NA,NA,NA,NA,2011-09-29 07:51:00,0
2011-09-29 09:00:00,WIND,600702,1,HCM,1,18974,1011,190,15,190,20,837,6,6,6,6,6,NA,NA,NA,NA,2011-09-29 08:54:00,0
2011-09-29 10:00:00,WIND,600702,1,HCM,1,18974,1011,210,14,210,21,910,6,6,6,6,6,NA,NA,NA,NA,2011-09-29 09:51:00,0
2011-09-29 11:00:00,WIND,600702,1,HCM,1,18974,1011,200,13,200,18,1017,6,6,6,6,6,NA,NA,NA,NA,2011-09-29 10:51:00,0
2011-09-29 12:00:00,WIND,600702,1,HCM,1,18974,1011,210,12,210,16,1149,6,6,6,6,6,NA,NA,NA,NA,2011-09-29 11:51:00,0
2011-09-29 13:00:00,WIND,600702,1,HCM,1,18974,1011,210,13,230,20,1235,6,6,6,6,6,NA,NA,NA,NA,2011-09-29 12:51:00,0
2011-09-29 14:00:00,WIND,600702,1,HCM,1,18974,1011,210,11,220,17,1250,6,6,6,6,6,NA,NA,NA,NA,2011-09-29 13:51:00,0
2011-09-29 15:00:00,WIND,600702,1,HCM,1,18974,1011,170,8,190,12,1350,6,6,6,6,6,NA,NA,NA,NA,2011-09-29 14:51:00,0
2011-09-29 16:00:00,WIND,600702,1,HCM,1,18974,1011,160,9,160,15,1543,6,6,6,6,6,NA,NA,NA,NA,2011-09-29 15:51:00,0
2011-09-29 17:00:00,WIND,600702,1,HCM,1,18974,1011,160,11,160,16,1558,6,6,6,6,6,NA,NA,NA,NA,2011-09-29 16:51:00,0
2011-09-29 18:00:00,WIND,600702,1,HCM,1,18974,1011,150,14,150,20,1748,6,6,6,6,6,NA,NA,NA,NA,2011-09-29 17:51:00,0
2011-09-29 19:00:00,WIND,600702,1,HCM,1,18974,1011,150,16,140,21,1834,6,6,6,6,6,NA,NA,NA,NA,2011-09-29 18:51:00,0
2011-09-29 20:00:00,WIND,600702,1,HCM,1,18974,1011,160,16,160,22,1924,6,6,6,6,6,NA,NA,NA,NA,2011-09-29 19:51:00,0
2011-09-29 21:00:00,WIND,600702,1,HCM,1,18974,1011,160,15,150,20,2038,6,6,6,6,6,NA,NA,NA,NA,2011-09-29 20:54:00,0
2011-09-29 22:00:00,WIND,600702,1,HCM,1,18974,1011,160,15,170,21,2147,6,6,6,6,6,NA,NA,NA,NA,2011-09-29 21:51:00,0
2011-09-29 23:00:00,WIND,600702,1,HCM,1,18974,1011,150,17,150,23,2245,6,6,6,6,6,NA,NA,NA,NA,2011-09-29 22:51:00,0
2011-09-30 00:00:00,WIND,600702,1,HCM,1,18974,1011,150,17,160,22,2347,6,6,6,6,6,NA,NA,NA,NA,2011-09-29 23:51:00,0
2011-09-30 01:00:00,WIND,600702,1,HCM,1,18974,1011,150,21,150,28,42,6,6,6,6,6,NA,NA,NA,NA,2011-09-30 00:51:00,0
2011-09-30 02:00:00,WIND,600702,1,HCM,1,18974,1011,150,22,150,29,55,6,6,6,6,6,NA,NA,NA,NA,2011-09-30 01:51:00,0
2011-09-30 03:00:00,WIND,600702,1,HCM,1,18974,1011,150,21,150,27,206,6,6,6,6,6,NA,NA,NA,NA,2011-09-30 02:51:00,0
2011-09-30 04:00:00,WIND,600702,1,HCM,1,18974,1011,150,21,160,28,336,6,6,6,6,6,NA,NA,NA,NA,2011-09-30 03:51:00,0
2011-09-30 05:00:00,WIND,600702,1,HCM,1,18974,1011,150,22,150,29,440,6,6,6,6,6,NA,NA,NA,NA,2011-09-30 04:51:00,0
2011-09-30 06:00:00,WIND,600702,1,HCM,1,18974,1011,150,21,150,28,543,6,6,6,6,6,NA,NA,NA,NA,2011-09-30 05:51:00,0
2011-09-30 07:00:00,WIND,600702,1,HCM,1,18974,1011,150,22,150,30,632,6,6,6,6,6,NA,NA,NA,NA,2011-09-30 06:51:00,0
2011-09-30 08:00:00,WIND,600702,1,HCM,1,18974,1011,150,21,150,29,713,6,6,6,6,6,NA,NA,NA,NA,2011-09-30 07:51:00,0
2011-09-30 09:00:00,WIND,600702,1,HCM,1,18974,1011,150,20,160,28,804,6,6,6,6,6,NA,NA,NA,NA,2011-09-30 08:54:00,0
2011-09-30 10:00:00,WIND,600702,1,HCM,1,18974,1011,160,21,170,29,856,6,6,6,6,6,NA,NA,NA,NA,2011-09-30 09:51:00,0
2011-09-30 11:00:00,WIND,600702,1,HCM,1,18974,1011,170,18,170,28,950,6,6,6,6,6,NA,NA,NA,NA,2011-09-30 10:51:00,0
2011-09-30 12:00:00,WIND,600702,1,HCM,1,18974,1011,180,18,180,25,1050,6,6,6,6,6,NA,NA,NA,NA,2011-09-30 11:51:00,0
2011-09-30 13:00:00,WIND,600702,1,HCM,1,18974,1011,180,14,170,23,1155,6,6,6,6,6,NA,NA,NA,NA,2011-09-30 12:51:00,0
2011-09-30 14:00:00,WIND,600702,1,HCM,1,18974,1011,210,12,220,18,1334,6,6,6,6,6,NA,NA,NA,NA,2011-09-30 13:51:00,0
2011-09-30 15:00:00,WIND,600702,1,HCM,1,18974,1011,280,8,250,14,1352,6,6,6,6,6,NA,NA,NA,NA,2011-09-30 14:51:00,0
2011-09-30 16:00:00,WIND,600702,1,HCM,1,18974,1011,290,6,270,10,1452,6,6,6,6,6,NA,NA,NA,NA,2011-09-30 15:51:00,0
2011-09-30 17:00:00,WIND,600702,1,HCM,1,18974,1011,280,6,260,10,1649,6,6,6,6,6,NA,NA,NA,NA,2011-09-30 16:51:00,0
2011-09-30 18:00:00,WIND,600702,1,HCM,1,18974,1011,270,6,280,10,1657,6,6,6,6,6,NA,NA,NA,NA,2011-09-30 17:51:00,0
2011-09-30 19:00:00,WIND,600702,1,HCM,1,18974,1011,280,5,280,8,1849,6,6,6,6,6,NA,NA,NA,NA,2011-09-30 18:51:00,0
2011-09-30 20:00:00,WIND,600702,1,HCM,1,18974,1011,290,6,290,9,1911,6,6,6,6,6,NA,NA,NA,NA,2011-09-30 19:51:00,0
2011-09-30 21:00:00,WIND,600702,1,HCM,1,18974,1011,300,5,290,7,2026,6,6,6,6,6,NA,NA,NA,NA,2011-09-30 20:54:00,0
2011-09-30 22:00:00,WIND,600702,1,HCM,1,18974,1011,310,5,310,7,2119,6,6,6,6,6,NA,NA,NA,NA,2011-09-30 21:51:00,0
2011-09-30 23:00:00,WIND,600702,1,HCM,1,18974,1011,320,4,310,5,2226,6,6,6,6,6,NA,NA,NA,NA,2011-09-30 22:51:00,0
2011-10-01 00:00:00,WIND,600702,1,HCM,1,18974,1011,320,6,310,7,2349,6,6,6,6,6,NA,NA,NA,NA,2011-09-30 23:51:00,0
2011-10-01 01:00:00,WIND,600702,1,HCM,1,18974,1011,320,6,320,8,2354,6,6,6,6,6,NA,NA,NA,NA,2011-10-01 00:51:00,0
2011-10-01 02:00:00,WIND,600702,1,HCM,1,18974,1011,330,6,320,8,125,6,6,6,6,6,NA,NA,NA,NA,2011-10-01 01:51:00,0
2011-10-01 03:00:00,WIND,600702,1,HCM,1,18974,1011,340,6,330,7,216,6,6,6,6,6,NA,NA,NA,NA,2011-10-01 02:51:00,0
2011-10-01 04:00:00,WIND,600702,1,HCM,1,18974,1011,350,6,350,8,339,6,6,6,6,6,NA,NA,NA,NA,2011-10-01 03:51:00,0
2011-10-01 05:00:00,WIND,600702,1,HCM,1,18974,1011,350,6,350,7,441,6,6,6,6,6,NA,NA,NA,NA,2011-10-01 04:51:00,0
2011-10-01 06:00:00,WIND,600702,1,HCM,1,18974,1011,360,6,360,8,458,6,6,6,6,6,NA,NA,NA,NA,2011-10-01 05:51:00,0
2011-10-01 07:00:00,WIND,600702,1,HCM,1,18974,1011,360,5,10,7,602,6,6,6,6,6,NA,NA,NA,NA,2011-10-01 06:53:00,0
2011-10-01 08:00:00,WIND,600702,1,HCM,1,18974,1011,360,6,10,8,735,6,6,6,6,6,NA,NA,NA,NA,2011-10-01 07:51:00,0
2011-10-01 09:00:00,WIND,600702,1,HCM,1,18974,1011,350,6,350,8,826,6,6,6,6,6,NA,NA,NA,NA,2011-10-01 08:54:00,0
2011-10-01 10:00:00,WIND,600702,1,HCM,1,18974,1011,360,7,360,11,857,6,6,6,6,6,NA,NA,NA,NA,2011-10-01 09:51:00,0
2011-10-01 11:00:00,WIND,600702,1,HCM,1,18974,1011,360,7,350,9,1001,6,6,6,6,6,NA,NA,NA,NA,2011-10-01 10:51:00,0
2011-10-01 12:00:00,WIND,600702,1,HCM,1,18974,1011,10,7,10,10,1136,6,6,6,6,6,NA,NA,NA,NA,2011-10-01 11:51:00,0
2011-10-01 13:00:00,WIND,600702,1,HCM,1,18974,1011,20,9,10,15,1225,6,6,6,6,6,NA,NA,NA,NA,2011-10-01 12:51:00,0
2011-10-01 14:00:00,WIND,600702,1,HCM,1,18974,1011,10,9,360,12,1307,6,6,6,6,6,NA,NA,NA,NA,2011-10-01 13:51:00,0
2011-10-01 15:00:00,WIND,600702,1,HCM,1,18974,1011,10,8,360,12,1412,6,6,6,6,6,NA,NA,NA,NA,2011-10-01 14:51:00,0
2011-10-01 16:00:00,WIND,600702,1,HCM,1,18974,1011,340,8,350,11,1513,6,6,6,6,6,NA,NA,NA,NA,2011-10-01 15:51:00,0
2011-10-01 17:00:00,WIND,600702,1,HCM,1,18974,1011,350,9,340,13,1640,6,6,6,6,6,NA,NA,NA,NA,2011-10-01 16:51:00,0
2011-10-01 18:00:00,WIND,600702,1,HCM,1,18974,1011,350,7,350,12,1650,6,6,6,6,6,NA,NA,NA,NA,2011-10-01 17:51:00,0
2011-10-01 19:00:00,WIND,600702,1,HCM,1,18974,1011,350,8,360,10,1815,6,6,6,6,6,NA,NA,NA,NA,2011-10-01 18:51:00,0
2011-10-01 20:00:00,WIND,600702,1,HCM,1,18974,1011,350,8,350,11,1948,6,6,6,6,6,NA,NA,NA,NA,2011-10-01 19:51:00,0
2011-10-01 21:00:00,WIND,600702,1,HCM,1,18974,1011,350,8,350,12,2014,6,6,6,6,6,NA,NA,NA,NA,2011-10-01 20:54:00,0
2011-10-01 22:00:00,WIND,600702,1,HCM,1,18974,1011,10,7,360,12,2055,6,6,6,6,6,NA,NA,NA,NA,2011-10-01 21:51:00,0
2011-10-01 23:00:00,WIND,600702,1,HCM,1,18974,1011,30,5,30,7,2247,6,6,6,6,6,NA,NA,NA,NA,2011-10-01 22:51:00,0
2011-10-02 00:00:00,WIND,600702,1,HCM,1,18974,1011,10,4,20,7,2253,6,6,6,6,6,NA,NA,NA,NA,2011-10-01 23:51:00,0
2011-10-02 01:00:00,WIND,600702,1,HCM,1,18974,1011,350,5,350,7,10,6,6,6,6,6,NA,NA,NA,NA,2011-10-02 00:51:00,0
2011-10-02 02:00:00,WIND,600702,1,HCM,1,18974,1011,360,5,10,7,133,6,6,6,6,6,NA,NA,NA,NA,2011-10-02 01:51:00,0
2011-10-02 03:00:00,WIND,600702,1,HCM,1,18974,1011,10,6,360,9,241,6,6,6,6,6,NA,NA,NA,NA,2011-10-02 02:51:00,0
2011-10-02 04:00:00,WIND,600702,1,HCM,1,18974,1011,10,5,20,7,259,6,6,6,6,6,NA,NA,NA,NA,2011-10-02 03:51:00,0
2011-10-02 05:00:00,WIND,600702,1,HCM,1,18974,1011,360,5,350,7,444,6,6,6,6,6,NA,NA,NA,NA,2011-10-02 04:51:00,0
2011-10-02 06:00:00,WIND,600702,1,HCM,1,18974,1011,20,6,20,9,522,6,6,6,6,6,NA,NA,NA,NA,2011-10-02 05:51:00,0
2011-10-02 07:00:00,WIND,600702,1,HCM,1,18974,1011,50,4,70,7,550,6,6,6,6,6,NA,NA,NA,NA,2011-10-02 06:51:00,0
2011-10-02 08:00:00,WIND,600702,1,HCM,1,18974,1011,30,1,20,3,650,6,6,6,6,6,NA,NA,NA,NA,2011-10-02 07:51:00,0
2011-10-02 09:00:00,WIND,600702,1,HCM,1,18974,1011,50,1,60,3,843,6,6,6,6,6,NA,NA,NA,NA,2011-10-02 08:55:00,0
2011-10-02 10:00:00,WIND,600702,1,HCM,1,18974,1011,30,1,210,4,947,6,6,6,6,6,NA,NA,NA,NA,2011-10-02 09:51:00,0
2011-10-02 11:00:00,WIND,600702,1,HCM,1,18974,1011,180,5,190,8,1040,6,6,6,6,6,NA,NA,NA,NA,2011-10-02 10:51:00,0
2011-10-02 12:00:00,WIND,600702,1,HCM,1,18974,1011,210,6,190,9,1113,6,6,6,6,6,NA,NA,NA,NA,2011-10-02 11:51:00,0
2011-10-02 13:00:00,WIND,600702,1,HCM,1,18974,1011,240,7,230,10,1230,6,6,6,6,6,NA,NA,NA,NA,2011-10-02 12:51:00,0
2011-10-02 14:00:00,WIND,600702,1,HCM,1,18974,1011,230,8,240,14,1344,6,6,6,6,6,NA,NA,NA,NA,2011-10-02 13:51:00,0
2011-10-02 15:00:00,WIND,600702,1,HCM,1,18974,1011,230,9,200,17,1435,6,6,6,6,6,NA,NA,NA,NA,2011-10-02 14:51:00,0
2011-10-02 16:00:00,WIND,600702,1,HCM,1,18974,1011,220,11,220,17,1505,6,6,6,6,6,NA,NA,NA,NA,2011-10-02 15:51:00,0
2011-10-02 17:00:00,WIND,600702,1,HCM,1,18974,1011,210,12,210,18,1639,6,6,6,6,6,NA,NA,NA,NA,2011-10-02 16:51:00,0
2011-10-02 18:00:00,WIND,600702,1,HCM,1,18974,1011,230,13,240,20,1658,6,6,6,6,6,NA,NA,NA,NA,2011-10-02 17:51:00,0
2011-10-02 19:00:00,WIND,600702,1,HCM,1,18974,1011,230,13,240,21,1752,6,6,6,6,6,NA,NA,NA,NA,2011-10-02 18:51:00,0
2011-10-02 20:00:00,WIND,600702,1,HCM,1,18974,1011,220,12,230,19,1932,6,6,6,6,6,NA,NA,NA,NA,2011-10-02 19:51:00,0
2011-10-02 21:00:00,WIND,600702,1,HCM,1,18974,1011,220,14,220,23,2034,6,6,6,6,6,NA,NA,NA,NA,2011-10-02 20:54:00,0
2011-10-02 22:00:00,WIND,600702,1,HCM,1,18974,1011,220,15,230,22,2124,6,6,6,6,6,NA,NA,NA,NA,2011-10-02 21:51:00,0
2011-10-02 23:00:00,WIND,600702,1,HCM,1,18974,1011,220,15,220,23,2245,6,6,6,6,6,NA,NA,NA,NA,2011-10-02 22:51:00,0
2011-10-03 00:00:00,WIND,600702,1,HCM,1,18974,1011,220,18,230,27,2326,6,6,6,6,6,NA,NA,NA,NA,2011-10-02 23:51:00,0
2011-10-03 01:00:00,WIND,600702,1,HCM,1,18974,1011,220,18,220,26,41,6,6,6,6,6,NA,NA,NA,NA,2011-10-03 00:51:00,0
2011-10-03 02:00:00,WIND,600702,1,HCM,1,18974,1011,220,19,220,28,104,6,6,6,6,6,NA,NA,NA,NA,2011-10-03 01:51:00,0
2011-10-03 03:00:00,WIND,600702,1,HCM,1,18974,1011,210,18,220,28,241,6,6,6,6,6,NA,NA,NA,NA,2011-10-03 02:51:00,0
2011-10-03 04:00:00,WIND,600702,1,HCM,1,18974,1011,210,18,220,27,330,6,6,6,6,6,NA,NA,NA,NA,2011-10-03 03:51:00,0
2011-10-03 05:00:00,WIND,600702,1,HCM,1,18974,1011,200,19,200,29,447,6,6,6,6,6,NA,NA,NA,NA,2011-10-03 04:51:00,0
2011-10-03 06:00:00,WIND,600702,1,HCM,1,18974,1011,200,21,200,29,548,6,6,6,6,6,NA,NA,NA,NA,2011-10-03 05:51:00,0
2011-10-03 07:00:00,WIND,600702,1,HCM,1,18974,1011,200,22,200,31,621,6,6,6,6,6,NA,NA,NA,NA,2011-10-03 06:51:00,0
2011-10-03 08:00:00,WIND,600702,1,HCM,1,18974,1011,200,24,200,35,729,6,6,6,6,6,NA,NA,NA,NA,2011-10-03 07:51:00,0
2011-10-03 09:00:00,WIND,600702,1,HCM,1,18974,1011,200,27,200,37,821,6,6,6,6,6,NA,NA,NA,NA,2011-10-03 08:54:00,0
2011-10-03 10:00:00,WIND,600702,1,HCM,1,18974,1011,210,26,230,40,933,6,6,6,6,6,NA,NA,NA,NA,2011-10-03 09:51:00,0
2011-10-03 11:00:00,WIND,600702,1,HCM,1,18974,1011,220,27,220,40,1031,6,6,6,6,6,NA,NA,NA,NA,2011-10-03 10:51:00,0
2011-10-03 12:00:00,WIND,600702,1,HCM,1,18974,1011,250,25,240,44,1106,6,6,6,6,6,NA,NA,NA,NA,2011-10-03 11:51:00,0
2011-10-03 13:00:00,WIND,600702,1,HCM,1,18974,1011,260,26,270,38,1248,6,6,6,6,6,NA,NA,NA,NA,2011-10-03 12:51:00,0
2011-10-03 14:00:00,WIND,600702,1,HCM,1,18974,1011,260,28,250,40,1319,6,6,6,6,6,NA,NA,NA,NA,2011-10-03 13:51:00,0
2011-10-03 15:00:00,WIND,600702,1,HCM,1,18974,1011,260,27,270,37,1350,6,6,6,6,6,NA,NA,NA,NA,2011-10-03 14:51:00,0
2011-10-03 16:00:00,WIND,600702,1,HCM,1,18974,1011,260,26,280,39,1517,6,6,6,6,6,NA,NA,NA,NA,2011-10-03 15:51:00,0
2011-10-03 17:00:00,WIND,600702,1,HCM,1,18974,1011,270,26,270,39,1603,6,6,6,6,6,NA,NA,NA,NA,2011-10-03 16:51:00,0
2011-10-03 18:00:00,WIND,600702,1,HCM,1,18974,1011,270,25,270,38,1721,6,6,6,6,6,NA,NA,NA,NA,2011-10-03 17:51:00,0
2011-10-03 19:00:00,WIND,600702,1,HCM,1,18974,1011,260,24,270,36,1753,6,6,6,6,6,NA,NA,NA,NA,2011-10-03 18:51:00,0
2011-10-03 20:00:00,WIND,600702,1,HCM,1,18974,1011,270,23,270,35,1930,6,6,6,6,6,NA,NA,NA,NA,2011-10-03 19:51:00,0
2011-10-03 21:00:00,WIND,600702,1,HCM,1,18974,1011,260,21,250,31,2007,6,6,6,6,6,NA,NA,NA,NA,2011-10-03 20:54:00,0
2011-10-03 22:00:00,WIND,600702,1,HCM,1,18974,1011,260,20,250,30,2146,6,6,6,6,6,NA,NA,NA,NA,2011-10-03 21:51:00,0
2011-10-03 23:00:00,WIND,600702,1,HCM,1,18974,1011,250,21,250,30,2242,6,6,6,6,6,NA,NA,NA,NA,2011-10-03 22:51:00,0
2011-10-04 00:00:00,WIND,600702,1,HCM,1,18974,1011,250,20,250,31,2326,6,6,6,6,6,NA,NA,NA,NA,2011-10-03 23:51:00,0
2011-10-04 01:00:00,WIND,600702,1,HCM,1,18974,1011,250,20,250,36,49,6,6,6,6,6,NA,NA,NA,NA,2011-10-04 00:51:00,0
2011-10-04 02:00:00,WIND,600702,1,HCM,1,18974,1011,250,22,240,34,124,6,6,6,6,6,NA,NA,NA,NA,2011-10-04 01:51:00,0
2011-10-04 03:00:00,WIND,600702,1,HCM,1,18974,1011,250,24,260,38,206,6,6,6,6,6,NA,NA,NA,NA,2011-10-04 02:51:00,0
2011-10-04 04:00:00,WIND,600702,1,HCM,1,18974,1011,260,25,260,39,331,6,6,6,6,6,NA,NA,NA,NA,2011-10-04 03:51:00,0
2011-10-04 05:00:00,WIND,600702,1,HCM,1,18974,1011,260,23,260,37,420,6,6,6,6,6,NA,NA,NA,NA,2011-10-04 04:51:00,0
2011-10-04 06:00:00,WIND,600702,1,HCM,1,18974,1011,260,22,260,36,524,6,6,6,6,6,NA,NA,NA,NA,2011-10-04 05:51:00,0
2011-10-04 07:00:00,WIND,600702,1,HCM,1,18974,1011,260,23,260,35,558,6,6,6,6,6,NA,NA,NA,NA,2011-10-04 06:51:00,0
2011-10-04 08:00:00,WIND,600702,1,HCM,1,18974,1011,260,21,260,35,656,6,6,6,6,6,NA,NA,NA,NA,2011-10-04 07:51:00,0
2011-10-04 09:00:00,WIND,600702,1,HCM,1,18974,1011,260,21,260,31,753,6,6,6,6,6,NA,NA,NA,NA,2011-10-04 08:54:00,0
2011-10-04 10:00:00,WIND,600702,1,HCM,1,18974,1011,260,22,260,31,926,6,6,6,6,6,NA,NA,NA,NA,2011-10-04 09:51:00,0
2011-10-04 11:00:00,WIND,600702,1,HCM,1,18974,1011,260,21,270,31,1022,6,6,6,6,6,NA,NA,NA,NA,2011-10-04 10:51:00,0
2011-10-04 12:00:00,WIND,600702,1,HCM,1,18974,1011,260,20,260,34,1116,6,6,6,6,6,NA,NA,NA,NA,2011-10-04 11:51:00,0
2011-10-04 13:00:00,WIND,600702,1,HCM,1,18974,1011,260,21,260,29,1200,6,6,6,6,6,NA,NA,NA,NA,2011-10-04 12:52:00,0
2011-10-04 14:00:00,WIND,600702,1,HCM,1,18974,1011,270,17,270,30,1250,6,6,6,6,6,NA,NA,NA,NA,2011-10-04 13:51:00,0
2011-10-04 15:00:00,WIND,600702,1,HCM,1,18974,1011,250,18,260,27,1444,6,6,6,6,6,NA,NA,NA,NA,2011-10-04 14:51:00,0
2011-10-04 16:00:00,WIND,600702,1,HCM,1,18974,1011,250,19,250,27,1509,6,6,6,6,6,NA,NA,NA,NA,2011-10-04 15:51:00,0
2011-10-04 17:00:00,WIND,600702,1,HCM,1,18974,1011,250,17,250,25,1619,6,6,6,6,6,NA,NA,NA,NA,2011-10-04 16:51:00,0
2011-10-04 18:00:00,WIND,600702,1,HCM,1,18974,1011,250,16,250,26,1733,6,6,6,6,6,NA,NA,NA,NA,2011-10-04 17:51:00,0
2011-10-04 19:00:00,WIND,600702,1,HCM,1,18974,1011,240,17,230,24,1849,6,6,6,6,6,NA,NA,NA,NA,2011-10-04 18:51:00,0
2011-10-04 20:00:00,WIND,600702,1,HCM,1,18974,1011,250,18,240,26,1858,6,6,6,6,6,NA,NA,NA,NA,2011-10-04 19:51:00,0
2011-10-04 21:00:00,WIND,600702,1,HCM,1,18974,1011,240,17,240,26,2036,6,6,6,6,6,NA,NA,NA,NA,2011-10-04 20:54:00,0
2011-10-04 22:00:00,WIND,600702,1,HCM,1,18974,1011,240,17,240,25,2100,6,6,6,6,6,NA,NA,NA,NA,2011-10-04 21:51:00,0
2011-10-04 23:00:00,WIND,600702,1,HCM,1,18974,1011,230,14,230,25,2235,6,6,6,6,6,NA,NA,NA,NA,2011-10-04 22:51:00,0
2011-10-05 00:00:00,WIND,600702,1,HCM,1,18974,1011,220,14,200,24,2346,6,6,6,6,6,NA,NA,NA,NA,2011-10-04 23:51:00,0
2011-10-05 01:00:00,WIND,600702,1,HCM,1,18974,1011,200,18,190,27,41,6,6,6,6,6,NA,NA,NA,NA,2011-10-05 00:51:00,0
2011-10-05 02:00:00,WIND,600702,1,HCM,1,18974,1011,200,20,190,27,149,6,6,6,6,6,NA,NA,NA,NA,2011-10-05 01:51:00,0
2011-10-05 03:00:00,WIND,600702,1,HCM,1,18974,1011,210,21,220,29,231,6,6,6,6,6,NA,NA,NA,NA,2011-10-05 02:51:00,0
2011-10-05 04:00:00,WIND,600702,1,HCM,1,18974,1011,230,23,230,35,312,6,6,6,6,6,NA,NA,NA,NA,2011-10-05 03:51:00,0
2011-10-05 05:00:00,WIND,600702,1,HCM,1,18974,1011,230,21,220,30,407,6,6,6,6,6,NA,NA,NA,NA,2011-10-05 04:51:00,0
2011-10-05 06:00:00,WIND,600702,1,HCM,1,18974,1011,230,23,230,32,542,6,6,6,6,6,NA,NA,NA,NA,2011-10-05 05:51:00,0
2011-10-05 07:00:00,WIND,600702,1,HCM,1,18974,1011,230,23,240,34,602,6,6,6,6,6,NA,NA,NA,NA,2011-10-05 06:51:00,0
2011-10-05 08:00:00,WIND,600702,1,HCM,1,18974,1011,240,22,240,32,706,6,6,6,6,6,NA,NA,NA,NA,2011-10-05 07:51:00,0
2011-10-05 09:00:00,WIND,600702,1,HCM,1,18974,1011,230,21,240,31,757,6,6,6,6,6,NA,NA,NA,NA,2011-10-05 08:54:00,0
2011-10-05 10:00:00,WIND,600702,1,HCM,1,18974,1011,230,22,230,34,932,6,6,6,6,6,NA,NA,NA,NA,2011-10-05 09:51:00,0
2011-10-05 11:00:00,WIND,600702,1,HCM,1,18974,1011,240,22,250,32,1036,6,6,6,6,6,NA,NA,NA,NA,2011-10-05 10:51:00,0
2011-10-05 12:00:00,WIND,600702,1,HCM,1,18974,1011,240,23,230,33,1133,6,6,6,6,6,NA,NA,NA,NA,2011-10-05 11:51:00,0
2011-10-05 13:00:00,WIND,600702,1,HCM,1,18974,1011,240,23,250,32,1228,6,6,6,6,6,NA,NA,NA,NA,2011-10-05 12:51:00,0
2011-10-05 14:00:00,WIND,600702,1,HCM,1,18974,1011,260,22,270,34,1334,6,6,6,6,6,NA,NA,NA,NA,2011-10-05 13:51:00,0
2011-10-05 15:00:00,WIND,600702,1,HCM,1,18974,1011,280,20,280,31,1350,6,6,6,6,6,NA,NA,NA,NA,2011-10-05 14:51:00,0
2011-10-05 16:00:00,WIND,600702,1,HCM,1,18974,1011,280,19,280,29,1500,6,6,6,6,6,NA,NA,NA,NA,2011-10-05 15:51:00,0
2011-10-05 17:00:00,WIND,600702,1,HCM,1,18974,1011,280,18,280,27,1601,6,6,6,6,6,NA,NA,NA,NA,2011-10-05 16:51:00,0
2011-10-05 18:00:00,WIND,600702,1,HCM,1,18974,1011,280,17,280,27,1716,6,6,6,6,6,NA,NA,NA,NA,2011-10-05 17:51:00,0
2011-10-05 19:00:00,WIND,600702,1,HCM,1,18974,1011,270,19,280,28,1809,6,6,6,6,6,NA,NA,NA,NA,2011-10-05 18:51:00,0
2011-10-05 20:00:00,WIND,600702,1,HCM,1,18974,1011,260,18,260,31,1937,6,6,6,6,6,NA,NA,NA,NA,2011-10-05 19:51:00,0
2011-10-05 21:00:00,WIND,600702,1,HCM,1,18974,1011,260,21,260,34,1956,6,6,6,6,6,NA,NA,NA,NA,2011-10-05 20:54:00,0
2011-10-05 22:00:00,WIND,600702,1,HCM,1,18974,1011,270,22,270,37,2128,6,6,6,6,6,NA,NA,NA,NA,2011-10-05 21:51:00,0
2011-10-05 23:00:00,WIND,600702,1,HCM,1,18974,1011,280,24,270,38,2242,6,6,6,6,6,NA,NA,NA,NA,2011-10-05 22:51:00,0
2011-10-06 00:00:00,WIND,600702,1,HCM,1,18974,1011,270,21,270,32,2250,6,6,6,6,6,NA,NA,NA,NA,2011-10-05 23:52:00,0
2011-10-06 01:00:00,WIND,600702,1,HCM,1,18974,1011,280,24,270,43,47,6,6,6,6,6,NA,NA,NA,NA,2011-10-06 00:51:00,0
2011-10-06 02:00:00,WIND,600702,1,HCM,1,18974,1011,280,25,290,39,144,6,6,6,6,6,NA,NA,NA,NA,2011-10-06 01:51:00,0
2011-10-06 03:00:00,WIND,600702,1,HCM,1,18974,1011,280,21,280,32,207,6,6,6,6,6,NA,NA,NA,NA,2011-10-06 02:51:00,0
2011-10-06 04:00:00,WIND,600702,1,HCM,1,18974,1011,290,25,290,37,301,6,6,6,6,6,NA,NA,NA,NA,2011-10-06 03:51:00,0
2011-10-06 05:00:00,WIND,600702,1,HCM,1,18974,1011,280,25,300,47,412,6,6,6,6,6,NA,NA,NA,NA,2011-10-06 04:51:00,0
2011-10-06 06:00:00,WIND,600702,1,HCM,1,18974,1011,280,26,280,46,508,6,6,6,6,6,NA,NA,NA,NA,2011-10-06 05:51:00,0
2011-10-06 07:00:00,WIND,600702,1,HCM,1,18974,1011,280,25,280,36,607,6,6,6,6,6,NA,NA,NA,NA,2011-10-06 06:51:00,0
2011-10-06 08:00:00,WIND,600702,1,HCM,1,18974,1011,280,23,300,43,727,6,6,6,6,6,NA,NA,NA,NA,2011-10-06 07:51:00,0
2011-10-06 09:00:00,WIND,600702,1,HCM,1,18974,1011,270,24,270,37,838,6,6,6,6,6,NA,NA,NA,NA,2011-10-06 08:54:00,0
2011-10-06 10:00:00,WIND,600702,1,HCM,1,18974,1011,270,26,280,40,936,6,6,6,6,6,NA,NA,NA,NA,2011-10-06 09:51:00,0
2011-10-06 11:00:00,WIND,600702,1,HCM,1,18974,1011,280,24,280,43,1037,6,6,6,6,6,NA,NA,NA,NA,2011-10-06 10:51:00,0
2011-10-06 12:00:00,WIND,600702,1,HCM,1,18974,1011,280,24,280,38,1134,6,6,6,6,6,NA,NA,NA,NA,2011-10-06 11:51:00,0
2011-10-06 13:00:00,WIND,600702,1,HCM,1,18974,1011,300,26,290,40,1217,6,6,6,6,6,NA,NA,NA,NA,2011-10-06 12:51:00,0
2011-10-06 14:00:00,WIND,600702,1,HCM,1,18974,1011,310,28,310,43,1252,6,6,6,6,6,NA,NA,NA,NA,2011-10-06 13:51:00,0
2011-10-06 15:00:00,WIND,600702,1,HCM,1,18974,1011,320,27,310,45,1409,6,6,6,6,6,NA,NA,NA,NA,2011-10-06 14:51:00,0
2011-10-06 16:00:00,WIND,600702,1,HCM,1,18974,1011,320,29,330,43,1453,6,6,6,6,6,NA,NA,NA,NA,2011-10-06 15:51:00,0
2011-10-06 17:00:00,WIND,600702,1,HCM,1,18974,1011,330,26,320,37,1553,6,6,6,6,6,NA,NA,NA,NA,2011-10-06 16:51:00,0
2011-10-06 18:00:00,WIND,600702,1,HCM,1,18974,1011,330,23,340,35,1705,6,6,6,6,6,NA,NA,NA,NA,2011-10-06 17:51:00,0
2011-10-06 19:00:00,WIND,600702,1,HCM,1,18974,1011,320,21,320,35,1759,6,6,6,6,6,NA,NA,NA,NA,2011-10-06 18:51:00,0
2011-10-06 20:00:00,WIND,600702,1,HCM,1,18974,1011,310,19,310,27,1930,6,6,6,6,6,NA,NA,NA,NA,2011-10-06 19:51:00,0
2011-10-06 21:00:00,WIND,600702,1,HCM,1,18974,1011,320,23,330,35,2048,6,6,6,6,6,NA,NA,NA,NA,2011-10-06 20:54:00,0
2011-10-06 22:00:00,WIND,600702,1,HCM,1,18974,1011,330,24,330,35,2054,6,6,6,6,6,NA,NA,NA,NA,2011-10-06 21:51:00,0
2011-10-06 23:00:00,WIND,600702,1,HCM,1,18974,1011,330,21,330,31,2242,6,6,6,6,6,NA,NA,NA,NA,2011-10-06 22:51:00,0
2011-10-07 00:00:00,WIND,600702,1,HCM,1,18974,1011,330,20,330,32,2258,6,6,6,6,6,NA,NA,NA,NA,2011-10-06 23:53:00,0
2011-10-07 01:00:00,WIND,600702,1,HCM,1,18974,1011,330,20,330,29,5,6,6,6,6,6,NA,NA,NA,NA,2011-10-07 00:51:00,0
2011-10-07 02:00:00,WIND,600702,1,HCM,1,18974,1011,320,19,320,28,133,6,6,6,6,6,NA,NA,NA,NA,2011-10-07 01:51:00,0
2011-10-07 03:00:00,WIND,600702,1,HCM,1,18974,1011,320,19,320,26,221,6,6,6,6,6,NA,NA,NA,NA,2011-10-07 02:51:00,0
2011-10-07 04:00:00,WIND,600702,1,HCM,1,18974,1011,330,19,330,27,312,6,6,6,6,6,NA,NA,NA,NA,2011-10-07 03:51:00,0
2011-10-07 05:00:00,WIND,600702,1,HCM,1,18974,1011,330,17,340,24,429,6,6,6,6,6,NA,NA,NA,NA,2011-10-07 04:51:00,0
2011-10-07 06:00:00,WIND,600702,1,HCM,1,18974,1011,330,15,340,24,524,6,6,6,6,6,NA,NA,NA,NA,2011-10-07 05:51:00,0
2011-10-07 07:00:00,WIND,600702,1,HCM,1,18974,1011,340,15,350,21,612,6,6,6,6,6,NA,NA,NA,NA,2011-10-07 06:51:00,0
2011-10-07 08:00:00,WIND,600702,1,HCM,1,18974,1011,330,14,330,20,650,6,6,6,6,6,NA,NA,NA,NA,2011-10-07 07:51:00,0
2011-10-07 09:00:00,WIND,600702,1,HCM,1,18974,1011,330,14,330,22,828,6,6,6,6,6,NA,NA,NA,NA,2011-10-07 08:54:00,0
2011-10-07 10:00:00,WIND,600702,1,HCM,1,18974,1011,330,14,340,20,931,6,6,6,6,6,NA,NA,NA,NA,2011-10-07 09:51:00,0
2011-10-07 11:00:00,WIND,600702,1,HCM,1,18974,1011,330,14,340,21,957,6,6,6,6,6,NA,NA,NA,NA,2011-10-07 10:51:00,0
2011-10-07 12:00:00,WIND,600702,1,HCM,1,18974,1011,310,15,320,20,1136,6,6,6,6,6,NA,NA,NA,NA,2011-10-07 11:51:00,0
2011-10-07 13:00:00,WIND,600702,1,HCM,1,18974,1011,310,16,320,22,1247,6,6,6,6,6,NA,NA,NA,NA,2011-10-07 12:51:00,0
2011-10-07 14:00:00,WIND,600702,1,HCM,1,18974,1011,320,16,300,23,1349,6,6,6,6,6,NA,NA,NA,NA,2011-10-07 13:51:00,0
2011-10-07 15:00:00,WIND,600702,1,HCM,1,18974,1011,310,17,310,26,1443,6,6,6,6,6,NA,NA,NA,NA,2011-10-07 14:51:00,0
2011-10-07 16:00:00,WIND,600702,1,HCM,1,18974,1011,320,17,310,26,1530,6,6,6,6,6,NA,NA,NA,NA,2011-10-07 15:51:00,0
2011-10-07 17:00:00,WIND,600702,1,HCM,1,18974,1011,310,17,310,23,1559,6,6,6,6,6,NA,NA,NA,NA,2011-10-07 16:51:00,0
2011-10-07 18:00:00,WIND,600702,1,HCM,1,18974,1011,320,16,320,24,1741,6,6,6,6,6,NA,NA,NA,NA,2011-10-07 17:51:00,0
2011-10-07 19:00:00,WIND,600702,1,HCM,1,18974,1011,310,14,310,24,1826,6,6,6,6,6,NA,NA,NA,NA,2011-10-07 18:51:00,0
2011-10-07 20:00:00,WIND,600702,1,HCM,1,18974,1011,310,15,310,24,1936,6,6,6,6,6,NA,NA,NA,NA,2011-10-07 19:51:00,0
2011-10-07 21:00:00,WIND,600702,1,HCM,1,18974,1011,310,14,330,21,2027,6,6,6,6,6,NA,NA,NA,NA,2011-10-07 20:54:00,0
2011-10-07 22:00:00,WIND,600702,1,HCM,1,18974,1011,310,12,300,19,2059,6,6,6,6,6,NA,NA,NA,NA,2011-10-07 21:51:00,0
2011-10-07 23:00:00,WIND,600702,1,HCM,1,18974,1011,290,14,290,22,2240,6,6,6,6,6,NA,NA,NA,NA,2011-10-07 22:51:00,0
2011-10-08 00:00:00,WIND,600702,1,HCM,1,18974,1011,290,13,300,20,2252,6,6,6,6,6,NA,NA,NA,NA,2011-10-07 23:52:00,0
2011-10-08 01:00:00,WIND,600702,1,HCM,1,18974,1011,290,11,280,16,47,6,6,6,6,6,NA,NA,NA,NA,2011-10-08 00:51:00,0
2011-10-08 02:00:00,WIND,600702,1,HCM,1,18974,1011,280,9,290,15,55,6,6,6,6,6,NA,NA,NA,NA,2011-10-08 01:52:00,0
2011-10-08 03:00:00,WIND,600702,1,HCM,1,18974,1011,280,9,290,14,204,6,6,6,6,6,NA,NA,NA,NA,2011-10-08 02:52:00,0
2011-10-08 04:00:00,WIND,600702,1,HCM,1,18974,1011,250,6,260,12,305,6,6,6,6,6,NA,NA,NA,NA,2011-10-08 03:51:00,0
2011-10-08 05:00:00,WIND,600702,1,HCM,1,18974,1011,210,4,220,7,416,6,6,6,6,6,NA,NA,NA,NA,2011-10-08 04:51:00,0
2011-10-08 06:00:00,WIND,600702,1,HCM,1,18974,1011,210,5,190,8,549,6,6,6,6,6,NA,NA,NA,NA,2011-10-08 05:51:00,0
2011-10-08 07:00:00,WIND,600702,1,HCM,1,18974,1011,250,7,280,14,649,6,6,6,6,6,NA,NA,NA,NA,2011-10-08 06:51:00,0
2011-10-08 08:00:00,WIND,600702,1,HCM,1,18974,1011,280,12,290,18,728,6,6,6,6,6,NA,NA,NA,NA,2011-10-08 07:51:00,0
2011-10-08 09:00:00,WIND,600702,1,HCM,1,18974,1011,280,12,290,17,754,6,6,6,6,6,NA,NA,NA,NA,2011-10-08 08:53:00,0
2011-10-08 10:00:00,WIND,600702,1,HCM,1,18974,1011,270,13,270,19,929,6,6,6,6,6,NA,NA,NA,NA,2011-10-08 09:51:00,0
2011-10-08 11:00:00,WIND,600702,1,HCM,1,18974,1011,270,13,270,19,1038,6,6,6,6,6,NA,NA,NA,NA,2011-10-08 10:51:00,0
2011-10-08 12:00:00,WIND,600702,1,HCM,1,18974,1011,270,12,270,17,1103,6,6,6,6,6,NA,NA,NA,NA,2011-10-08 11:51:00,0
2011-10-08 13:00:00,WIND,600702,1,HCM,1,18974,1011,250,12,260,17,1213,6,6,6,6,6,NA,NA,NA,NA,2011-10-08 12:51:00,0
2011-10-08 14:00:00,WIND,600702,1,HCM,1,18974,1011,250,15,250,25,1334,6,6,6,6,6,NA,NA,NA,NA,2011-10-08 13:51:00,0
2011-10-08 15:00:00,WIND,600702,1,HCM,1,18974,1011,250,18,250,27,1447,6,6,6,6,6,NA,NA,NA,NA,2011-10-08 14:51:00,0
2011-10-08 16:00:00,WIND,600702,1,HCM,1,18974,1011,260,17,250,25,1455,6,6,6,6,6,NA,NA,NA,NA,2011-10-08 15:51:00,0
2011-10-08 17:00:00,WIND,600702,1,HCM,1,18974,1011,260,16,260,23,1626,6,6,6,6,6,NA,NA,NA,NA,2011-10-08 16:51:00,0
2011-10-08 18:00:00,WIND,600702,1,HCM,1,18974,1011,260,16,260,23,1741,6,6,6,6,6,NA,NA,NA,NA,2011-10-08 17:51:00,0
2011-10-08 19:00:00,WIND,600702,1,HCM,1,18974,1011,260,17,250,23,1844,6,6,6,6,6,NA,NA,NA,NA,2011-10-08 18:51:00,0
2011-10-08 20:00:00,WIND,600702,1,HCM,1,18974,1011,260,17,270,25,1946,6,6,6,6,6,NA,NA,NA,NA,2011-10-08 19:51:00,0
2011-10-08 21:00:00,WIND,600702,1,HCM,1,18974,1011,260,17,260,24,1954,6,6,6,6,6,NA,NA,NA,NA,2011-10-08 20:53:00,0
2011-10-08 22:00:00,WIND,600702,1,HCM,1,18974,1011,260,16,260,23,2132,6,6,6,6,6,NA,NA,NA,NA,2011-10-08 21:51:00,0
2011-10-08 23:00:00,WIND,600702,1,HCM,1,18974,1011,260,15,260,21,2246,6,6,6,6,6,NA,NA,NA,NA,2011-10-08 22:51:00,0
2011-10-09 00:00:00,WIND,600702,1,HCM,1,18974,1011,260,15,260,21,2337,6,6,6,6,6,NA,NA,NA,NA,2011-10-08 23:51:00,0
2011-10-09 01:00:00,WIND,600702,1,HCM,1,18974,1011,250,15,240,23,38,6,6,6,6,6,NA,NA,NA,NA,2011-10-09 00:51:00,0
2011-10-09 02:00:00,WIND,600702,1,HCM,1,18974,1011,240,17,250,24,136,6,6,6,6,6,NA,NA,NA,NA,2011-10-09 01:51:00,0
2011-10-09 03:00:00,WIND,600702,1,HCM,1,18974,1011,240,19,250,28,246,6,6,6,6,6,NA,NA,NA,NA,2011-10-09 02:51:00,0
2011-10-09 04:00:00,WIND,600702,1,HCM,1,18974,1011,240,20,240,28,324,6,6,6,6,6,NA,NA,NA,NA,2011-10-09 03:51:00,0
2011-10-09 05:00:00,WIND,600702,1,HCM,1,18974,1011,250,20,240,29,412,6,6,6,6,6,NA,NA,NA,NA,2011-10-09 04:51:00,0
2011-10-09 06:00:00,WIND,600702,1,HCM,1,18974,1011,260,19,260,27,505,6,6,6,6,6,NA,NA,NA,NA,2011-10-09 05:51:00,0
2011-10-09 07:00:00,WIND,600702,1,HCM,1,18974,1011,300,13,300,25,612,6,6,6,6,6,NA,NA,NA,NA,2011-10-09 06:51:00,0
2011-10-09 08:00:00,WIND,600702,1,HCM,1,18974,1011,290,7,290,11,749,6,6,6,6,6,NA,NA,NA,NA,2011-10-09 07:51:00,0
2011-10-09 09:00:00,WIND,600702,1,HCM,1,18974,1011,280,10,270,16,847,6,6,6,6,6,NA,NA,NA,NA,2011-10-09 08:54:00,0
2011-10-09 10:00:00,WIND,600702,1,HCM,1,18974,1011,270,13,260,20,940,6,6,6,6,6,NA,NA,NA,NA,2011-10-09 09:51:00,0
2011-10-09 11:00:00,WIND,600702,1,HCM,1,18974,1011,280,15,270,22,954,6,6,6,6,6,NA,NA,NA,NA,2011-10-09 10:51:00,0
2011-10-09 12:00:00,WIND,600702,1,HCM,1,18974,1011,270,15,280,24,1147,6,6,6,6,6,NA,NA,NA,NA,2011-10-09 11:51:00,0
2011-10-09 13:00:00,WIND,600702,1,HCM,1,18974,1011,280,17,260,23,1204,6,6,6,6,6,NA,NA,NA,NA,2011-10-09 12:51:00,0
2011-10-09 14:00:00,WIND,600702,1,HCM,1,18974,1011,270,16,270,22,1309,6,6,6,6,6,NA,NA,NA,NA,2011-10-09 13:51:00,0
2011-10-09 15:00:00,WIND,600702,1,HCM,1,18974,1011,270,15,270,21,1406,6,6,6,6,6,NA,NA,NA,NA,2011-10-09 14:51:00,0
2011-10-09 16:00:00,WIND,600702,1,HCM,1,18974,1011,260,14,260,21,1534,6,6,6,6,6,NA,NA,NA,NA,2011-10-09 15:51:00,0
2011-10-09 17:00:00,WIND,600702,1,HCM,1,18974,1011,260,15,260,22,1618,6,6,6,6,6,NA,NA,NA,NA,2011-10-09 16:51:00,0
2011-10-09 18:00:00,WIND,600702,1,HCM,1,18974,1011,260,15,270,21,1657,6,6,6,6,6,NA,NA,NA,NA,2011-10-09 17:51:00,0
2011-10-09 19:00:00,WIND,600702,1,HCM,1,18974,1011,250,13,260,19,1802,6,6,6,6,6,NA,NA,NA,NA,2011-10-09 18:51:00,0
2011-10-09 20:00:00,WIND,600702,1,HCM,1,18974,1011,250,13,250,20,1908,6,6,6,6,6,NA,NA,NA,NA,2011-10-09 19:51:00,0
2011-10-09 21:00:00,WIND,600702,1,HCM,1,18974,1011,260,13,270,21,2015,6,6,6,6,6,NA,NA,NA,NA,2011-10-09 20:53:00,0
2011-10-09 22:00:00,WIND,600702,1,HCM,1,18974,1011,270,13,270,20,2056,6,6,6,6,6,NA,NA,NA,NA,2011-10-09 21:51:00,0
2011-10-09 23:00:00,WIND,600702,1,HCM,1,18974,1011,270,10,260,16,2222,6,6,6,6,6,NA,NA,NA,NA,2011-10-09 22:51:00,0
2011-10-10 00:00:00,WIND,600702,1,HCM,1,18974,1011,260,6,270,9,2321,6,6,6,6,6,NA,NA,NA,NA,2011-10-09 23:51:00,0
2011-10-10 01:00:00,WIND,600702,1,HCM,1,18974,1011,250,11,250,18,26,6,6,6,6,6,NA,NA,NA,NA,2011-10-10 00:51:00,0
2011-10-10 02:00:00,WIND,600702,1,HCM,1,18974,1011,280,12,260,24,118,6,6,6,6,6,NA,NA,NA,NA,2011-10-10 01:51:00,0
2011-10-10 03:00:00,WIND,600702,1,HCM,1,18974,1011,280,10,280,14,246,6,6,6,6,6,NA,NA,NA,NA,2011-10-10 02:51:00,0
2011-10-10 04:00:00,WIND,600702,1,HCM,1,18974,1011,280,11,280,18,333,6,6,6,6,6,NA,NA,NA,NA,2011-10-10 03:51:00,0
2011-10-10 05:00:00,WIND,600702,1,HCM,1,18974,1011,280,10,270,16,445,6,6,6,6,6,NA,NA,NA,NA,2011-10-10 04:51:00,0
2011-10-10 06:00:00,WIND,600702,1,HCM,1,18974,1011,270,12,270,17,520,6,6,6,6,6,NA,NA,NA,NA,2011-10-10 05:51:00,0
2011-10-10 07:00:00,WIND,600702,1,HCM,1,18974,1011,280,13,270,19,617,6,6,6,6,6,NA,NA,NA,NA,2011-10-10 06:51:00,0
2011-10-10 08:00:00,WIND,600702,1,HCM,1,18974,1011,290,14,290,23,722,6,6,6,6,6,NA,NA,NA,NA,2011-10-10 07:51:00,0
2011-10-10 09:00:00,WIND,600702,1,HCM,1,18974,1011,290,13,280,21,833,6,6,6,6,6,NA,NA,NA,NA,2011-10-10 08:53:00,0
2011-10-10 10:00:00,WIND,600702,1,HCM,1,18974,1011,290,15,290,22,907,6,6,6,6,6,NA,NA,NA,NA,2011-10-10 09:51:00,0
2011-10-10 11:00:00,WIND,600702,1,HCM,1,18974,1011,290,15,280,21,1034,6,6,6,6,6,NA,NA,NA,NA,2011-10-10 10:51:00,0
2011-10-10 12:00:00,WIND,600702,1,HCM,1,18974,1011,280,17,270,25,1131,6,6,6,6,6,NA,NA,NA,NA,2011-10-10 11:51:00,0
2011-10-10 13:00:00,WIND,600702,1,HCM,1,18974,1011,270,17,270,23,1150,6,6,6,6,6,NA,NA,NA,NA,2011-10-10 12:51:00,0
2011-10-10 14:00:00,WIND,600702,1,HCM,1,18974,1011,270,18,260,25,1329,6,6,6,6,6,NA,NA,NA,NA,2011-10-10 13:51:00,0
2011-10-10 15:00:00,WIND,600702,1,HCM,1,18974,1011,270,17,270,25,1414,6,6,6,6,6,NA,NA,NA,NA,2011-10-10 14:51:00,0
2011-10-10 16:00:00,WIND,600702,1,HCM,1,18974,1011,260,16,280,24,1544,6,6,6,6,6,NA,NA,NA,NA,2011-10-10 15:51:00,0
2011-10-10 17:00:00,WIND,600702,1,HCM,1,18974,1011,270,16,270,23,1607,6,6,6,6,6,NA,NA,NA,NA,2011-10-10 16:51:00,0
2011-10-10 18:00:00,WIND,600702,1,HCM,1,18974,1011,260,14,260,21,1734,6,6,6,6,6,NA,NA,NA,NA,2011-10-10 17:51:00,0
2011-10-10 19:00:00,WIND,600702,1,HCM,1,18974,1011,260,13,260,20,1848,6,6,6,6,6,NA,NA,NA,NA,2011-10-10 18:51:00,0
2011-10-10 20:00:00,WIND,600702,1,HCM,1,18974,1011,260,14,260,23,1853,6,6,6,6,6,NA,NA,NA,NA,2011-10-10 19:51:00,0
2011-10-10 21:00:00,WIND,600702,1,HCM,1,18974,1011,270,13,270,19,2011,6,6,6,6,6,NA,NA,NA,NA,2011-10-10 20:53:00,0
2011-10-10 22:00:00,WIND,600702,1,HCM,1,18974,1011,270,13,270,18,2116,6,6,6,6,6,NA,NA,NA,NA,2011-10-10 21:51:00,0
2011-10-10 23:00:00,WIND,600702,1,HCM,1,18974,1011,280,13,280,20,2229,6,6,6,6,6,NA,NA,NA,NA,2011-10-10 22:51:00,0
2011-10-11 00:00:00,WIND,600702,1,HCM,1,18974,1011,290,13,290,19,2316,6,6,6,6,6,NA,NA,NA,NA,2011-10-10 23:51:00,0
2011-10-11 01:00:00,WIND,600702,1,HCM,1,18974,1011,280,11,280,17,2352,6,6,6,6,6,NA,NA,NA,NA,2011-10-11 00:51:00,0
2011-10-11 02:00:00,WIND,600702,1,HCM,1,18974,1011,270,11,270,15,146,6,6,6,6,6,NA,NA,NA,NA,2011-10-11 01:51:00,0
2011-10-11 03:00:00,WIND,600702,1,HCM,1,18974,1011,270,13,280,20,243,6,6,6,6,6,NA,NA,NA,NA,2011-10-11 02:51:00,0
2011-10-11 04:00:00,WIND,600702,1,HCM,1,18974,1011,290,14,290,21,318,6,6,6,6,6,NA,NA,NA,NA,2011-10-11 03:51:00,0
2011-10-11 05:00:00,WIND,600702,1,HCM,1,18974,1011,290,14,300,21,358,6,6,6,6,6,NA,NA,NA,NA,2011-10-11 04:51:00,0
2011-10-11 06:00:00,WIND,600702,1,HCM,1,18974,1011,280,14,280,21,507,6,6,6,6,6,NA,NA,NA,NA,2011-10-11 05:51:00,0
2011-10-11 07:00:00,WIND,600702,1,HCM,1,18974,1011,280,13,280,27,638,6,6,6,6,6,NA,NA,NA,NA,2011-10-11 06:51:00,0
2011-10-11 08:00:00,WIND,600702,1,HCM,1,18974,1011,280,14,300,24,659,6,6,6,6,6,NA,NA,NA,NA,2011-10-11 07:51:00,0
2011-10-11 09:00:00,WIND,600702,1,HCM,1,18974,1011,290,15,310,28,843,6,6,6,6,6,NA,NA,NA,NA,2011-10-11 08:53:00,0
2011-10-11 10:00:00,WIND,600702,1,HCM,1,18974,1011,300,15,310,26,920,6,6,6,6,6,NA,NA,NA,NA,2011-10-11 09:51:00,0
2011-10-11 11:00:00,WIND,600702,1,HCM,1,18974,1011,310,16,310,24,1038,6,6,6,6,6,NA,NA,NA,NA,2011-10-11 10:51:00,0
2011-10-11 12:00:00,WIND,600702,1,HCM,1,18974,1011,310,14,310,20,1130,6,6,6,6,6,NA,NA,NA,NA,2011-10-11 11:51:00,0
2011-10-11 13:00:00,WIND,600702,1,HCM,1,18974,1011,310,14,310,20,1240,6,6,6,6,6,NA,NA,NA,NA,2011-10-11 12:51:00,0
2011-10-11 14:00:00,WIND,600702,1,HCM,1,18974,1011,310,14,300,20,1312,6,6,6,6,6,NA,NA,NA,NA,2011-10-11 13:51:00,0
2011-10-11 15:00:00,WIND,600702,1,HCM,1,18974,1011,310,11,310,17,1353,6,6,6,6,6,NA,NA,NA,NA,2011-10-11 14:51:00,0
2011-10-11 16:00:00,WIND,600702,1,HCM,1,18974,1011,320,8,320,13,1454,6,6,6,6,6,NA,NA,NA,NA,2011-10-11 15:51:00,0
2011-10-11 17:00:00,WIND,600702,1,HCM,1,18974,1011,310,6,330,10,1552,6,6,6,6,6,NA,NA,NA,NA,2011-10-11 16:51:00,0
2011-10-11 18:00:00,WIND,600702,1,HCM,1,18974,1011,310,4,310,6,1657,6,6,6,6,6,NA,NA,NA,NA,2011-10-11 17:51:00,0
2011-10-11 19:00:00,WIND,600702,1,HCM,1,18974,1011,320,4,320,5,1811,6,6,6,6,6,NA,NA,NA,NA,2011-10-11 18:51:00,0
2011-10-11 20:00:00,WIND,600702,1,HCM,1,18974,1011,320,2,310,3,1852,6,6,6,6,6,NA,NA,NA,NA,2011-10-11 19:51:00,0
2011-10-11 21:00:00,WIND,600702,1,HCM,1,18974,1011,340,1,130,2,2046,6,6,6,6,6,NA,NA,NA,NA,2011-10-11 20:54:00,0
2011-10-11 22:00:00,WIND,600702,1,HCM,1,18974,1011,200,3,230,5,2103,6,6,6,6,6,NA,NA,NA,NA,2011-10-11 21:51:00,0
2011-10-11 23:00:00,WIND,600702,1,HCM,1,18974,1011,170,6,170,10,2245,6,6,6,6,6,NA,NA,NA,NA,2011-10-11 22:51:00,0
2011-10-12 00:00:00,WIND,600702,1,HCM,1,18974,1011,170,9,170,14,2333,6,6,6,6,6,NA,NA,NA,NA,2011-10-11 23:51:00,0
2011-10-12 01:00:00,WIND,600702,1,HCM,1,18974,1011,160,12,160,17,37,6,6,6,6,6,NA,NA,NA,NA,2011-10-12 00:51:00,0
2011-10-12 02:00:00,WIND,600702,1,HCM,1,18974,1011,140,14,140,19,145,6,6,6,6,6,NA,NA,NA,NA,2011-10-12 01:51:00,0
2011-10-12 03:00:00,WIND,600702,1,HCM,1,18974,1011,130,16,120,21,240,6,6,6,6,6,NA,NA,NA,NA,2011-10-12 02:51:00,0
2011-10-12 04:00:00,WIND,600702,1,HCM,1,18974,1011,130,17,130,24,319,6,6,6,6,6,NA,NA,NA,NA,2011-10-12 03:51:00,0
2011-10-12 05:00:00,WIND,600702,1,HCM,1,18974,1011,120,15,120,20,358,6,6,6,6,6,NA,NA,NA,NA,2011-10-12 04:51:00,0
2011-10-12 06:00:00,WIND,600702,1,HCM,1,18974,1011,110,13,110,19,500,6,6,6,6,6,NA,NA,NA,NA,2011-10-12 05:51:00,0
2011-10-12 07:00:00,WIND,600702,1,HCM,1,18974,1011,110,12,110,17,641,6,6,6,6,6,NA,NA,NA,NA,2011-10-12 06:51:00,0
2011-10-12 08:00:00,WIND,600702,1,HCM,1,18974,1011,110,11,110,16,658,6,6,6,6,6,NA,NA,NA,NA,2011-10-12 07:51:00,0
2011-10-12 09:00:00,WIND,600702,1,HCM,1,18974,1011,120,13,130,20,841,6,6,6,6,6,NA,NA,NA,NA,2011-10-12 08:53:00,0
2011-10-12 10:00:00,WIND,600702,1,HCM,1,18974,1011,120,13,130,19,856,6,6,6,6,6,NA,NA,NA,NA,2011-10-12 09:51:00,0
2011-10-12 11:00:00,WIND,600702,1,HCM,1,18974,1011,120,14,120,18,1015,6,6,6,6,6,NA,NA,NA,NA,2011-10-12 10:51:00,0
2011-10-12 12:00:00,WIND,600702,1,HCM,1,18974,1011,130,13,130,18,1141,6,6,6,6,6,NA,NA,NA,NA,2011-10-12 11:51:00,0
2011-10-12 13:00:00,WIND,600702,1,HCM,1,18974,1011,120,14,130,19,1230,6,6,6,6,6,NA,NA,NA,NA,2011-10-12 12:51:00,0
2011-10-12 14:00:00,WIND,600702,1,HCM,1,18974,1011,130,13,130,18,1340,6,6,6,6,6,NA,NA,NA,NA,2011-10-12 13:52:00,0
2011-10-12 15:00:00,WIND,600702,1,HCM,1,18974,1011,130,13,120,17,1425,6,6,6,6,6,NA,NA,NA,NA,2011-10-12 14:52:00,0
2011-10-12 16:00:00,WIND,600702,1,HCM,1,18974,1011,130,12,140,17,1502,6,6,6,6,6,NA,NA,NA,NA,2011-10-12 15:52:00,0
2011-10-12 17:00:00,WIND,600702,1,HCM,1,18974,1011,120,11,130,15,1632,6,6,6,6,6,NA,NA,NA,NA,2011-10-12 16:52:00,0
2011-10-12 18:00:00,WIND,600702,1,HCM,1,18974,1011,140,11,140,15,1706,6,6,6,6,6,NA,NA,NA,NA,2011-10-12 17:52:00,0
2011-10-12 19:00:00,WIND,600702,1,HCM,1,18974,1011,190,4,140,9,1750,6,6,6,6,6,NA,NA,NA,NA,2011-10-12 18:52:00,0
2011-10-12 20:00:00,WIND,600702,1,HCM,1,18974,1011,220,4,230,6,1932,6,6,6,6,6,NA,NA,NA,NA,2011-10-12 19:52:00,0
2011-10-12 21:00:00,WIND,600702,1,HCM,1,18974,1011,230,4,250,10,2038,6,6,6,6,6,NA,NA,NA,NA,2011-10-12 20:54:00,0
2011-10-12 22:00:00,WIND,600702,1,HCM,1,18974,1011,250,6,250,9,2137,6,6,6,6,6,NA,NA,NA,NA,2011-10-12 21:52:00,0
2011-10-12 23:00:00,WIND,600702,1,HCM,1,18974,1011,240,6,250,11,2247,6,6,6,6,6,NA,NA,NA,NA,2011-10-12 22:52:00,0
2011-10-13 00:00:00,WIND,600702,1,HCM,1,18974,1011,240,6,250,10,2252,6,6,6,6,6,NA,NA,NA,NA,2011-10-12 23:52:00,0
2011-10-13 01:00:00,WIND,600702,1,HCM,1,18974,1011,230,6,240,11,0,6,6,6,6,6,NA,NA,NA,NA,2011-10-13 00:52:00,0
2011-10-13 02:00:00,WIND,600702,1,HCM,1,18974,1011,220,6,220,11,57,6,6,6,6,6,NA,NA,NA,NA,2011-10-13 01:52:00,0
2011-10-13 03:00:00,WIND,600702,1,HCM,1,18974,1011,210,7,210,14,213,6,6,6,6,6,NA,NA,NA,NA,2011-10-13 02:52:00,0
2011-10-13 04:00:00,WIND,600702,1,HCM,1,18974,1011,220,7,220,12,329,6,6,6,6,6,NA,NA,NA,NA,2011-10-13 03:52:00,0
2011-10-13 05:00:00,WIND,600702,1,HCM,1,18974,1011,220,9,210,15,428,6,6,6,6,6,NA,NA,NA,NA,2011-10-13 04:52:00,0
2011-10-13 06:00:00,WIND,600702,1,HCM,1,18974,1011,210,8,210,13,541,6,6,6,6,6,NA,NA,NA,NA,2011-10-13 05:52:00,0
2011-10-13 07:00:00,WIND,600702,1,HCM,1,18974,1011,190,12,180,18,640,6,6,6,6,6,NA,NA,NA,NA,2011-10-13 06:52:00,0
2011-10-13 08:00:00,WIND,600702,1,HCM,1,18974,1011,190,13,190,20,713,6,6,6,6,6,NA,NA,NA,NA,2011-10-13 07:52:00,0
2011-10-13 09:00:00,WIND,600702,1,HCM,1,18974,1011,190,14,180,20,840,6,6,6,6,6,NA,NA,NA,NA,2011-10-13 08:54:00,0
2011-10-13 10:00:00,WIND,600702,1,HCM,1,18974,1011,200,13,190,20,855,6,6,6,6,6,NA,NA,NA,NA,2011-10-13 09:52:00,0
2011-10-13 11:00:00,WIND,600702,1,HCM,1,18974,1011,200,14,190,20,1037,6,6,6,6,6,NA,NA,NA,NA,2011-10-13 10:52:00,0
2011-10-13 12:00:00,WIND,600702,1,HCM,1,18974,1011,190,16,190,22,1120,6,6,6,6,6,NA,NA,NA,NA,2011-10-13 11:52:00,0
2011-10-13 13:00:00,WIND,600702,1,HCM,1,18974,1011,190,17,190,22,1200,6,6,6,6,6,NA,NA,NA,NA,2011-10-13 12:52:00,0
2011-10-13 14:00:00,WIND,600702,1,HCM,1,18974,1011,190,15,200,20,1300,6,6,6,6,6,NA,NA,NA,NA,2011-10-13 13:52:00,0
2011-10-13 15:00:00,WIND,600702,1,HCM,1,18974,1011,180,14,190,19,1424,6,6,6,6,6,NA,NA,NA,NA,2011-10-13 14:52:00,0
2011-10-13 16:00:00,WIND,600702,1,HCM,1,18974,1011,180,14,190,20,1547,6,6,6,6,6,NA,NA,NA,NA,2011-10-13 15:52:00,0
2011-10-13 17:00:00,WIND,600702,1,HCM,1,18974,1011,170,15,170,20,1625,6,6,6,6,6,NA,NA,NA,NA,2011-10-13 16:52:00,0
2011-10-13 18:00:00,WIND,600702,1,HCM,1,18974,1011,170,15,170,19,1714,6,6,6,6,6,NA,NA,NA,NA,2011-10-13 17:52:00,0
2011-10-13 19:00:00,WIND,600702,1,HCM,1,18974,1011,170,16,160,21,1849,6,6,6,6,6,NA,NA,NA,NA,2011-10-13 18:52:00,0
2011-10-13 20:00:00,WIND,600702,1,HCM,1,18974,1011,170,15,170,21,1853,6,6,6,6,6,NA,NA,NA,NA,2011-10-13 19:52:00,0
2011-10-13 21:00:00,WIND,600702,1,HCM,1,18974,1011,170,14,170,19,2005,6,6,6,6,6,NA,NA,NA,NA,2011-10-13 20:53:00,0
2011-10-13 22:00:00,WIND,600702,1,HCM,1,18974,1011,180,15,180,21,2121,6,6,6,6,6,NA,NA,NA,NA,2011-10-13 21:52:00,0
2011-10-13 23:00:00,WIND,600702,1,HCM,1,18974,1011,180,15,190,21,2220,6,6,6,6,6,NA,NA,NA,NA,2011-10-13 22:52:00,0
2011-10-14 00:00:00,WIND,600702,1,HCM,1,18974,1011,170,16,170,22,2349,6,6,6,6,6,NA,NA,NA,NA,2011-10-13 23:52:00,0
2011-10-14 01:00:00,WIND,600702,1,HCM,1,18974,1011,170,17,170,23,14,6,6,6,6,6,NA,NA,NA,NA,2011-10-14 00:52:00,0
2011-10-14 02:00:00,WIND,600702,1,HCM,1,18974,1011,170,17,180,24,119,6,6,6,6,6,NA,NA,NA,NA,2011-10-14 01:51:00,0
2011-10-14 03:00:00,WIND,600702,1,HCM,1,18974,1011,180,16,180,21,224,6,6,6,6,6,NA,NA,NA,NA,2011-10-14 02:51:00,0
2011-10-14 04:00:00,WIND,600702,1,HCM,1,18974,1011,170,16,170,22,346,6,6,6,6,6,NA,NA,NA,NA,2011-10-14 03:51:00,0
2011-10-14 05:00:00,WIND,600702,1,HCM,1,18974,1011,180,15,170,21,355,6,6,6,6,6,NA,NA,NA,NA,2011-10-14 04:51:00,0
2011-10-14 06:00:00,WIND,600702,1,HCM,1,18974,1011,180,16,190,23,536,6,6,6,6,6,NA,NA,NA,NA,2011-10-14 05:51:00,0
2011-10-14 07:00:00,WIND,600702,1,HCM,1,18974,1011,180,16,180,22,616,6,6,6,6,6,NA,NA,NA,NA,2011-10-14 06:51:00,0
2011-10-14 08:00:00,WIND,600702,1,HCM,1,18974,1011,180,18,170,24,735,6,6,6,6,6,NA,NA,NA,NA,2011-10-14 07:51:00,0
2011-10-14 09:00:00,WIND,600702,1,HCM,1,18974,1011,180,20,180,29,812,6,6,6,6,6,NA,NA,NA,NA,2011-10-14 08:53:00,0
2011-10-14 10:00:00,WIND,600702,1,HCM,1,18974,1011,180,19,180,26,940,6,6,6,6,6,NA,NA,NA,NA,2011-10-14 09:51:00,0
2011-10-14 11:00:00,WIND,600702,1,HCM,1,18974,1011,180,18,180,24,953,6,6,6,6,6,NA,NA,NA,NA,2011-10-14 10:51:00,0
2011-10-14 12:00:00,WIND,600702,1,HCM,1,18974,1011,180,18,180,25,1146,6,6,6,6,6,NA,NA,NA,NA,2011-10-14 11:51:00,0
2011-10-14 13:00:00,WIND,600702,1,HCM,1,18974,1011,180,18,180,24,1207,6,6,6,6,6,NA,NA,NA,NA,2011-10-14 12:51:00,0
2011-10-14 14:00:00,WIND,600702,1,HCM,1,18974,1011,180,19,170,25,1339,6,6,6,6,6,NA,NA,NA,NA,2011-10-14 13:51:00,0
2011-10-14 15:00:00,WIND,600702,1,HCM,1,18974,1011,180,18,180,25,1407,6,6,6,6,6,NA,NA,NA,NA,2011-10-14 14:51:00,0
2011-10-14 16:00:00,WIND,600702,1,HCM,1,18974,1011,180,19,190,26,1528,6,6,6,6,6,NA,NA,NA,NA,2011-10-14 15:51:00,0
2011-10-14 17:00:00,WIND,600702,1,HCM,1,18974,1011,180,18,190,31,1605,6,6,6,6,6,NA,NA,NA,NA,2011-10-14 16:51:00,0
2011-10-14 18:00:00,WIND,600702,1,HCM,1,18974,1011,180,17,180,24,1659,6,6,6,6,6,NA,NA,NA,NA,2011-10-14 17:51:00,0
2011-10-14 19:00:00,WIND,600702,1,HCM,1,18974,1011,190,18,190,25,1838,6,6,6,6,6,NA,NA,NA,NA,2011-10-14 18:51:00,0
2011-10-14 20:00:00,WIND,600702,1,HCM,1,18974,1011,200,13,200,27,1850,6,6,6,6,6,NA,NA,NA,NA,2011-10-14 19:51:00,0
2011-10-14 21:00:00,WIND,600702,1,HCM,1,18974,1011,180,16,180,24,2045,6,6,6,6,6,NA,NA,NA,NA,2011-10-14 20:54:00,0
2011-10-14 22:00:00,WIND,600702,1,HCM,1,18974,1011,180,20,190,27,2126,6,6,6,6,6,NA,NA,NA,NA,2011-10-14 21:51:00,0
2011-10-14 23:00:00,WIND,600702,1,HCM,1,18974,1011,180,21,180,28,2223,6,6,6,6,6,NA,NA,NA,NA,2011-10-14 22:51:00,0
2011-10-15 00:00:00,WIND,600702,1,HCM,1,18974,1011,180,20,180,27,2257,6,6,6,6,6,NA,NA,NA,NA,2011-10-14 23:51:00,0
2011-10-15 01:00:00,WIND,600702,1,HCM,1,18974,1011,180,21,180,29,24,6,6,6,6,6,NA,NA,NA,NA,2011-10-15 00:51:00,0
2011-10-15 02:00:00,WIND,600702,1,HCM,1,18974,1011,180,22,190,30,116,6,6,6,6,6,NA,NA,NA,NA,2011-10-15 01:51:00,0
2011-10-15 03:00:00,WIND,600702,1,HCM,1,18974,1011,190,22,180,32,154,6,6,6,6,6,NA,NA,NA,NA,2011-10-15 02:51:00,0
2011-10-15 04:00:00,WIND,600702,1,HCM,1,18974,1011,180,21,180,28,315,6,6,6,6,6,NA,NA,NA,NA,2011-10-15 03:51:00,0
2011-10-15 05:00:00,WIND,600702,1,HCM,1,18974,1011,180,23,190,31,432,6,6,6,6,6,NA,NA,NA,NA,2011-10-15 04:51:00,0
2011-10-15 06:00:00,WIND,600702,1,HCM,1,18974,1011,190,23,190,31,521,6,6,6,6,6,NA,NA,NA,NA,2011-10-15 05:51:00,0
2011-10-15 07:00:00,WIND,600702,1,HCM,1,18974,1011,190,22,190,31,552,6,6,6,6,6,NA,NA,NA,NA,2011-10-15 06:51:00,0
2011-10-15 08:00:00,WIND,600702,1,HCM,1,18974,1011,250,13,200,26,702,6,6,6,6,6,NA,NA,NA,NA,2011-10-15 07:51:00,0
2011-10-15 09:00:00,WIND,600702,1,HCM,1,18974,1011,260,10,270,15,801,6,6,6,6,6,NA,NA,NA,NA,2011-10-15 08:53:00,0
2011-10-15 10:00:00,WIND,600702,1,HCM,1,18974,1011,250,10,250,16,941,6,6,6,6,6,NA,NA,NA,NA,2011-10-15 09:51:00,0
2011-10-15 11:00:00,WIND,600702,1,HCM,1,18974,1011,240,10,240,15,1036,6,6,6,6,6,NA,NA,NA,NA,2011-10-15 10:51:00,0
2011-10-15 12:00:00,WIND,600702,1,HCM,1,18974,1011,220,10,220,16,1145,6,6,6,6,6,NA,NA,NA,NA,2011-10-15 11:51:00,0
2011-10-15 13:00:00,WIND,600702,1,HCM,1,18974,1011,240,10,230,16,1213,6,6,6,6,6,NA,NA,NA,NA,2011-10-15 12:51:00,0
2011-10-15 14:00:00,WIND,600702,1,HCM,1,18974,1011,220,9,230,14,1345,6,6,6,6,6,NA,NA,NA,NA,2011-10-15 13:51:00,0
2011-10-15 15:00:00,WIND,600702,1,HCM,1,18974,1011,230,10,240,16,1409,6,6,6,6,6,NA,NA,NA,NA,2011-10-15 14:51:00,0
2011-10-15 16:00:00,WIND,600702,1,HCM,1,18974,1011,210,10,220,16,1548,6,6,6,6,6,NA,NA,NA,NA,2011-10-15 15:51:00,0
2011-10-15 17:00:00,WIND,600702,1,HCM,1,18974,1011,220,11,230,16,1627,6,6,6,6,6,NA,NA,NA,NA,2011-10-15 16:51:00,0
2011-10-15 18:00:00,WIND,600702,1,HCM,1,18974,1011,220,9,220,12,1656,6,6,6,6,6,NA,NA,NA,NA,2011-10-15 17:51:00,0
2011-10-15 19:00:00,WIND,600702,1,HCM,1,18974,1011,220,9,220,13,1818,6,6,6,6,6,NA,NA,NA,NA,2011-10-15 18:51:00,0
2011-10-15 20:00:00,WIND,600702,1,HCM,1,18974,1011,220,9,220,15,1931,6,6,6,6,6,NA,NA,NA,NA,2011-10-15 19:51:00,0
2011-10-15 21:00:00,WIND,600702,1,HCM,1,18974,1011,210,9,210,13,2026,6,6,6,6,6,NA,NA,NA,NA,2011-10-15 20:55:00,0
2011-10-15 22:00:00,WIND,600702,1,HCM,1,18974,1011,210,11,220,16,2133,6,6,6,6,6,NA,NA,NA,NA,2011-10-15 21:51:00,0
2011-10-15 23:00:00,WIND,600702,1,HCM,1,18974,1011,210,12,210,20,2231,6,6,6,6,6,NA,NA,NA,NA,2011-10-15 22:51:00,0
2011-10-16 00:00:00,WIND,600702,1,HCM,1,18974,1011,220,13,210,21,2259,6,6,6,6,6,NA,NA,NA,NA,2011-10-15 23:51:00,0
2011-10-16 01:00:00,WIND,600702,1,HCM,1,18974,1011,230,11,240,20,25,6,6,6,6,6,NA,NA,NA,NA,2011-10-16 00:51:00,0
2011-10-16 02:00:00,WIND,600702,1,HCM,1,18974,1011,220,12,230,21,133,6,6,6,6,6,NA,NA,NA,NA,2011-10-16 01:51:00,0
2011-10-16 03:00:00,WIND,600702,1,HCM,1,18974,1011,230,16,240,25,235,6,6,6,6,6,NA,NA,NA,NA,2011-10-16 02:51:00,0
2011-10-16 04:00:00,WIND,600702,1,HCM,1,18974,1011,230,15,230,22,318,6,6,6,6,6,NA,NA,NA,NA,2011-10-16 03:51:00,0
2011-10-16 05:00:00,WIND,600702,1,HCM,1,18974,1011,230,16,230,24,413,6,6,6,6,6,NA,NA,NA,NA,2011-10-16 04:51:00,0
2011-10-16 06:00:00,WIND,600702,1,HCM,1,18974,1011,230,15,240,24,451,6,6,6,6,6,NA,NA,NA,NA,2011-10-16 05:51:00,0
2011-10-16 07:00:00,WIND,600702,1,HCM,1,18974,1011,230,16,240,31,629,6,6,6,6,6,NA,NA,NA,NA,2011-10-16 06:51:00,0
2011-10-16 08:00:00,WIND,600702,1,HCM,1,18974,1011,230,17,230,26,748,6,6,6,6,6,NA,NA,NA,NA,2011-10-16 07:51:00,0
2011-10-16 09:00:00,WIND,600702,1,HCM,1,18974,1011,230,17,230,29,812,6,6,6,6,6,NA,NA,NA,NA,2011-10-16 08:53:00,0
2011-10-16 10:00:00,WIND,600702,1,HCM,1,18974,1011,230,18,240,29,907,6,6,6,6,6,NA,NA,NA,NA,2011-10-16 09:51:00,0
2011-10-16 11:00:00,WIND,600702,1,HCM,1,18974,1011,240,18,250,30,1017,6,6,6,6,6,NA,NA,NA,NA,2011-10-16 10:51:00,0
2011-10-16 12:00:00,WIND,600702,1,HCM,1,18974,1011,230,18,230,27,1058,6,6,6,6,6,NA,NA,NA,NA,2011-10-16 11:51:00,0
2011-10-16 13:00:00,WIND,600702,1,HCM,1,18974,1011,230,19,240,33,1224,6,6,6,6,6,NA,NA,NA,NA,2011-10-16 12:51:00,0
2011-10-16 14:00:00,WIND,600702,1,HCM,1,18974,1011,230,19,230,30,1306,6,6,6,6,6,NA,NA,NA,NA,2011-10-16 13:51:00,0
2011-10-16 15:00:00,WIND,600702,1,HCM,1,18974,1011,230,18,250,34,1400,6,6,6,6,6,NA,NA,NA,NA,2011-10-16 14:51:00,0
2011-10-16 16:00:00,WIND,600702,1,HCM,1,18974,1011,220,22,220,33,1456,6,6,6,6,6,NA,NA,NA,NA,2011-10-16 15:51:00,0
2011-10-16 17:00:00,WIND,600702,1,HCM,1,18974,1011,220,22,210,32,1642,6,6,6,6,6,NA,NA,NA,NA,2011-10-16 16:51:00,0
2011-10-16 18:00:00,WIND,600702,1,HCM,1,18974,1011,210,24,230,35,1721,6,6,6,6,6,NA,NA,NA,NA,2011-10-16 17:51:00,0
2011-10-16 19:00:00,WIND,600702,1,HCM,1,18974,1011,220,26,220,38,1812,6,6,6,6,6,NA,NA,NA,NA,2011-10-16 18:51:00,0
2011-10-16 20:00:00,WIND,600702,1,HCM,1,18974,1011,210,25,230,38,1939,6,6,6,6,6,NA,NA,NA,NA,2011-10-16 19:51:00,0
2011-10-16 21:00:00,WIND,600702,1,HCM,1,18974,1011,220,24,220,36,1951,6,6,6,6,6,NA,NA,NA,NA,2011-10-16 20:53:00,0
2011-10-16 22:00:00,WIND,600702,1,HCM,1,18974,1011,220,23,230,36,2133,6,6,6,6,6,NA,NA,NA,NA,2011-10-16 21:51:00,0
2011-10-16 23:00:00,WIND,600702,1,HCM,1,18974,1011,230,19,220,36,2201,6,6,6,6,6,NA,NA,NA,NA,2011-10-16 22:51:00,0
2011-10-17 00:00:00,WIND,600702,1,HCM,1,18974,1011,230,20,230,35,2310,6,6,6,6,6,NA,NA,NA,NA,2011-10-16 23:51:00,0
2011-10-17 01:00:00,WIND,600702,1,HCM,1,18974,1011,230,21,230,35,21,6,6,6,6,6,NA,NA,NA,NA,2011-10-17 00:51:00,0
2011-10-17 02:00:00,WIND,600702,1,HCM,1,18974,1011,220,22,230,39,118,6,6,6,6,6,NA,NA,NA,NA,2011-10-17 01:51:00,0
2011-10-17 03:00:00,WIND,600702,1,HCM,1,18974,1011,240,24,250,45,157,6,6,6,6,6,NA,NA,NA,NA,2011-10-17 02:51:00,0
2011-10-17 04:00:00,WIND,600702,1,HCM,1,18974,1011,250,26,250,39,304,6,6,6,6,6,NA,NA,NA,NA,2011-10-17 03:51:00,0
2011-10-17 05:00:00,WIND,600702,1,HCM,1,18974,1011,240,22,230,34,425,6,6,6,6,6,NA,NA,NA,NA,2011-10-17 04:51:00,0
2011-10-17 06:00:00,WIND,600702,1,HCM,1,18974,1011,250,23,240,43,532,6,6,6,6,6,NA,NA,NA,NA,2011-10-17 05:51:00,0
2011-10-17 07:00:00,WIND,600702,1,HCM,1,18974,1011,260,21,270,35,623,6,6,6,6,6,NA,NA,NA,NA,2011-10-17 06:51:00,0
2011-10-17 08:00:00,WIND,600702,1,HCM,1,18974,1011,260,21,260,31,723,6,6,6,6,6,NA,NA,NA,NA,2011-10-17 07:51:00,0
2011-10-17 09:00:00,WIND,600702,1,HCM,1,18974,1011,250,20,260,29,818,6,6,6,6,6,NA,NA,NA,NA,2011-10-17 08:54:00,0
2011-10-17 10:00:00,WIND,600702,1,HCM,1,18974,1011,250,19,260,27,943,6,6,6,6,6,NA,NA,NA,NA,2011-10-17 09:51:00,0
2011-10-17 11:00:00,WIND,600702,1,HCM,1,18974,1011,240,15,240,25,1004,6,6,6,6,6,NA,NA,NA,NA,2011-10-17 10:51:00,0
2011-10-17 12:00:00,WIND,600702,1,HCM,1,18974,1011,250,15,280,30,1107,6,6,6,6,6,NA,NA,NA,NA,2011-10-17 11:51:00,0
2011-10-17 13:00:00,WIND,600702,1,HCM,1,18974,1011,230,12,250,26,1158,6,6,6,6,6,NA,NA,NA,NA,2011-10-17 12:51:00,0
2011-10-17 14:00:00,WIND,600702,1,HCM,1,18974,1011,240,15,240,24,1324,6,6,6,6,6,NA,NA,NA,NA,2011-10-17 13:51:00,0
2011-10-17 15:00:00,WIND,600702,1,HCM,1,18974,1011,250,14,270,22,1421,6,6,6,6,6,NA,NA,NA,NA,2011-10-17 14:51:00,0
2011-10-17 16:00:00,WIND,600702,1,HCM,1,18974,1011,250,14,250,22,1539,6,6,6,6,6,NA,NA,NA,NA,2011-10-17 15:51:00,0
2011-10-17 17:00:00,WIND,600702,1,HCM,1,18974,1011,260,14,260,24,1625,6,6,6,6,6,NA,NA,NA,NA,2011-10-17 16:51:00,0
2011-10-17 18:00:00,WIND,600702,1,HCM,1,18974,1011,290,19,290,31,1748,6,6,6,6,6,NA,NA,NA,NA,2011-10-17 17:51:00,0
2011-10-17 19:00:00,WIND,600702,1,HCM,1,18974,1011,290,23,280,36,1841,6,6,6,6,6,NA,NA,NA,NA,2011-10-17 18:51:00,0
2011-10-17 20:00:00,WIND,600702,1,HCM,1,18974,1011,290,22,280,33,1859,6,6,6,6,6,NA,NA,NA,NA,2011-10-17 19:51:00,0
2011-10-17 21:00:00,WIND,600702,1,HCM,1,18974,1011,280,22,290,30,2028,6,6,6,6,6,NA,NA,NA,NA,2011-10-17 20:54:00,0
2011-10-17 22:00:00,WIND,600702,1,HCM,1,18974,1011,270,21,260,31,2111,6,6,6,6,6,NA,NA,NA,NA,2011-10-17 21:51:00,0
2011-10-17 23:00:00,WIND,600702,1,HCM,1,18974,1011,270,23,270,33,2247,6,6,6,6,6,NA,NA,NA,NA,2011-10-17 22:51:00,0
2011-10-18 00:00:00,WIND,600702,1,HCM,1,18974,1011,280,24,270,35,2305,6,6,6,6,6,NA,NA,NA,NA,2011-10-17 23:51:00,0
2011-10-18 01:00:00,WIND,600702,1,HCM,1,18974,1011,270,24,280,37,48,6,6,6,6,6,NA,NA,NA,NA,2011-10-18 00:51:00,0
2011-10-18 02:00:00,WIND,600702,1,HCM,1,18974,1011,280,24,280,38,142,6,6,6,6,6,NA,NA,NA,NA,2011-10-18 01:51:00,0
2011-10-18 03:00:00,WIND,600702,1,HCM,1,18974,1011,280,25,270,37,204,6,6,6,6,6,NA,NA,NA,NA,2011-10-18 02:51:00,0
2011-10-18 04:00:00,WIND,600702,1,HCM,1,18974,1011,280,25,280,43,323,6,6,6,6,6,NA,NA,NA,NA,2011-10-18 03:51:00,0
2011-10-18 05:00:00,WIND,600702,1,HCM,1,18974,1011,280,25,300,40,421,6,6,6,6,6,NA,NA,NA,NA,2011-10-18 04:51:00,0
2011-10-18 06:00:00,WIND,600702,1,HCM,1,18974,1011,290,25,290,37,511,6,6,6,6,6,NA,NA,NA,NA,2011-10-18 05:51:00,0
2011-10-18 07:00:00,WIND,600702,1,HCM,1,18974,1011,300,24,310,43,607,6,6,6,6,6,NA,NA,NA,NA,2011-10-18 06:51:00,0
2011-10-18 08:00:00,WIND,600702,1,HCM,1,18974,1011,300,23,320,37,711,6,6,6,6,6,NA,NA,NA,NA,2011-10-18 07:51:00,0
2011-10-18 09:00:00,WIND,600702,1,HCM,1,18974,1011,300,21,310,33,807,6,6,6,6,6,NA,NA,NA,NA,2011-10-18 08:53:00,0
2011-10-18 10:00:00,WIND,600702,1,HCM,1,18974,1011,310,20,320,41,935,6,6,6,6,6,NA,NA,NA,NA,2011-10-18 09:57:00,0
2011-10-18 11:00:00,WIND,600702,1,HCM,1,18974,1011,310,22,310,33,1049,6,6,6,6,6,NA,NA,NA,NA,2011-10-18 10:51:00,0
2011-10-18 12:00:00,WIND,600702,1,HCM,1,18974,1011,310,24,300,37,1120,6,6,6,6,6,NA,NA,NA,NA,2011-10-18 11:52:00,0
2011-10-18 13:00:00,WIND,600702,1,HCM,1,18974,1011,310,24,300,35,1210,6,6,6,6,6,NA,NA,NA,NA,2011-10-18 12:51:00,0
2011-10-18 14:00:00,WIND,600702,1,HCM,1,18974,1011,320,27,320,42,1255,6,6,6,6,6,NA,NA,NA,NA,2011-10-18 13:51:00,0
2011-10-18 15:00:00,WIND,600702,1,HCM,1,18974,1011,320,25,330,42,1428,6,6,6,6,6,NA,NA,NA,NA,2011-10-18 14:51:00,0
2011-10-18 16:00:00,WIND,600702,1,HCM,1,18974,1011,330,27,320,38,1509,6,6,6,6,6,NA,NA,NA,NA,2011-10-18 15:51:00,0
2011-10-18 17:00:00,WIND,600702,1,HCM,1,18974,1011,330,27,340,37,1647,6,6,6,6,6,NA,NA,NA,NA,2011-10-18 16:51:00,0
2011-10-18 18:00:00,WIND,600702,1,HCM,1,18974,1011,330,25,320,37,1704,6,6,6,6,6,NA,NA,NA,NA,2011-10-18 17:51:00,0
2011-10-18 19:00:00,WIND,600702,1,HCM,1,18974,1011,340,26,330,36,1805,6,6,6,6,6,NA,NA,NA,NA,2011-10-18 18:51:00,0
2011-10-18 20:00:00,WIND,600702,1,HCM,1,18974,1011,330,24,330,35,1929,6,6,6,6,6,NA,NA,NA,NA,2011-10-18 19:51:00,0
2011-10-18 21:00:00,WIND,600702,1,HCM,1,18974,1011,340,23,330,33,2009,6,6,6,6,6,NA,NA,NA,NA,2011-10-18 20:54:00,0
2011-10-18 22:00:00,WIND,600702,1,HCM,1,18974,1011,330,21,340,32,2124,6,6,6,6,6,NA,NA,NA,NA,2011-10-18 21:51:00,0
2011-10-18 23:00:00,WIND,600702,1,HCM,1,18974,1011,330,21,330,33,2222,6,6,6,6,6,NA,NA,NA,NA,2011-10-18 22:51:00,0
2011-10-19 00:00:00,WIND,600702,1,HCM,1,18974,1011,340,19,340,28,2326,6,6,6,6,6,NA,NA,NA,NA,2011-10-18 23:51:00,0
2011-10-19 01:00:00,WIND,600702,1,HCM,1,18974,1011,330,18,330,26,2356,6,6,6,6,6,NA,NA,NA,NA,2011-10-19 00:51:00,0
2011-10-19 02:00:00,WIND,600702,1,HCM,1,18974,1011,340,18,340,27,105,6,6,6,6,6,NA,NA,NA,NA,2011-10-19 01:51:00,0
2011-10-19 03:00:00,WIND,600702,1,HCM,1,18974,1011,340,15,360,30,220,6,6,6,6,6,NA,NA,NA,NA,2011-10-19 02:51:00,0
2011-10-19 04:00:00,WIND,600702,1,HCM,1,18974,1011,350,15,350,29,349,6,6,6,6,6,NA,NA,NA,NA,2011-10-19 03:51:00,0
2011-10-19 05:00:00,WIND,600702,1,HCM,1,18974,1011,350,19,340,30,356,6,6,6,6,6,NA,NA,NA,NA,2011-10-19 04:51:00,0
2011-10-19 06:00:00,WIND,600702,1,HCM,1,18974,1011,360,21,350,31,528,6,6,6,6,6,NA,NA,NA,NA,2011-10-19 05:51:00,0
2011-10-19 07:00:00,WIND,600702,1,HCM,1,18974,1011,360,20,360,29,559,6,6,6,6,6,NA,NA,NA,NA,2011-10-19 06:51:00,0
2011-10-19 08:00:00,WIND,600702,1,HCM,1,18974,1011,360,21,360,28,653,6,6,6,6,6,NA,NA,NA,NA,2011-10-19 07:52:00,0
2011-10-19 09:00:00,WIND,600702,1,HCM,1,18974,1011,350,21,350,32,827,6,6,6,6,6,NA,NA,NA,NA,2011-10-19 08:54:00,0
2011-10-19 10:00:00,WIND,600702,1,HCM,1,18974,1011,350,18,360,25,853,6,6,6,6,6,NA,NA,NA,NA,2011-10-19 09:51:00,0
2011-10-19 11:00:00,WIND,600702,1,HCM,1,18974,1011,350,16,350,23,1036,6,6,6,6,6,NA,NA,NA,NA,2011-10-19 10:51:00,0
2011-10-19 12:00:00,WIND,600702,1,HCM,1,18974,1011,340,17,350,32,1142,6,6,6,6,6,NA,NA,NA,NA,2011-10-19 11:51:00,0
2011-10-19 13:00:00,WIND,600702,1,HCM,1,18974,1011,350,14,350,21,1222,6,6,6,6,6,NA,NA,NA,NA,2011-10-19 12:51:00,0
2011-10-19 14:00:00,WIND,600702,1,HCM,1,18974,1011,340,13,350,21,1308,6,6,6,6,6,NA,NA,NA,NA,2011-10-19 13:51:00,0
2011-10-19 15:00:00,WIND,600702,1,HCM,1,18974,1011,330,15,310,22,1405,6,6,6,6,6,NA,NA,NA,NA,2011-10-19 14:51:00,0
2011-10-19 16:00:00,WIND,600702,1,HCM,1,18974,1011,320,11,330,26,1549,6,6,6,6,6,NA,NA,NA,NA,2011-10-19 15:52:00,0
2011-10-19 17:00:00,WIND,600702,1,HCM,1,18974,1011,330,13,330,25,1550,6,6,6,6,6,NA,NA,NA,NA,2011-10-19 16:51:00,0
2011-10-19 18:00:00,WIND,600702,1,HCM,1,18974,1011,340,14,340,24,1654,6,6,6,6,6,NA,NA,NA,NA,2011-10-19 17:51:00,0
2011-10-19 19:00:00,WIND,600702,1,HCM,1,18974,1011,340,13,340,17,1750,6,6,6,6,6,NA,NA,NA,NA,2011-10-19 18:51:00,0
2011-10-19 20:00:00,WIND,600702,1,HCM,1,18974,1011,330,12,320,26,1932,6,6,6,6,6,NA,NA,NA,NA,2011-10-19 19:51:00,0
2011-10-19 21:00:00,WIND,600702,1,HCM,1,18974,1011,320,9,320,14,2026,6,6,6,6,6,NA,NA,NA,NA,2011-10-19 20:54:00,0
2011-10-19 22:00:00,WIND,600702,1,HCM,1,18974,1011,320,12,330,27,2138,6,6,6,6,6,NA,NA,NA,NA,2011-10-19 21:51:00,0
2011-10-19 23:00:00,WIND,600702,1,HCM,1,18974,1011,310,9,330,21,2152,6,6,6,6,6,NA,NA,NA,NA,2011-10-19 22:51:00,0
2011-10-20 00:00:00,WIND,600702,1,HCM,1,18974,1011,300,10,290,15,2315,6,6,6,6,6,NA,NA,NA,NA,2011-10-19 23:52:00,0
2011-10-20 01:00:00,WIND,600702,1,HCM,1,18974,1011,290,11,290,18,39,6,6,6,6,6,NA,NA,NA,NA,2011-10-20 00:51:00,0
2011-10-20 02:00:00,WIND,600702,1,HCM,1,18974,1011,280,11,270,16,114,6,6,6,6,6,NA,NA,NA,NA,2011-10-20 01:51:00,0
2011-10-20 03:00:00,WIND,600702,1,HCM,1,18974,1011,280,10,270,21,225,6,6,6,6,6,NA,NA,NA,NA,2011-10-20 02:51:00,0
2011-10-20 04:00:00,WIND,600702,1,HCM,1,18974,1011,290,9,280,17,251,6,6,6,6,6,NA,NA,NA,NA,2011-10-20 03:51:00,0
2011-10-20 05:00:00,WIND,600702,1,HCM,1,18974,1011,290,7,290,15,412,6,6,6,6,6,NA,NA,NA,NA,2011-10-20 04:51:00,0
2011-10-20 06:00:00,WIND,600702,1,HCM,1,18974,1011,270,8,270,15,501,6,6,6,6,6,NA,NA,NA,NA,2011-10-20 05:51:00,0
2011-10-20 07:00:00,WIND,600702,1,HCM,1,18974,1011,250,8,250,17,648,6,6,6,6,6,NA,NA,NA,NA,2011-10-20 06:51:00,0
2011-10-20 08:00:00,WIND,600702,1,HCM,1,18974,1011,240,8,260,16,651,6,6,6,6,6,NA,NA,NA,NA,2011-10-20 07:51:00,0
2011-10-20 09:00:00,WIND,600702,1,HCM,1,18974,1011,240,8,250,13,801,6,6,6,6,6,NA,NA,NA,NA,2011-10-20 08:54:00,0
2011-10-20 10:00:00,WIND,600702,1,HCM,1,18974,1011,240,13,250,20,941,6,6,6,6,6,NA,NA,NA,NA,2011-10-20 10:04:00,0
2011-10-20 11:00:00,WIND,600702,1,HCM,1,18974,1011,230,12,240,19,954,6,6,6,6,6,NA,NA,NA,NA,2011-10-20 10:52:00,0
2011-10-20 12:00:00,WIND,600702,1,HCM,1,18974,1011,220,13,220,22,1137,6,6,6,6,6,NA,NA,NA,NA,2011-10-20 11:54:00,0
2011-10-20 13:00:00,WIND,600702,1,HCM,1,18974,1011,220,15,220,25,1244,6,6,6,6,6,NA,NA,NA,NA,2011-10-20 12:51:00,0
2011-10-20 14:00:00,WIND,600702,1,HCM,1,18974,1011,210,17,220,26,1316,6,6,6,6,6,NA,NA,NA,NA,2011-10-20 13:51:00,0
2011-10-20 15:00:00,WIND,600702,1,HCM,1,18974,1011,210,19,200,29,1434,6,6,6,6,6,NA,NA,NA,NA,2011-10-20 14:51:00,0
2011-10-20 16:00:00,WIND,600702,1,HCM,1,18974,1011,200,22,200,31,1528,6,6,6,6,6,NA,NA,NA,NA,2011-10-20 15:51:00,0
2011-10-20 17:00:00,WIND,600702,1,HCM,1,18974,1011,200,22,200,31,1550,6,6,6,6,6,NA,NA,NA,NA,2011-10-20 16:51:00,0
2011-10-20 18:00:00,WIND,600702,1,HCM,1,18974,1011,200,22,210,33,1654,6,6,6,6,6,NA,NA,NA,NA,2011-10-20 17:51:00,0
2011-10-20 19:00:00,WIND,600702,1,HCM,1,18974,1011,210,20,210,30,1840,6,6,6,6,6,NA,NA,NA,NA,2011-10-20 18:51:00,0
2011-10-20 20:00:00,WIND,600702,1,HCM,1,18974,1011,210,19,210,27,1914,6,6,6,6,6,NA,NA,NA,NA,2011-10-20 19:52:00,0
2011-10-20 21:00:00,WIND,600702,1,HCM,1,18974,1011,230,17,220,25,1952,6,6,6,6,6,NA,NA,NA,NA,2011-10-20 20:54:00,0
2011-10-20 22:00:00,WIND,600702,1,HCM,1,18974,1011,230,15,230,24,2052,6,6,6,6,6,NA,NA,NA,NA,2011-10-20 21:51:00,0
2011-10-20 23:00:00,WIND,600702,1,HCM,1,18974,1011,230,15,230,22,2210,6,6,6,6,6,NA,NA,NA,NA,2011-10-20 22:51:00,0
2011-10-21 00:00:00,WIND,600702,1,HCM,1,18974,1011,220,17,220,25,2330,6,6,6,6,6,NA,NA,NA,NA,2011-10-20 23:51:00,0
2011-10-21 01:00:00,WIND,600702,1,HCM,1,18974,1011,230,18,230,27,2359,6,6,6,6,6,NA,NA,NA,NA,2011-10-21 00:51:00,0
2011-10-21 02:00:00,WIND,600702,1,HCM,1,18974,1011,230,18,230,27,112,6,6,6,6,6,NA,NA,NA,NA,2011-10-21 01:51:00,0
2011-10-21 03:00:00,WIND,600702,1,HCM,1,18974,1011,230,19,230,28,213,6,6,6,6,6,NA,NA,NA,NA,2011-10-21 02:51:00,0
2011-10-21 04:00:00,WIND,600702,1,HCM,1,18974,1011,230,19,230,30,347,6,6,6,6,6,NA,NA,NA,NA,2011-10-21 03:51:00,0
2011-10-21 05:00:00,WIND,600702,1,HCM,1,18974,1011,220,21,220,33,447,6,6,6,6,6,NA,NA,NA,NA,2011-10-21 04:51:00,0
2011-10-21 06:00:00,WIND,600702,1,HCM,1,18974,1011,220,25,210,34,456,6,6,6,6,6,NA,NA,NA,NA,2011-10-21 05:51:00,0
2011-10-21 07:00:00,WIND,600702,1,HCM,1,18974,1011,220,24,220,35,604,6,6,6,6,6,NA,NA,NA,NA,2011-10-21 06:51:00,0
2011-10-21 08:00:00,WIND,600702,1,HCM,1,18974,1011,220,25,210,36,731,6,6,6,6,6,NA,NA,NA,NA,2011-10-21 07:51:00,0
2011-10-21 09:00:00,WIND,600702,1,HCM,1,18974,1011,220,27,220,39,815,6,6,6,6,6,NA,NA,NA,NA,2011-10-21 08:54:00,0
2011-10-21 10:00:00,WIND,600702,1,HCM,1,18974,1011,240,23,250,40,926,6,6,6,6,6,NA,NA,NA,NA,2011-10-21 09:51:00,0
2011-10-21 11:00:00,WIND,600702,1,HCM,1,18974,1011,260,13,270,23,958,6,6,6,6,6,NA,NA,NA,NA,2011-10-21 10:51:00,0
2011-10-21 12:00:00,WIND,600702,1,HCM,1,18974,1011,240,10,230,15,1147,6,6,6,6,6,NA,NA,NA,NA,2011-10-21 11:51:00,0
2011-10-21 13:00:00,WIND,600702,1,HCM,1,18974,1011,230,11,240,17,1150,6,6,6,6,6,NA,NA,NA,NA,2011-10-21 12:51:00,0
2011-10-21 14:00:00,WIND,600702,1,HCM,1,18974,1011,220,10,230,15,1317,6,6,6,6,6,NA,NA,NA,NA,2011-10-21 13:51:00,0
2011-10-21 15:00:00,WIND,600702,1,HCM,1,18974,1011,210,11,210,15,1359,6,6,6,6,6,NA,NA,NA,NA,2011-10-21 14:51:00,0
2011-10-21 16:00:00,WIND,600702,1,HCM,1,18974,1011,200,10,190,15,1547,6,6,6,6,6,NA,NA,NA,NA,2011-10-21 15:51:00,0
2011-10-21 17:00:00,WIND,600702,1,HCM,1,18974,1011,200,11,200,16,1643,6,6,6,6,6,NA,NA,NA,NA,2011-10-21 16:51:00,0
2011-10-21 18:00:00,WIND,600702,1,HCM,1,18974,1011,200,11,190,17,1723,6,6,6,6,6,NA,NA,NA,NA,2011-10-21 17:51:00,0
2011-10-21 19:00:00,WIND,600702,1,HCM,1,18974,1011,180,13,190,20,1848,6,6,6,6,6,NA,NA,NA,NA,2011-10-21 18:51:00,0
2011-10-21 20:00:00,WIND,600702,1,HCM,1,18974,1011,200,18,200,27,1940,6,6,6,6,6,NA,NA,NA,NA,2011-10-21 19:51:00,0
2011-10-21 21:00:00,WIND,600702,1,HCM,1,18974,1011,200,21,200,29,2033,6,6,6,6,6,NA,NA,NA,NA,2011-10-21 20:54:00,0
2011-10-21 22:00:00,WIND,600702,1,HCM,1,18974,1011,190,23,200,34,2114,6,6,6,6,6,NA,NA,NA,NA,2011-10-21 21:51:00,0
2011-10-21 23:00:00,WIND,600702,1,HCM,1,18974,1011,190,25,190,34,2216,6,6,6,6,6,NA,NA,NA,NA,2011-10-21 22:51:00,0
2011-10-22 00:00:00,WIND,600702,1,HCM,1,18974,1011,190,27,200,36,2319,6,6,6,6,6,NA,NA,NA,NA,2011-10-21 23:51:00,0
2011-10-22 01:00:00,WIND,600702,1,HCM,1,18974,1011,190,26,190,35,2352,6,6,6,6,6,NA,NA,NA,NA,2011-10-22 00:51:00,0
2011-10-22 02:00:00,WIND,600702,1,HCM,1,18974,1011,190,27,190,39,124,6,6,6,6,6,NA,NA,NA,NA,2011-10-22 01:51:00,0
2011-10-22 03:00:00,WIND,600702,1,HCM,1,18974,1011,190,28,180,39,245,6,6,6,6,6,NA,NA,NA,NA,2011-10-22 02:51:00,0
2011-10-22 04:00:00,WIND,600702,1,HCM,1,18974,1011,190,28,190,39,346,6,6,6,6,6,NA,NA,NA,NA,2011-10-22 03:51:00,0
2011-10-22 05:00:00,WIND,600702,1,HCM,1,18974,1011,180,29,180,39,433,6,6,6,6,6,NA,NA,NA,NA,2011-10-22 04:51:00,0
2011-10-22 06:00:00,WIND,600702,1,HCM,1,18974,1011,190,30,190,41,530,6,6,6,6,6,NA,NA,NA,NA,2011-10-22 05:51:00,0
2011-10-22 07:00:00,WIND,600702,1,HCM,1,18974,1011,190,29,190,39,627,6,6,6,6,6,NA,NA,NA,NA,2011-10-22 06:51:00,0
2011-10-22 08:00:00,WIND,600702,1,HCM,1,18974,1011,190,29,190,41,658,6,6,6,6,6,NA,NA,NA,NA,2011-10-22 07:51:00,0
2011-10-22 09:00:00,WIND,600702,1,HCM,1,18974,1011,180,30,180,42,843,6,6,6,6,6,NA,NA,NA,NA,2011-10-22 08:54:00,0
2011-10-22 10:00:00,WIND,600702,1,HCM,1,18974,1011,190,30,180,42,851,6,6,6,6,6,NA,NA,NA,NA,2011-10-22 09:51:00,0
2011-10-22 11:00:00,WIND,600702,1,HCM,1,18974,1011,190,29,180,40,1041,6,6,6,6,6,NA,NA,NA,NA,2011-10-22 10:51:00,0
2011-10-22 12:00:00,WIND,600702,1,HCM,1,18974,1011,190,30,190,42,1108,6,6,6,6,6,NA,NA,NA,NA,2011-10-22 11:51:00,0
2011-10-22 13:00:00,WIND,600702,1,HCM,1,18974,1011,210,24,190,38,1153,6,6,6,6,6,NA,NA,NA,NA,2011-10-22 12:51:00,0
2011-10-22 14:00:00,WIND,600702,1,HCM,1,18974,1011,230,9,250,15,1303,6,6,6,6,6,NA,NA,NA,NA,2011-10-22 13:51:00,0
2011-10-22 15:00:00,WIND,600702,1,HCM,1,18974,1011,220,8,220,12,1434,6,6,6,6,6,NA,NA,NA,NA,2011-10-22 14:51:00,0
2011-10-22 16:00:00,WIND,600702,1,HCM,1,18974,1011,220,7,220,12,1451,6,6,6,6,6,NA,NA,NA,NA,2011-10-22 15:51:00,0
2011-10-22 17:00:00,WIND,600702,1,HCM,1,18974,1011,230,5,240,10,1632,6,6,6,6,6,NA,NA,NA,NA,2011-10-22 16:51:00,0
2011-10-22 18:00:00,WIND,600702,1,HCM,1,18974,1011,200,5,190,8,1737,6,6,6,6,6,NA,NA,NA,NA,2011-10-22 17:51:00,0
2011-10-22 19:00:00,WIND,600702,1,HCM,1,18974,1011,200,6,190,10,1839,6,6,6,6,6,NA,NA,NA,NA,2011-10-22 18:51:00,0
2011-10-22 20:00:00,WIND,600702,1,HCM,1,18974,1011,210,7,200,9,1905,6,6,6,6,6,NA,NA,NA,NA,2011-10-22 19:51:00,0
2011-10-22 21:00:00,WIND,600702,1,HCM,1,18974,1011,200,7,200,11,2008,6,6,6,6,6,NA,NA,NA,NA,2011-10-22 20:54:00,0
2011-10-22 22:00:00,WIND,600702,1,HCM,1,18974,1011,210,8,210,11,2114,6,6,6,6,6,NA,NA,NA,NA,2011-10-22 21:51:00,0
2011-10-22 23:00:00,WIND,600702,1,HCM,1,18974,1011,200,8,210,13,2246,6,6,6,6,6,NA,NA,NA,NA,2011-10-22 22:51:00,0
2011-10-23 00:00:00,WIND,600702,1,HCM,1,18974,1011,200,10,200,14,2305,6,6,6,6,6,NA,NA,NA,NA,2011-10-22 23:51:00,0
2011-10-23 01:00:00,WIND,600702,1,HCM,1,18974,1011,190,12,190,17,22,6,6,6,6,6,NA,NA,NA,NA,2011-10-23 00:51:00,0
2011-10-23 02:00:00,WIND,600702,1,HCM,1,18974,1011,190,15,190,21,145,6,6,6,6,6,NA,NA,NA,NA,2011-10-23 01:51:00,0
2011-10-23 03:00:00,WIND,600702,1,HCM,1,18974,1011,190,18,180,26,210,6,6,6,6,6,NA,NA,NA,NA,2011-10-23 02:51:00,0
2011-10-23 04:00:00,WIND,600702,1,HCM,1,18974,1011,190,19,190,27,336,6,6,6,6,6,NA,NA,NA,NA,2011-10-23 03:51:00,0
2011-10-23 05:00:00,WIND,600702,1,HCM,1,18974,1011,190,22,190,29,428,6,6,6,6,6,NA,NA,NA,NA,2011-10-23 04:51:00,0
2011-10-23 06:00:00,WIND,600702,1,HCM,1,18974,1011,190,22,190,30,533,6,6,6,6,6,NA,NA,NA,NA,2011-10-23 05:51:00,0
2011-10-23 07:00:00,WIND,600702,1,HCM,1,18974,1011,190,22,190,30,608,6,6,6,6,6,NA,NA,NA,NA,2011-10-23 06:51:00,0
2011-10-23 08:00:00,WIND,600702,1,HCM,1,18974,1011,190,23,190,31,709,6,6,6,6,6,NA,NA,NA,NA,2011-10-23 07:51:00,0
2011-10-23 09:00:00,WIND,600702,1,HCM,1,18974,1011,180,22,180,31,750,6,6,6,6,6,NA,NA,NA,NA,2011-10-23 08:54:00,0
2011-10-23 10:00:00,WIND,600702,1,HCM,1,18974,1011,180,21,180,28,853,6,6,6,6,6,NA,NA,NA,NA,2011-10-23 09:52:00,0
2011-10-23 11:00:00,WIND,600702,1,HCM,1,18974,1011,180,20,180,28,1005,6,6,6,6,6,NA,NA,NA,NA,2011-10-23 10:52:00,0
2011-10-23 12:00:00,WIND,600702,1,HCM,1,18974,1011,180,22,190,30,1131,6,6,6,6,6,NA,NA,NA,NA,2011-10-23 11:52:00,0
2011-10-23 13:00:00,WIND,600702,1,HCM,1,18974,1011,170,20,170,27,1200,6,6,6,6,6,NA,NA,NA,NA,2011-10-23 12:51:00,0
2011-10-23 14:00:00,WIND,600702,1,HCM,1,18974,1011,170,20,170,28,1253,6,6,6,6,6,NA,NA,NA,NA,2011-10-23 13:51:00,0
2011-10-23 15:00:00,WIND,600702,1,HCM,1,18974,1011,150,16,170,23,1358,6,6,6,6,6,NA,NA,NA,NA,2011-10-23 14:51:00,0
2011-10-23 16:00:00,WIND,600702,1,HCM,1,18974,1011,120,13,150,18,1450,6,6,6,6,6,NA,NA,NA,NA,2011-10-23 15:51:00,0
2011-10-23 17:00:00,WIND,600702,1,HCM,1,18974,1011,90,11,90,16,1612,6,6,6,6,6,NA,NA,NA,NA,2011-10-23 16:51:00,0
2011-10-23 18:00:00,WIND,600702,1,HCM,1,18974,1011,110,8,110,17,1721,6,6,6,6,6,NA,NA,NA,NA,2011-10-23 17:51:00,0
2011-10-23 19:00:00,WIND,600702,1,HCM,1,18974,1011,160,17,160,24,1812,6,6,6,6,6,NA,NA,NA,NA,2011-10-23 18:51:00,0
2011-10-23 20:00:00,WIND,600702,1,HCM,1,18974,1011,160,17,160,22,1918,6,6,6,6,6,NA,NA,NA,NA,2011-10-23 19:51:00,0
2011-10-23 21:00:00,WIND,600702,1,HCM,1,18974,1011,150,25,150,39,2042,6,6,6,6,6,NA,NA,NA,NA,2011-10-23 20:54:00,0
2011-10-23 22:00:00,WIND,600702,1,HCM,1,18974,1011,140,32,150,47,2144,6,6,6,6,6,NA,NA,NA,NA,2011-10-23 21:51:00,0
2011-10-23 23:00:00,WIND,600702,1,HCM,1,18974,1011,140,30,150,42,2212,6,6,6,6,6,NA,NA,NA,NA,2011-10-23 22:51:00,0
2011-10-24 00:00:00,WIND,600702,1,HCM,1,18974,1011,140,31,130,42,2349,6,6,6,6,6,NA,NA,NA,NA,2011-10-23 23:51:00,0
2011-10-24 01:00:00,WIND,600702,1,HCM,1,18974,1011,140,32,140,43,45,6,6,6,6,6,NA,NA,NA,NA,2011-10-24 00:51:00,0
2011-10-24 02:00:00,WIND,600702,1,HCM,1,18974,1011,140,30,140,43,50,6,6,6,6,6,NA,NA,NA,NA,2011-10-24 01:51:00,0
2011-10-24 03:00:00,WIND,600702,1,HCM,1,18974,1011,140,31,130,41,206,6,6,6,6,6,NA,NA,NA,NA,2011-10-24 02:51:00,0
2011-10-24 04:00:00,WIND,600702,1,HCM,1,18974,1011,140,30,140,41,302,6,6,6,6,6,NA,NA,NA,NA,2011-10-24 03:51:00,0
2011-10-24 05:00:00,WIND,600702,1,HCM,1,18974,1011,130,30,140,43,446,6,6,6,6,6,NA,NA,NA,NA,2011-10-24 04:51:00,0
2011-10-24 06:00:00,WIND,600702,1,HCM,1,18974,1011,140,31,140,42,503,6,6,6,6,6,NA,NA,NA,NA,2011-10-24 05:51:00,0
2011-10-24 07:00:00,WIND,600702,1,HCM,1,18974,1011,140,31,140,41,642,6,6,6,6,6,NA,NA,NA,NA,2011-10-24 06:51:00,0
2011-10-24 08:00:00,WIND,600702,1,HCM,1,18974,1011,140,32,140,46,746,6,6,6,6,6,NA,NA,NA,NA,2011-10-24 07:51:00,0
2011-10-24 09:00:00,WIND,600702,1,HCM,1,18974,1011,140,35,140,48,755,6,6,6,6,6,NA,NA,NA,NA,2011-10-24 08:53:00,0
2011-10-24 10:00:00,WIND,600702,1,HCM,1,18974,1011,150,34,140,47,850,6,6,6,6,6,NA,NA,NA,NA,2011-10-24 09:51:00,0
2011-10-24 11:00:00,WIND,600702,1,HCM,1,18974,1011,150,30,160,41,1049,6,6,6,6,6,NA,NA,NA,NA,2011-10-24 10:51:00,0
2011-10-24 12:00:00,WIND,600702,1,HCM,1,18974,1011,160,29,170,43,1050,6,6,6,6,6,NA,NA,NA,NA,2011-10-24 11:51:00,0
2011-10-24 13:00:00,WIND,600702,1,HCM,1,18974,1011,160,24,160,34,1153,6,6,6,6,6,NA,NA,NA,NA,2011-10-24 12:51:00,0
2011-10-24 14:00:00,WIND,600702,1,HCM,1,18974,1011,150,22,150,30,1257,6,6,6,6,6,NA,NA,NA,NA,2011-10-24 13:51:00,0
2011-10-24 15:00:00,WIND,600702,1,HCM,1,18974,1011,140,19,150,27,1408,6,6,6,6,6,NA,NA,NA,NA,2011-10-24 14:51:00,0
2011-10-24 16:00:00,WIND,600702,1,HCM,1,18974,1011,150,15,140,22,1459,6,6,6,6,6,NA,NA,NA,NA,2011-10-24 15:51:00,0
2011-10-24 17:00:00,WIND,600702,1,HCM,1,18974,1011,150,9,150,16,1556,6,6,6,6,6,NA,NA,NA,NA,2011-10-24 16:51:00,0
2011-10-24 18:00:00,WIND,600702,1,HCM,1,18974,1011,140,13,130,21,1739,6,6,6,6,6,NA,NA,NA,NA,2011-10-24 17:52:00,0
2011-10-24 19:00:00,WIND,600702,1,HCM,1,18974,1011,130,18,130,24,1827,6,6,6,6,6,NA,NA,NA,NA,2011-10-24 18:51:00,0
2011-10-24 20:00:00,WIND,600702,1,HCM,1,18974,1011,120,17,130,23,1900,6,6,6,6,6,NA,NA,NA,NA,2011-10-24 19:51:00,0
2011-10-24 21:00:00,WIND,600702,1,HCM,1,18974,1011,130,22,120,32,2042,6,6,6,6,6,NA,NA,NA,NA,2011-10-24 20:54:00,0
2011-10-24 22:00:00,WIND,600702,1,HCM,1,18974,1011,120,25,120,35,2144,6,6,6,6,6,NA,NA,NA,NA,2011-10-24 21:51:00,0
2011-10-24 23:00:00,WIND,600702,1,HCM,1,18974,1011,110,27,110,36,2217,6,6,6,6,6,NA,NA,NA,NA,2011-10-24 22:51:00,0
2011-10-25 00:00:00,WIND,600702,1,HCM,1,18974,1011,110,29,120,40,2330,6,6,6,6,6,NA,NA,NA,NA,2011-10-24 23:51:00,0
2011-10-25 01:00:00,WIND,600702,1,HCM,1,18974,1011,120,29,120,41,35,6,6,6,6,6,NA,NA,NA,NA,2011-10-25 00:51:00,0
2011-10-25 02:00:00,WIND,600702,1,HCM,1,18974,1011,120,29,120,39,138,6,6,6,6,6,NA,NA,NA,NA,2011-10-25 01:51:00,0
2011-10-25 03:00:00,WIND,600702,1,HCM,1,18974,1011,120,27,120,40,153,6,6,6,6,6,NA,NA,NA,NA,2011-10-25 02:51:00,0
2011-10-25 04:00:00,WIND,600702,1,HCM,1,18974,1011,120,25,120,35,329,6,6,6,6,6,NA,NA,NA,NA,2011-10-25 03:51:00,0
2011-10-25 05:00:00,WIND,600702,1,HCM,1,18974,1011,130,25,130,33,352,6,6,6,6,6,NA,NA,NA,NA,2011-10-25 04:51:00,0
2011-10-25 06:00:00,WIND,600702,1,HCM,1,18974,1011,130,22,130,30,503,6,6,6,6,6,NA,NA,NA,NA,2011-10-25 05:51:00,0
2011-10-25 07:00:00,WIND,600702,1,HCM,1,18974,1011,130,23,130,31,628,6,6,6,6,6,NA,NA,NA,NA,2011-10-25 06:51:00,0
2011-10-25 08:00:00,WIND,600702,1,HCM,1,18974,1011,140,21,140,29,735,6,6,6,6,6,NA,NA,NA,NA,2011-10-25 07:51:00,0
2011-10-25 09:00:00,WIND,600702,1,HCM,1,18974,1011,140,19,140,26,806,6,6,6,6,6,NA,NA,NA,NA,2011-10-25 08:53:00,0
2011-10-25 10:00:00,WIND,600702,1,HCM,1,18974,1011,160,16,150,25,854,6,6,6,6,6,NA,NA,NA,NA,2011-10-25 09:51:00,0
2011-10-25 11:00:00,WIND,600702,1,HCM,1,18974,1011,180,12,160,19,1027,6,6,6,6,6,NA,NA,NA,NA,2011-10-25 11:01:00,0
2011-10-25 12:00:00,WIND,600702,1,HCM,1,18974,1011,170,15,170,20,1057,6,6,6,6,6,NA,NA,NA,NA,2011-10-25 11:51:00,0
2011-10-25 13:00:00,WIND,600702,1,HCM,1,18974,1011,170,13,170,19,1153,6,6,6,6,6,NA,NA,NA,NA,2011-10-25 12:51:00,0
2011-10-25 14:00:00,WIND,600702,1,HCM,1,18974,1011,180,10,190,15,1317,6,6,6,6,6,NA,NA,NA,NA,2011-10-25 13:51:00,0
2011-10-25 15:00:00,WIND,600702,1,HCM,1,18974,1011,170,7,180,12,1403,6,6,6,6,6,NA,NA,NA,NA,2011-10-25 14:51:00,0
2011-10-25 16:00:00,WIND,600702,1,HCM,1,18974,1011,160,14,160,23,1549,6,6,6,6,6,NA,NA,NA,NA,2011-10-25 15:51:00,0
2011-10-25 17:00:00,WIND,600702,1,HCM,1,18974,1011,150,20,150,31,1646,6,6,6,6,6,NA,NA,NA,NA,2011-10-25 16:51:00,0
2011-10-25 18:00:00,WIND,600702,1,HCM,1,18974,1011,150,26,150,37,1731,6,6,6,6,6,NA,NA,NA,NA,2011-10-25 17:51:00,0
2011-10-25 19:00:00,WIND,600702,1,HCM,1,18974,1011,160,24,150,35,1753,6,6,6,6,6,NA,NA,NA,NA,2011-10-25 18:51:00,0
2011-10-25 20:00:00,WIND,600702,1,HCM,1,18974,1011,180,17,160,24,1910,6,6,6,6,6,NA,NA,NA,NA,2011-10-25 19:51:00,0
2011-10-25 21:00:00,WIND,600702,1,HCM,1,18974,1011,210,14,200,23,2010,6,6,6,6,6,NA,NA,NA,NA,2011-10-25 20:54:00,0
2011-10-25 22:00:00,WIND,600702,1,HCM,1,18974,1011,200,11,210,20,2059,6,6,6,6,6,NA,NA,NA,NA,2011-10-25 21:51:00,0
2011-10-25 23:00:00,WIND,600702,1,HCM,1,18974,1011,190,13,180,19,2237,6,6,6,6,6,NA,NA,NA,NA,2011-10-25 22:51:00,0
2011-10-26 00:00:00,WIND,600702,1,HCM,1,18974,1011,180,15,180,19,2322,6,6,6,6,6,NA,NA,NA,NA,2011-10-25 23:52:00,0
2011-10-26 01:00:00,WIND,600702,1,HCM,1,18974,1011,170,15,180,20,2350,6,6,6,6,6,NA,NA,NA,NA,2011-10-26 00:51:00,0
2011-10-26 02:00:00,WIND,600702,1,HCM,1,18974,1011,150,15,150,19,138,6,6,6,6,6,NA,NA,NA,NA,2011-10-26 01:51:00,0
2011-10-26 03:00:00,WIND,600702,1,HCM,1,18974,1011,140,15,130,22,157,6,6,6,6,6,NA,NA,NA,NA,2011-10-26 02:51:00,0
2011-10-26 04:00:00,WIND,600702,1,HCM,1,18974,1011,140,15,160,21,338,6,6,6,6,6,NA,NA,NA,NA,2011-10-26 03:51:00,0
2011-10-26 05:00:00,WIND,600702,1,HCM,1,18974,1011,150,17,150,24,445,6,6,6,6,6,NA,NA,NA,NA,2011-10-26 04:51:00,0
2011-10-26 06:00:00,WIND,600702,1,HCM,1,18974,1011,160,17,150,25,453,6,6,6,6,6,NA,NA,NA,NA,2011-10-26 05:51:00,0
2011-10-26 07:00:00,WIND,600702,1,HCM,1,18974,1011,150,14,140,19,615,6,6,6,6,6,NA,NA,NA,NA,2011-10-26 06:51:00,0
2011-10-26 08:00:00,WIND,600702,1,HCM,1,18974,1011,160,15,170,21,731,6,6,6,6,6,NA,NA,NA,NA,2011-10-26 07:51:00,0
2011-10-26 09:00:00,WIND,600702,1,HCM,1,18974,1011,160,14,160,19,750,6,6,6,6,6,NA,NA,NA,NA,2011-10-26 08:55:00,0
2011-10-26 10:00:00,WIND,600702,1,HCM,1,18974,1011,160,15,160,19,927,6,6,6,6,6,NA,NA,NA,NA,2011-10-26 09:51:00,0
2011-10-26 11:00:00,WIND,600702,1,HCM,1,18974,1011,160,16,180,20,1040,6,6,6,6,6,NA,NA,NA,NA,2011-10-26 10:51:00,0
2011-10-26 12:00:00,WIND,600702,1,HCM,1,18974,1011,180,15,190,21,1117,6,6,6,6,6,NA,NA,NA,NA,2011-10-26 11:51:00,0
2011-10-26 13:00:00,WIND,600702,1,HCM,1,18974,1011,190,15,190,20,1240,6,6,6,6,6,NA,NA,NA,NA,2011-10-26 12:51:00,0
2011-10-26 14:00:00,WIND,600702,1,HCM,1,18974,1011,180,15,180,20,1310,6,6,6,6,6,NA,NA,NA,NA,2011-10-26 13:51:00,0
2011-10-26 15:00:00,WIND,600702,1,HCM,1,18974,1011,180,15,190,20,1447,6,6,6,6,6,NA,NA,NA,NA,2011-10-26 14:51:00,0
2011-10-26 16:00:00,WIND,600702,1,HCM,1,18974,1011,180,15,180,20,1451,6,6,6,6,6,NA,NA,NA,NA,2011-10-26 15:51:00,0
2011-10-26 17:00:00,WIND,600702,1,HCM,1,18974,1011,180,15,170,21,1606,6,6,6,6,6,NA,NA,NA,NA,2011-10-26 16:51:00,0
2011-10-26 18:00:00,WIND,600702,1,HCM,1,18974,1011,180,16,180,21,1745,6,6,6,6,6,NA,NA,NA,NA,2011-10-26 17:51:00,0
2011-10-26 19:00:00,WIND,600702,1,HCM,1,18974,1011,180,16,170,22,1828,6,6,6,6,6,NA,NA,NA,NA,2011-10-26 18:51:00,0
2011-10-26 20:00:00,WIND,600702,1,HCM,1,18974,1011,170,19,150,26,1859,6,6,6,6,6,NA,NA,NA,NA,2011-10-26 19:51:00,0
2011-10-26 21:00:00,WIND,600702,1,HCM,1,18974,1011,170,21,170,27,2039,6,6,6,6,6,NA,NA,NA,NA,2011-10-26 20:53:00,0
2011-10-26 22:00:00,WIND,600702,1,HCM,1,18974,1011,160,22,160,29,2143,6,6,6,6,6,NA,NA,NA,NA,2011-10-26 21:51:00,0
2011-10-26 23:00:00,WIND,600702,1,HCM,1,18974,1011,160,25,160,34,2228,6,6,6,6,6,NA,NA,NA,NA,2011-10-26 22:51:00,0
2011-10-27 00:00:00,WIND,600702,1,HCM,1,18974,1011,160,27,150,40,2349,6,6,6,6,6,NA,NA,NA,NA,2011-10-26 23:51:00,0
2011-10-27 01:00:00,WIND,600702,1,HCM,1,18974,1011,160,31,160,42,9,6,6,6,6,6,NA,NA,NA,NA,2011-10-27 00:51:00,0
2011-10-27 02:00:00,WIND,600702,1,HCM,1,18974,1011,170,30,170,41,145,6,6,6,6,6,NA,NA,NA,NA,2011-10-27 01:51:00,0
2011-10-27 03:00:00,WIND,600702,1,HCM,1,18974,1011,180,33,190,45,234,6,6,6,6,6,NA,NA,NA,NA,2011-10-27 02:51:00,0
2011-10-27 04:00:00,WIND,600702,1,HCM,1,18974,1011,210,29,190,44,250,6,6,6,6,6,NA,NA,NA,NA,2011-10-27 03:51:00,0
2011-10-27 05:00:00,WIND,600702,1,HCM,1,18974,1011,230,24,230,34,350,6,6,6,6,6,NA,NA,NA,NA,2011-10-27 04:51:00,0
2011-10-27 06:00:00,WIND,600702,1,HCM,1,18974,1011,240,19,240,30,514,6,6,6,6,6,NA,NA,NA,NA,2011-10-27 05:51:00,0
2011-10-27 07:00:00,WIND,600702,1,HCM,1,18974,1011,230,14,240,22,633,6,6,6,6,6,NA,NA,NA,NA,2011-10-27 06:51:00,0
2011-10-27 08:00:00,WIND,600702,1,HCM,1,18974,1011,230,13,230,22,726,6,6,6,6,6,NA,NA,NA,NA,2011-10-27 07:51:00,0
2011-10-27 09:00:00,WIND,600702,1,HCM,1,18974,1011,210,13,210,18,845,6,6,6,6,6,NA,NA,NA,NA,2011-10-27 08:54:00,0
2011-10-27 10:00:00,WIND,600702,1,HCM,1,18974,1011,220,12,220,23,852,6,6,6,6,6,NA,NA,NA,NA,2011-10-27 09:51:00,0
2011-10-27 11:00:00,WIND,600702,1,HCM,1,18974,1011,220,13,230,20,1015,6,6,6,6,6,NA,NA,NA,NA,2011-10-27 10:52:00,0
2011-10-27 12:00:00,WIND,600702,1,HCM,1,18974,1011,230,13,240,21,1059,6,6,6,6,6,NA,NA,NA,NA,2011-10-27 11:51:00,0
2011-10-27 13:00:00,WIND,600702,1,HCM,1,18974,1011,230,15,240,21,1226,6,6,6,6,6,NA,NA,NA,NA,2011-10-27 12:51:00,0
2011-10-27 14:00:00,WIND,600702,1,HCM,1,18974,1011,230,15,230,22,1344,6,6,6,6,6,NA,NA,NA,NA,2011-10-27 13:51:00,0
2011-10-27 15:00:00,WIND,600702,1,HCM,1,18974,1011,250,17,270,28,1441,6,6,6,6,6,NA,NA,NA,NA,2011-10-27 14:51:00,0
2011-10-27 16:00:00,WIND,600702,1,HCM,1,18974,1011,270,14,270,25,1456,6,6,6,6,6,NA,NA,NA,NA,2011-10-27 15:51:00,0
2011-10-27 17:00:00,WIND,600702,1,HCM,1,18974,1011,260,13,260,23,1627,6,6,6,6,6,NA,NA,NA,NA,2011-10-27 16:51:00,0
2011-10-27 18:00:00,WIND,600702,1,HCM,1,18974,1011,260,13,260,20,1743,6,6,6,6,6,NA,NA,NA,NA,2011-10-27 17:51:00,0
2011-10-27 19:00:00,WIND,600702,1,HCM,1,18974,1011,260,14,270,23,1807,6,6,6,6,6,NA,NA,NA,NA,2011-10-27 18:51:00,0
2011-10-27 20:00:00,WIND,600702,1,HCM,1,18974,1011,250,14,240,22,1941,6,6,6,6,6,NA,NA,NA,NA,2011-10-27 19:51:00,0
2011-10-27 21:00:00,WIND,600702,1,HCM,1,18974,1011,250,14,250,23,2042,6,6,6,6,6,NA,NA,NA,NA,2011-10-27 20:53:00,0
2011-10-27 22:00:00,WIND,600702,1,HCM,1,18974,1011,250,16,250,23,2056,6,6,6,6,6,NA,NA,NA,NA,2011-10-27 21:51:00,0
2011-10-27 23:00:00,WIND,600702,1,HCM,1,18974,1011,260,14,250,24,2216,6,6,6,6,6,NA,NA,NA,NA,2011-10-27 22:51:00,0
2011-10-28 00:00:00,WIND,600702,1,HCM,1,18974,1011,250,15,240,24,2251,6,6,6,6,6,NA,NA,NA,NA,2011-10-27 23:51:00,0
2011-10-28 01:00:00,WIND,600702,1,HCM,1,18974,1011,260,13,270,24,2,6,6,6,6,6,NA,NA,NA,NA,2011-10-28 00:51:00,0
2011-10-28 02:00:00,WIND,600702,1,HCM,1,18974,1011,250,14,260,22,104,6,6,6,6,6,NA,NA,NA,NA,2011-10-28 01:51:00,0
2011-10-28 03:00:00,WIND,600702,1,HCM,1,18974,1011,250,14,250,22,239,6,6,6,6,6,NA,NA,NA,NA,2011-10-28 02:51:00,0
2011-10-28 04:00:00,WIND,600702,1,HCM,1,18974,1011,240,12,240,18,340,6,6,6,6,6,NA,NA,NA,NA,2011-10-28 03:51:00,0
2011-10-28 05:00:00,WIND,600702,1,HCM,1,18974,1011,240,12,240,21,428,6,6,6,6,6,NA,NA,NA,NA,2011-10-28 04:51:00,0
2011-10-28 06:00:00,WIND,600702,1,HCM,1,18974,1011,230,12,240,20,450,6,6,6,6,6,NA,NA,NA,NA,2011-10-28 05:51:00,0
2011-10-28 07:00:00,WIND,600702,1,HCM,1,18974,1011,220,12,220,18,649,6,6,6,6,6,NA,NA,NA,NA,2011-10-28 06:51:00,0
2011-10-28 08:00:00,WIND,600702,1,HCM,1,18974,1011,220,13,210,21,746,6,6,6,6,6,NA,NA,NA,NA,2011-10-28 07:51:00,0
2011-10-28 09:00:00,WIND,600702,1,HCM,1,18974,1011,210,19,210,28,813,6,6,6,6,6,NA,NA,NA,NA,2011-10-28 08:53:00,0
2011-10-28 10:00:00,WIND,600702,1,HCM,1,18974,1011,200,19,200,28,855,6,6,6,6,6,NA,NA,NA,NA,2011-10-28 09:51:00,0
2011-10-28 11:00:00,WIND,600702,1,HCM,1,18974,1011,190,21,190,30,1046,6,6,6,6,6,NA,NA,NA,NA,2011-10-28 10:51:00,0
2011-10-28 12:00:00,WIND,600702,1,HCM,1,18974,1011,190,25,190,35,1148,6,6,6,6,6,NA,NA,NA,NA,2011-10-28 11:52:00,0
2011-10-28 13:00:00,WIND,600702,1,HCM,1,18974,1011,180,26,180,35,1156,6,6,6,6,6,NA,NA,NA,NA,2011-10-28 12:52:00,0
2011-10-28 14:00:00,WIND,600702,1,HCM,1,18974,1011,180,28,190,40,1339,6,6,6,6,6,NA,NA,NA,NA,2011-10-28 13:51:00,0
2011-10-28 15:00:00,WIND,600702,1,HCM,1,18974,1011,180,30,190,40,1432,6,6,6,6,6,NA,NA,NA,NA,2011-10-28 14:52:00,0
2011-10-28 16:00:00,WIND,600702,1,HCM,1,18974,1011,180,30,180,42,1508,6,6,6,6,6,NA,NA,NA,NA,2011-10-28 15:51:00,0
2011-10-28 17:00:00,WIND,600702,1,HCM,1,18974,1011,180,30,180,42,1620,6,6,6,6,6,NA,NA,NA,NA,2011-10-28 16:51:00,0
2011-10-28 18:00:00,WIND,600702,1,HCM,1,18974,1011,180,28,180,40,1654,6,6,6,6,6,NA,NA,NA,NA,2011-10-28 17:51:00,0
2011-10-28 19:00:00,WIND,600702,1,HCM,1,18974,1011,180,28,180,38,1840,6,6,6,6,6,NA,NA,NA,NA,2011-10-28 19:04:00,0
2011-10-28 20:00:00,WIND,600702,1,HCM,1,18974,1011,180,29,190,39,1935,6,6,6,6,6,NA,NA,NA,NA,2011-10-28 19:51:00,0
2011-10-28 21:00:00,WIND,600702,1,HCM,1,18974,1011,180,29,190,39,2006,6,6,6,6,6,NA,NA,NA,NA,2011-10-28 20:54:00,0
2011-10-28 22:00:00,WIND,600702,1,HCM,1,18974,1011,180,28,190,39,2057,6,6,6,6,6,NA,NA,NA,NA,2011-10-28 21:51:00,0
2011-10-28 23:00:00,WIND,600702,1,HCM,1,18974,1011,190,28,190,37,2206,6,6,6,6,6,NA,NA,NA,NA,2011-10-28 22:51:00,0
2011-10-29 00:00:00,WIND,600702,1,HCM,1,18974,1011,190,26,190,37,2258,6,6,6,6,6,NA,NA,NA,NA,2011-10-28 23:51:00,0
2011-10-29 01:00:00,WIND,600702,1,HCM,1,18974,1011,190,26,190,36,37,6,6,6,6,6,NA,NA,NA,NA,2011-10-29 00:51:00,0
2011-10-29 02:00:00,WIND,600702,1,HCM,1,18974,1011,190,24,180,33,123,6,6,6,6,6,NA,NA,NA,NA,2011-10-29 01:51:00,0
2011-10-29 03:00:00,WIND,600702,1,HCM,1,18974,1011,190,26,190,35,221,6,6,6,6,6,NA,NA,NA,NA,2011-10-29 02:51:00,0
2011-10-29 04:00:00,WIND,600702,1,HCM,1,18974,1011,190,26,190,34,302,6,6,6,6,6,NA,NA,NA,NA,2011-10-29 03:51:00,0
2011-10-29 05:00:00,WIND,600702,1,HCM,1,18974,1011,190,24,190,35,400,6,6,6,6,6,NA,NA,NA,NA,2011-10-29 04:51:00,0
2011-10-29 06:00:00,WIND,600702,1,HCM,1,18974,1011,180,23,180,31,526,6,6,6,6,6,NA,NA,NA,NA,2011-10-29 05:51:00,0
2011-10-29 07:00:00,WIND,600702,1,HCM,1,18974,1011,180,23,170,31,605,6,6,6,6,6,NA,NA,NA,NA,2011-10-29 06:51:00,0
2011-10-29 08:00:00,WIND,600702,1,HCM,1,18974,1011,180,24,190,34,731,6,6,6,6,6,NA,NA,NA,NA,2011-10-29 07:51:00,0
2011-10-29 09:00:00,WIND,600702,1,HCM,1,18974,1011,180,24,180,34,753,6,6,6,6,6,NA,NA,NA,NA,2011-10-29 08:53:00,0
2011-10-29 10:00:00,WIND,600702,1,HCM,1,18974,1011,180,24,180,35,931,6,6,6,6,6,NA,NA,NA,NA,2011-10-29 09:51:00,0
2011-10-29 11:00:00,WIND,600702,1,HCM,1,18974,1011,170,27,170,36,1037,6,6,6,6,6,NA,NA,NA,NA,2011-10-29 10:51:00,0
2011-10-29 12:00:00,WIND,600702,1,HCM,1,18974,1011,180,27,190,38,1137,6,6,6,6,6,NA,NA,NA,NA,2011-10-29 11:51:00,0
2011-10-29 13:00:00,WIND,600702,1,HCM,1,18974,1011,190,23,190,33,1155,6,6,6,6,6,NA,NA,NA,NA,2011-10-29 12:51:00,0
2011-10-29 14:00:00,WIND,600702,1,HCM,1,18974,1011,210,17,200,28,1318,6,6,6,6,6,NA,NA,NA,NA,2011-10-29 13:51:00,0
2011-10-29 15:00:00,WIND,600702,1,HCM,1,18974,1011,220,17,220,25,1357,6,6,6,6,6,NA,NA,NA,NA,2011-10-29 14:51:00,0
2011-10-29 16:00:00,WIND,600702,1,HCM,1,18974,1011,230,18,240,27,1525,6,6,6,6,6,NA,NA,NA,NA,2011-10-29 15:51:00,0
2011-10-29 17:00:00,WIND,600702,1,HCM,1,18974,1011,220,17,220,27,1629,6,6,6,6,6,NA,NA,NA,NA,2011-10-29 16:51:00,0
2011-10-29 18:00:00,WIND,600702,1,HCM,1,18974,1011,220,18,220,28,1658,6,6,6,6,6,NA,NA,NA,NA,2011-10-29 17:51:00,0
2011-10-29 19:00:00,WIND,600702,1,HCM,1,18974,1011,220,19,230,30,1847,6,6,6,6,6,NA,NA,NA,NA,2011-10-29 18:51:00,0
2011-10-29 20:00:00,WIND,600702,1,HCM,1,18974,1011,230,20,220,29,1855,6,6,6,6,6,NA,NA,NA,NA,2011-10-29 19:51:00,0
2011-10-29 21:00:00,WIND,600702,1,HCM,1,18974,1011,230,19,240,30,2048,6,6,6,6,6,NA,NA,NA,NA,2011-10-29 20:54:00,0
2011-10-29 22:00:00,WIND,600702,1,HCM,1,18974,1011,230,18,240,29,2135,6,6,6,6,6,NA,NA,NA,NA,2011-10-29 21:51:00,0
2011-10-29 23:00:00,WIND,600702,1,HCM,1,18974,1011,240,18,240,28,2153,6,6,6,6,6,NA,NA,NA,NA,2011-10-29 22:51:00,0
2011-10-30 00:00:00,WIND,600702,1,HCM,1,18974,1011,240,19,230,29,2307,6,6,6,6,6,NA,NA,NA,NA,2011-10-29 23:51:00,0
2011-10-30 01:00:00,WIND,600702,1,HCM,1,18974,1011,230,18,240,27,16,6,6,6,6,6,NA,NA,NA,NA,2011-10-30 00:51:00,0
2011-10-30 02:00:00,WIND,600702,1,HCM,1,18974,1011,240,20,250,31,134,6,6,6,6,6,NA,NA,NA,NA,2011-10-30 01:51:00,0
2011-10-30 03:00:00,WIND,600702,1,HCM,1,18974,1011,250,19,250,34,201,6,6,6,6,6,NA,NA,NA,NA,2011-10-30 02:51:00,0
2011-10-30 04:00:00,WIND,600702,1,HCM,1,18974,1011,240,16,260,26,313,6,6,6,6,6,NA,NA,NA,NA,2011-10-30 03:51:00,0
2011-10-30 05:00:00,WIND,600702,1,HCM,1,18974,1011,240,16,240,25,417,6,6,6,6,6,NA,NA,NA,NA,2011-10-30 04:51:00,0
2011-10-30 06:00:00,WIND,600702,1,HCM,1,18974,1011,230,14,240,21,458,6,6,6,6,6,NA,NA,NA,NA,2011-10-30 05:51:00,0
2011-10-30 07:00:00,WIND,600702,1,HCM,1,18974,1011,230,14,230,23,618,6,6,6,6,6,NA,NA,NA,NA,2011-10-30 06:51:00,0
2011-10-30 08:00:00,WIND,600702,1,HCM,1,18974,1011,220,14,220,22,748,6,6,6,6,6,NA,NA,NA,NA,2011-10-30 07:51:00,0
2011-10-30 09:00:00,WIND,600702,1,HCM,1,18974,1011,220,17,220,27,835,6,6,6,6,6,NA,NA,NA,NA,2011-10-30 08:53:00,0
2011-10-30 10:00:00,WIND,600702,1,HCM,1,18974,1011,200,17,200,24,939,6,6,6,6,6,NA,NA,NA,NA,2011-10-30 09:51:00,0
2011-10-30 11:00:00,WIND,600702,1,HCM,1,18974,1011,190,20,180,29,1040,6,6,6,6,6,NA,NA,NA,NA,2011-10-30 10:51:00,0
2011-10-30 12:00:00,WIND,600702,1,HCM,1,18974,1011,190,21,190,29,1107,6,6,6,6,6,NA,NA,NA,NA,2011-10-30 11:51:00,0
2011-10-30 13:00:00,WIND,600702,1,HCM,1,18974,1011,180,21,190,30,1209,6,6,6,6,6,NA,NA,NA,NA,2011-10-30 12:51:00,0
2011-10-30 14:00:00,WIND,600702,1,HCM,1,18974,1011,180,22,190,33,1334,6,6,6,6,6,NA,NA,NA,NA,2011-10-30 13:51:00,0
2011-10-30 15:00:00,WIND,600702,1,HCM,1,18974,1011,180,23,180,32,1441,6,6,6,6,6,NA,NA,NA,NA,2011-10-30 14:51:00,0
2011-10-30 16:00:00,WIND,600702,1,HCM,1,18974,1011,190,23,180,31,1519,6,6,6,6,6,NA,NA,NA,NA,2011-10-30 15:51:00,0
2011-10-30 17:00:00,WIND,600702,1,HCM,1,18974,1011,190,21,190,29,1613,6,6,6,6,6,NA,NA,NA,NA,2011-10-30 16:51:00,0
2011-10-30 18:00:00,WIND,600702,1,HCM,1,18974,1011,190,20,190,27,1736,6,6,6,6,6,NA,NA,NA,NA,2011-10-30 17:51:00,0
2011-10-30 19:00:00,WIND,600702,1,HCM,1,18974,1011,190,19,190,25,1814,6,6,6,6,6,NA,NA,NA,NA,2011-10-30 18:51:00,0
2011-10-30 20:00:00,WIND,600702,1,HCM,1,18974,1011,190,18,200,24,1901,6,6,6,6,6,NA,NA,NA,NA,2011-10-30 19:51:00,0
2011-10-30 21:00:00,WIND,600702,1,HCM,1,18974,1011,190,17,190,24,2028,6,6,6,6,6,NA,NA,NA,NA,2011-10-30 20:54:00,0
2011-10-30 22:00:00,WIND,600702,1,HCM,1,18974,1011,190,18,180,25,2136,6,6,6,6,6,NA,NA,NA,NA,2011-10-30 21:51:00,0
2011-10-30 23:00:00,WIND,600702,1,HCM,1,18974,1011,170,20,170,28,2226,6,6,6,6,6,NA,NA,NA,NA,2011-10-30 22:51:00,0
2011-10-31 00:00:00,WIND,600702,1,HCM,1,18974,1011,170,21,170,27,2331,6,6,6,6,6,NA,NA,NA,NA,2011-10-30 23:51:00,0
2011-10-31 01:00:00,WIND,600702,1,HCM,1,18974,1011,160,21,160,28,2352,6,6,6,6,6,NA,NA,NA,NA,2011-10-31 00:51:00,0
2011-10-31 02:00:00,WIND,600702,1,HCM,1,18974,1011,170,19,170,28,123,6,6,6,6,6,NA,NA,NA,NA,2011-10-31 01:52:00,0
2011-10-31 03:00:00,WIND,600702,1,HCM,1,18974,1011,170,20,170,27,242,6,6,6,6,6,NA,NA,NA,NA,2011-10-31 02:51:00,0
2011-10-31 04:00:00,WIND,600702,1,HCM,1,18974,1011,170,23,180,30,331,6,6,6,6,6,NA,NA,NA,NA,2011-10-31 03:51:00,0
2011-10-31 05:00:00,WIND,600702,1,HCM,1,18974,1011,170,22,170,30,412,6,6,6,6,6,NA,NA,NA,NA,2011-10-31 04:51:00,0
2011-10-31 06:00:00,WIND,600702,1,HCM,1,18974,1011,170,22,160,29,539,6,6,6,6,6,NA,NA,NA,NA,2011-10-31 05:51:00,0
2011-10-31 07:00:00,WIND,600702,1,HCM,1,18974,1011,160,23,160,33,623,6,6,6,6,6,NA,NA,NA,NA,2011-10-31 06:51:00,0
2011-10-31 08:00:00,WIND,600702,1,HCM,1,18974,1011,160,25,170,32,735,6,6,6,6,6,NA,NA,NA,NA,2011-10-31 07:51:00,0
2011-10-31 09:00:00,WIND,600702,1,HCM,1,18974,1011,170,27,170,36,824,6,6,6,6,6,NA,NA,NA,NA,2011-10-31 08:53:00,0
2011-10-31 10:00:00,WIND,600702,1,HCM,1,18974,1011,160,25,160,32,850,6,6,6,6,6,NA,NA,NA,NA,2011-10-31 09:51:00,0
2011-10-31 11:00:00,WIND,600702,1,HCM,1,18974,1011,170,23,160,31,1047,6,6,6,6,6,NA,NA,NA,NA,2011-10-31 10:51:00,0
2011-10-31 12:00:00,WIND,600702,1,HCM,1,18974,1011,180,24,170,36,1119,6,6,6,6,6,NA,NA,NA,NA,2011-10-31 11:51:00,0
2011-10-31 13:00:00,WIND,600702,1,HCM,1,18974,1011,230,16,230,25,1211,6,6,6,6,6,NA,NA,NA,NA,2011-10-31 12:51:00,0
2011-10-31 14:00:00,WIND,600702,1,HCM,1,18974,1011,200,14,200,20,1310,6,6,6,6,6,NA,NA,NA,NA,2011-10-31 13:51:00,0
2011-10-31 15:00:00,WIND,600702,1,HCM,1,18974,1011,190,16,190,23,1439,6,6,6,6,6,NA,NA,NA,NA,2011-10-31 14:51:00,0
2011-10-31 16:00:00,WIND,600702,1,HCM,1,18974,1011,190,19,180,26,1529,6,6,6,6,6,NA,NA,NA,NA,2011-10-31 15:51:00,0
2011-10-31 17:00:00,WIND,600702,1,HCM,1,18974,1011,190,20,190,29,1621,6,6,6,6,6,NA,NA,NA,NA,2011-10-31 16:51:00,0
2011-10-31 18:00:00,WIND,600702,1,HCM,1,18974,1011,190,21,190,28,1749,6,6,6,6,6,NA,NA,NA,NA,2011-10-31 17:51:00,0
2011-10-31 19:00:00,WIND,600702,1,HCM,1,18974,1011,200,20,200,26,1759,6,6,6,6,6,NA,NA,NA,NA,2011-10-31 18:51:00,0
2011-10-31 20:00:00,WIND,600702,1,HCM,1,18974,1011,190,19,200,25,1915,6,6,6,6,6,NA,NA,NA,NA,2011-10-31 19:51:00,0
2011-10-31 21:00:00,WIND,600702,1,HCM,1,18974,1011,190,19,200,26,2011,6,6,6,6,6,NA,NA,NA,NA,2011-10-31 20:54:00,0
2011-10-31 22:00:00,WIND,600702,1,HCM,1,18974,1011,200,18,190,26,2055,6,6,6,6,6,NA,NA,NA,NA,2011-10-31 21:51:00,0
2011-10-31 23:00:00,WIND,600702,1,HCM,1,18974,1011,210,13,210,20,2154,6,6,6,6,6,NA,NA,NA,NA,2011-10-31 22:51:00,0
2011-11-01 00:00:00,WIND,600702,1,HCM,1,18974,1011,210,11,210,17,2339,6,6,6,6,6,NA,NA,NA,NA,2011-10-31 23:51:00,0
2011-11-01 01:00:00,WIND,600702,1,HCM,1,18974,1011,220,13,210,19,14,6,6,6,6,6,NA,NA,NA,NA,2011-11-01 00:51:00,0
2011-11-01 02:00:00,WIND,600702,1,HCM,1,18974,1011,230,15,250,25,117,6,6,6,6,6,NA,NA,NA,NA,2011-11-01 01:51:00,0
2011-11-01 03:00:00,WIND,600702,1,HCM,1,18974,1011,230,12,240,21,231,6,6,6,6,6,NA,NA,NA,NA,2011-11-01 02:51:00,0
2011-11-01 04:00:00,WIND,600702,1,HCM,1,18974,1011,230,12,240,32,321,6,6,6,6,6,NA,NA,NA,NA,2011-11-01 03:51:00,0
2011-11-01 05:00:00,WIND,600702,1,HCM,1,18974,1011,220,15,220,24,412,6,6,6,6,6,NA,NA,NA,NA,2011-11-01 04:51:00,0
2011-11-01 06:00:00,WIND,600702,1,HCM,1,18974,1011,220,15,240,27,513,6,6,6,6,6,NA,NA,NA,NA,2011-11-01 05:51:00,0
2011-11-01 07:00:00,WIND,600702,1,HCM,1,18974,1011,220,13,210,24,613,6,6,6,6,6,NA,NA,NA,NA,2011-11-01 06:51:00,0
2011-11-01 08:00:00,WIND,600702,1,HCM,1,18974,1011,220,15,210,23,749,6,6,6,6,6,NA,NA,NA,NA,2011-11-01 07:51:00,0
2011-11-01 09:00:00,WIND,600702,1,HCM,1,18974,1011,220,18,220,31,831,6,6,6,6,6,NA,NA,NA,NA,2011-11-01 08:53:00,0
2011-11-01 10:00:00,WIND,600702,1,HCM,1,18974,1011,220,18,220,27,943,6,6,6,6,6,NA,NA,NA,NA,2011-11-01 09:51:00,0
2011-11-01 11:00:00,WIND,600702,1,HCM,1,18974,1011,220,19,220,28,1034,6,6,6,6,6,NA,NA,NA,NA,2011-11-01 10:51:00,0
2011-11-01 12:00:00,WIND,600702,1,HCM,1,18974,1011,220,19,230,29,1051,6,6,6,6,6,NA,NA,NA,NA,2011-11-01 11:51:00,0
2011-11-01 13:00:00,WIND,600702,1,HCM,1,18974,1011,220,17,230,30,1207,6,6,6,6,6,NA,NA,NA,NA,2011-11-01 12:51:00,0
2011-11-01 14:00:00,WIND,600702,1,HCM,1,18974,1011,210,18,210,27,1317,6,6,6,6,6,NA,NA,NA,NA,2011-11-01 13:51:00,0
2011-11-01 15:00:00,WIND,600702,1,HCM,1,18974,1011,210,18,210,25,1422,6,6,6,6,6,NA,NA,NA,NA,2011-11-01 14:52:00,0
2011-11-01 16:00:00,WIND,600702,1,HCM,1,18974,1011,200,16,210,25,1450,6,6,6,6,6,NA,NA,NA,NA,2011-11-01 15:51:00,0
2011-11-01 17:00:00,WIND,600702,1,HCM,1,18974,1011,200,18,200,25,1606,6,6,6,6,6,NA,NA,NA,NA,2011-11-01 16:51:00,0
2011-11-01 18:00:00,WIND,600702,1,HCM,1,18974,1011,190,20,190,26,1656,6,6,6,6,6,NA,NA,NA,NA,2011-11-01 17:51:00,0
2011-11-01 19:00:00,WIND,600702,1,HCM,1,18974,1011,190,20,190,28,1833,6,6,6,6,6,NA,NA,NA,NA,2011-11-01 18:51:00,0
2011-11-01 20:00:00,WIND,600702,1,HCM,1,18974,1011,180,22,180,29,1930,6,6,6,6,6,NA,NA,NA,NA,2011-11-01 19:51:00,0
2011-11-01 21:00:00,WIND,600702,1,HCM,1,18974,1011,180,23,180,33,2037,6,6,6,6,6,NA,NA,NA,NA,2011-11-01 20:54:00,0
2011-11-01 22:00:00,WIND,600702,1,HCM,1,18974,1011,170,23,170,32,2148,6,6,6,6,6,NA,NA,NA,NA,2011-11-01 21:51:00,0
2011-11-01 23:00:00,WIND,600702,1,HCM,1,18974,1011,170,25,170,35,2207,6,6,6,6,6,NA,NA,NA,NA,2011-11-01 22:51:00,0
2011-11-02 00:00:00,WIND,600702,1,HCM,1,18974,1011,170,26,160,35,2337,6,6,6,6,6,NA,NA,NA,NA,2011-11-01 23:52:00,0
2011-11-02 01:00:00,WIND,600702,1,HCM,1,18974,1011,160,27,160,38,47,6,6,6,6,6,NA,NA,NA,NA,2011-11-02 00:51:00,0
2011-11-02 02:00:00,WIND,600702,1,HCM,1,18974,1011,160,28,160,39,118,6,6,6,6,6,NA,NA,NA,NA,2011-11-02 01:52:00,0
2011-11-02 03:00:00,WIND,600702,1,HCM,1,18974,1011,150,28,160,39,233,6,6,6,6,6,NA,NA,NA,NA,2011-11-02 02:51:00,0
2011-11-02 04:00:00,WIND,600702,1,HCM,1,18974,1011,150,31,150,43,334,6,6,6,6,6,NA,NA,NA,NA,2011-11-02 03:51:00,0
2011-11-02 05:00:00,WIND,600702,1,HCM,1,18974,1011,150,33,150,43,441,6,6,6,6,6,NA,NA,NA,NA,2011-11-02 04:51:00,0
2011-11-02 06:00:00,WIND,600702,1,HCM,1,18974,1011,150,33,150,46,457,6,6,6,6,6,NA,NA,NA,NA,2011-11-02 05:51:00,0
2011-11-02 07:00:00,WIND,600702,1,HCM,1,18974,1011,150,33,150,45,628,6,6,6,6,6,NA,NA,NA,NA,2011-11-02 06:51:00,0
2011-11-02 08:00:00,WIND,600702,1,HCM,1,18974,1011,160,33,160,46,734,6,6,6,6,6,NA,NA,NA,NA,2011-11-02 07:51:00,0
2011-11-02 09:00:00,WIND,600702,1,HCM,1,18974,1011,160,34,160,46,813,6,6,6,6,6,NA,NA,NA,NA,2011-11-02 08:54:00,0
2011-11-02 10:00:00,WIND,600702,1,HCM,1,18974,1011,160,35,160,49,935,6,6,6,6,6,NA,NA,NA,NA,2011-11-02 09:52:00,0
2011-11-02 11:00:00,WIND,600702,1,HCM,1,18974,1011,160,32,160,46,1016,6,6,6,6,6,NA,NA,NA,NA,2011-11-02 10:52:00,0
2011-11-02 12:00:00,WIND,600702,1,HCM,1,18974,1011,160,31,160,45,1117,6,6,6,6,6,NA,NA,NA,NA,2011-11-02 11:51:00,0
2011-11-02 13:00:00,WIND,600702,1,HCM,1,18974,1011,150,31,160,41,1241,6,6,6,6,6,NA,NA,NA,NA,2011-11-02 12:51:00,0
2011-11-02 14:00:00,WIND,600702,1,HCM,1,18974,1011,150,31,150,40,1333,6,6,6,6,6,NA,NA,NA,NA,2011-11-02 13:51:00,0
2011-11-02 15:00:00,WIND,600702,1,HCM,1,18974,1011,150,30,150,41,1357,6,6,6,6,6,NA,NA,NA,NA,2011-11-02 14:51:00,0
2011-11-02 16:00:00,WIND,600702,1,HCM,1,18974,1011,150,30,150,43,1525,6,6,6,6,6,NA,NA,NA,NA,2011-11-02 15:51:00,0
2011-11-02 17:00:00,WIND,600702,1,HCM,1,18974,1011,150,29,150,39,1610,6,6,6,6,6,NA,NA,NA,NA,2011-11-02 16:51:00,0
2011-11-02 18:00:00,WIND,600702,1,HCM,1,18974,1011,150,32,150,42,1743,6,6,6,6,6,NA,NA,NA,NA,2011-11-02 17:51:00,0
2011-11-02 19:00:00,WIND,600702,1,HCM,1,18974,1011,150,31,140,42,1757,6,6,6,6,6,NA,NA,NA,NA,2011-11-02 18:51:00,0
2011-11-02 20:00:00,WIND,600702,1,HCM,1,18974,1011,150,30,150,40,1901,6,6,6,6,6,NA,NA,NA,NA,2011-11-02 19:51:00,0
2011-11-02 21:00:00,WIND,600702,1,HCM,1,18974,1011,150,29,150,42,2038,6,6,6,6,6,NA,NA,NA,NA,2011-11-02 20:53:00,0
2011-11-02 22:00:00,WIND,600702,1,HCM,1,18974,1011,160,31,160,41,2119,6,6,6,6,6,NA,NA,NA,NA,2011-11-02 21:51:00,0
2011-11-02 23:00:00,WIND,600702,1,HCM,1,18974,1011,150,30,150,39,2244,6,6,6,6,6,NA,NA,NA,NA,2011-11-02 22:51:00,0
2011-11-03 00:00:00,WIND,600702,1,HCM,1,18974,1011,150,30,150,41,2259,6,6,6,6,6,NA,NA,NA,NA,2011-11-02 23:51:00,0
2011-11-03 01:00:00,WIND,600702,1,HCM,1,18974,1011,150,27,150,39,3,6,6,6,6,6,NA,NA,NA,NA,2011-11-03 00:51:00,0
2011-11-03 02:00:00,WIND,600702,1,HCM,1,18974,1011,140,26,140,33,117,6,6,6,6,6,NA,NA,NA,NA,2011-11-03 01:51:00,0
2011-11-03 03:00:00,WIND,600702,1,HCM,1,18974,1011,140,26,150,34,232,6,6,6,6,6,NA,NA,NA,NA,2011-11-03 02:51:00,0
2011-11-03 04:00:00,WIND,600702,1,HCM,1,18974,1011,140,23,140,32,308,6,6,6,6,6,NA,NA,NA,NA,2011-11-03 03:51:00,0
2011-11-03 05:00:00,WIND,600702,1,HCM,1,18974,1011,150,22,150,29,407,6,6,6,6,6,NA,NA,NA,NA,2011-11-03 04:51:00,0
2011-11-03 06:00:00,WIND,600702,1,HCM,1,18974,1011,150,23,150,31,519,6,6,6,6,6,NA,NA,NA,NA,2011-11-03 05:51:00,0
2011-11-03 07:00:00,WIND,600702,1,HCM,1,18974,1011,150,23,160,31,619,6,6,6,6,6,NA,NA,NA,NA,2011-11-03 06:51:00,0
2011-11-03 08:00:00,WIND,600702,1,HCM,1,18974,1011,150,24,160,32,733,6,6,6,6,6,NA,NA,NA,NA,2011-11-03 07:51:00,0
2011-11-03 09:00:00,WIND,600702,1,HCM,1,18974,1011,150,23,150,31,754,6,6,6,6,6,NA,NA,NA,NA,2011-11-03 08:53:00,0
2011-11-03 10:00:00,WIND,600702,1,HCM,1,18974,1011,150,22,160,29,914,6,6,6,6,6,NA,NA,NA,NA,2011-11-03 09:51:00,0
2011-11-03 11:00:00,WIND,600702,1,HCM,1,18974,1011,150,22,150,29,1000,6,6,6,6,6,NA,NA,NA,NA,2011-11-03 10:51:00,0
2011-11-03 12:00:00,WIND,600702,1,HCM,1,18974,1011,150,22,150,30,1133,6,6,6,6,6,NA,NA,NA,NA,2011-11-03 11:51:00,0
2011-11-03 13:00:00,WIND,600702,1,HCM,1,18974,1011,150,23,160,33,1209,6,6,6,6,6,NA,NA,NA,NA,2011-11-03 12:51:00,0
2011-11-03 14:00:00,WIND,600702,1,HCM,1,18974,1011,150,23,160,32,1332,6,6,6,6,6,NA,NA,NA,NA,2011-11-03 13:51:00,0
2011-11-03 15:00:00,WIND,600702,1,HCM,1,18974,1011,150,21,150,29,1358,6,6,6,6,6,NA,NA,NA,NA,2011-11-03 14:51:00,0
2011-11-03 16:00:00,WIND,600702,1,HCM,1,18974,1011,150,22,150,33,1548,6,6,6,6,6,NA,NA,NA,NA,2011-11-03 15:51:00,0
2011-11-03 17:00:00,WIND,600702,1,HCM,1,18974,1011,150,24,150,33,1617,6,6,6,6,6,NA,NA,NA,NA,2011-11-03 16:51:00,0
2011-11-03 18:00:00,WIND,600702,1,HCM,1,18974,1011,150,23,150,34,1704,6,6,6,6,6,NA,NA,NA,NA,2011-11-03 17:51:00,0
2011-11-03 19:00:00,WIND,600702,1,HCM,1,18974,1011,150,25,150,33,1809,6,6,6,6,6,NA,NA,NA,NA,2011-11-03 18:51:00,0
2011-11-03 20:00:00,WIND,600702,1,HCM,1,18974,1011,160,24,160,32,1918,6,6,6,6,6,NA,NA,NA,NA,2011-11-03 19:51:00,0
2011-11-03 21:00:00,WIND,600702,1,HCM,1,18974,1011,170,22,170,29,2019,6,6,6,6,6,NA,NA,NA,NA,2011-11-03 20:54:00,0
2011-11-03 22:00:00,WIND,600702,1,HCM,1,18974,1011,170,20,180,29,2133,6,6,6,6,6,NA,NA,NA,NA,2011-11-03 21:51:00,0
2011-11-03 23:00:00,WIND,600702,1,HCM,1,18974,1011,180,21,180,30,2215,6,6,6,6,6,NA,NA,NA,NA,2011-11-03 22:51:00,0
2011-11-04 00:00:00,WIND,600702,1,HCM,1,18974,1011,180,20,180,29,2300,6,6,6,6,6,NA,NA,NA,NA,2011-11-03 23:51:00,0
2011-11-04 01:00:00,WIND,600702,1,HCM,1,18974,1011,180,19,180,26,19,6,6,6,6,6,NA,NA,NA,NA,2011-11-04 00:51:00,0
2011-11-04 02:00:00,WIND,600702,1,HCM,1,18974,1011,180,19,190,25,105,6,6,6,6,6,NA,NA,NA,NA,2011-11-04 01:51:00,0
2011-11-04 03:00:00,WIND,600702,1,HCM,1,18974,1011,180,19,180,26,218,6,6,6,6,6,NA,NA,NA,NA,2011-11-04 02:51:00,0
2011-11-04 04:00:00,WIND,600702,1,HCM,1,18974,1011,190,17,180,24,257,6,6,6,6,6,NA,NA,NA,NA,2011-11-04 03:51:00,0
2011-11-04 05:00:00,WIND,600702,1,HCM,1,18974,1011,220,8,240,13,351,6,6,6,6,6,NA,NA,NA,NA,2011-11-04 04:51:00,0
2011-11-04 06:00:00,WIND,600702,1,HCM,1,18974,1011,210,7,200,10,508,6,6,6,6,6,NA,NA,NA,NA,2011-11-04 05:51:00,0
2011-11-04 07:00:00,WIND,600702,1,HCM,1,18974,1011,210,7,200,11,638,6,6,6,6,6,NA,NA,NA,NA,2011-11-04 06:51:00,0
2011-11-04 08:00:00,WIND,600702,1,HCM,1,18974,1011,210,8,220,12,749,6,6,6,6,6,NA,NA,NA,NA,2011-11-04 07:51:00,0
2011-11-04 09:00:00,WIND,600702,1,HCM,1,18974,1011,220,9,200,13,843,6,6,6,6,6,NA,NA,NA,NA,2011-11-04 08:54:00,0
2011-11-04 10:00:00,WIND,600702,1,HCM,1,18974,1011,220,11,220,18,917,6,6,6,6,6,NA,NA,NA,NA,2011-11-04 09:51:00,0
2011-11-04 11:00:00,WIND,600702,1,HCM,1,18974,1011,220,12,220,17,1027,6,6,6,6,6,NA,NA,NA,NA,2011-11-04 10:52:00,0
2011-11-04 12:00:00,WIND,600702,1,HCM,1,18974,1011,230,14,240,21,1136,6,6,6,6,6,NA,NA,NA,NA,2011-11-04 11:52:00,0
2011-11-04 13:00:00,WIND,600702,1,HCM,1,18974,1011,220,14,220,20,1211,6,6,6,6,6,NA,NA,NA,NA,2011-11-04 12:52:00,0
2011-11-04 14:00:00,WIND,600702,1,HCM,1,18974,1011,220,14,220,21,1344,6,6,6,6,6,NA,NA,NA,NA,2011-11-04 13:52:00,0
2011-11-04 15:00:00,WIND,600702,1,HCM,1,18974,1011,220,14,230,21,1431,6,6,6,6,6,NA,NA,NA,NA,2011-11-04 14:52:00,0
2011-11-04 16:00:00,WIND,600702,1,HCM,1,18974,1011,220,13,220,21,1522,6,6,6,6,6,NA,NA,NA,NA,2011-11-04 15:52:00,0
2011-11-04 17:00:00,WIND,600702,1,HCM,1,18974,1011,230,12,230,19,1614,6,6,6,6,6,NA,NA,NA,NA,2011-11-04 16:51:00,0
2011-11-04 18:00:00,WIND,600702,1,HCM,1,18974,1011,230,12,240,22,1735,6,6,6,6,6,NA,NA,NA,NA,2011-11-04 17:51:00,0
2011-11-04 19:00:00,WIND,600702,1,HCM,1,18974,1011,230,9,240,15,1825,6,6,6,6,6,NA,NA,NA,NA,2011-11-04 18:51:00,0
2011-11-04 20:00:00,WIND,600702,1,HCM,1,18974,1011,230,10,230,15,1906,6,6,6,6,6,NA,NA,NA,NA,2011-11-04 19:51:00,0
2011-11-04 21:00:00,WIND,600702,1,HCM,1,18974,1011,240,11,240,24,2026,6,6,6,6,6,NA,NA,NA,NA,2011-11-04 20:54:00,0
2011-11-04 22:00:00,WIND,600702,1,HCM,1,18974,1011,240,9,240,15,2120,6,6,6,6,6,NA,NA,NA,NA,2011-11-04 21:51:00,0
2011-11-04 23:00:00,WIND,600702,1,HCM,1,18974,1011,250,10,240,15,2152,6,6,6,6,6,NA,NA,NA,NA,2011-11-04 22:51:00,0
2011-11-05 00:00:00,WIND,600702,1,HCM,1,18974,1011,250,9,250,13,2336,6,6,6,6,6,NA,NA,NA,NA,2011-11-04 23:51:00,0
2011-11-05 01:00:00,WIND,600702,1,HCM,1,18974,1011,250,9,250,13,2357,6,6,6,6,6,NA,NA,NA,NA,2011-11-05 00:51:00,0
2011-11-05 02:00:00,WIND,600702,1,HCM,1,18974,1011,240,7,240,15,57,6,6,6,6,6,NA,NA,NA,NA,2011-11-05 01:51:00,0
2011-11-05 03:00:00,WIND,600702,1,HCM,1,18974,1011,260,7,260,10,223,6,6,6,6,6,NA,NA,NA,NA,2011-11-05 02:51:00,0
2011-11-05 04:00:00,WIND,600702,1,HCM,1,18974,1011,250,7,250,12,320,6,6,6,6,6,NA,NA,NA,NA,2011-11-05 03:51:00,0
2011-11-05 05:00:00,WIND,600702,1,HCM,1,18974,1011,250,6,260,8,409,6,6,6,6,6,NA,NA,NA,NA,2011-11-05 04:51:00,0
2011-11-05 06:00:00,WIND,600702,1,HCM,1,18974,1011,270,8,280,16,509,6,6,6,6,6,NA,NA,NA,NA,2011-11-05 05:51:00,0
2011-11-05 07:00:00,WIND,600702,1,HCM,1,18974,1011,270,5,280,13,603,6,6,6,6,6,NA,NA,NA,NA,2011-11-05 06:51:00,0
2011-11-05 08:00:00,WIND,600702,1,HCM,1,18974,1011,260,5,280,7,746,6,6,6,6,6,NA,NA,NA,NA,2011-11-05 07:51:00,0
2011-11-05 09:00:00,WIND,600702,1,HCM,1,18974,1011,280,6,270,8,838,6,6,6,6,6,NA,NA,NA,NA,2011-11-05 08:54:00,0
2011-11-05 10:00:00,WIND,600702,1,HCM,1,18974,1011,270,6,270,11,946,6,6,6,6,6,NA,NA,NA,NA,2011-11-05 09:51:00,0
2011-11-05 11:00:00,WIND,600702,1,HCM,1,18974,1011,260,8,260,11,1023,6,6,6,6,6,NA,NA,NA,NA,2011-11-05 10:51:00,0
2011-11-05 12:00:00,WIND,600702,1,HCM,1,18974,1011,270,8,290,14,1107,6,6,6,6,6,NA,NA,NA,NA,2011-11-05 11:51:00,0
2011-11-05 13:00:00,WIND,600702,1,HCM,1,18974,1011,270,7,260,13,1245,6,6,6,6,6,NA,NA,NA,NA,2011-11-05 12:51:00,0
2011-11-05 14:00:00,WIND,600702,1,HCM,1,18974,1011,300,6,300,18,1304,6,6,6,6,6,NA,NA,NA,NA,2011-11-05 13:51:00,0
2011-11-05 15:00:00,WIND,600702,1,HCM,1,18974,1011,270,7,270,11,1427,6,6,6,6,6,NA,NA,NA,NA,2011-11-05 14:51:00,0
2011-11-05 16:00:00,WIND,600702,1,HCM,1,18974,1011,230,6,260,14,1455,6,6,6,6,6,NA,NA,NA,NA,2011-11-05 15:51:00,0
2011-11-05 17:00:00,WIND,600702,1,HCM,1,18974,1011,260,5,260,7,1642,6,6,6,6,6,NA,NA,NA,NA,2011-11-05 16:51:00,0
2011-11-05 18:00:00,WIND,600702,1,HCM,1,18974,1011,270,6,260,9,1700,6,6,6,6,6,NA,NA,NA,NA,2011-11-05 17:51:00,0
2011-11-05 19:00:00,WIND,600702,1,HCM,1,18974,1011,260,5,250,7,1849,6,6,6,6,6,NA,NA,NA,NA,2011-11-05 18:51:00,0
2011-11-05 20:00:00,WIND,600702,1,HCM,1,18974,1011,240,7,250,9,1909,6,6,6,6,6,NA,NA,NA,NA,2011-11-05 19:51:00,0
2011-11-05 21:00:00,WIND,600702,1,HCM,1,18974,1011,240,7,240,10,2018,6,6,6,6,6,NA,NA,NA,NA,2011-11-05 20:54:00,0
2011-11-05 22:00:00,WIND,600702,1,HCM,1,18974,1011,240,7,240,11,2115,6,6,6,6,6,NA,NA,NA,NA,2011-11-05 21:51:00,0
2011-11-05 23:00:00,WIND,600702,1,HCM,1,18974,1011,240,8,250,13,2155,6,6,6,6,6,NA,NA,NA,NA,2011-11-05 22:51:00,0
2011-11-06 00:00:00,WIND,600702,1,HCM,1,18974,1011,240,7,250,10,2343,6,6,6,6,6,NA,NA,NA,NA,2011-11-05 23:51:00,0
2011-11-06 01:00:00,WIND,600702,1,HCM,1,18974,1011,230,7,240,10,2359,6,6,6,6,6,NA,NA,NA,NA,2011-11-06 00:51:00,0
2011-11-06 02:00:00,WIND,600702,1,HCM,1,18974,1011,230,8,230,11,138,6,6,6,6,6,NA,NA,NA,NA,2011-11-06 01:51:00,0
2011-11-06 03:00:00,WIND,600702,1,HCM,1,18974,1011,220,8,230,11,158,6,6,6,6,6,NA,NA,NA,NA,2011-11-06 02:51:00,0
2011-11-06 04:00:00,WIND,600702,1,HCM,1,18974,1011,220,8,220,12,334,6,6,6,6,6,NA,NA,NA,NA,2011-11-06 03:51:00,0
2011-11-06 05:00:00,WIND,600702,1,HCM,1,18974,1011,220,9,230,12,432,6,6,6,6,6,NA,NA,NA,NA,2011-11-06 04:51:00,0
2011-11-06 06:00:00,WIND,600702,1,HCM,1,18974,1011,210,10,210,15,541,6,6,6,6,6,NA,NA,NA,NA,2011-11-06 05:51:00,0
2011-11-06 07:00:00,WIND,600702,1,HCM,1,18974,1011,200,12,190,18,646,6,6,6,6,6,NA,NA,NA,NA,2011-11-06 06:51:00,0
2011-11-06 08:00:00,WIND,600702,1,HCM,1,18974,1011,200,14,190,20,746,6,6,6,6,6,NA,NA,NA,NA,2011-11-06 07:52:00,0
2011-11-06 09:00:00,WIND,600702,1,HCM,1,18974,1011,200,14,190,20,755,6,6,6,6,6,NA,NA,NA,NA,2011-11-06 08:54:00,0
2011-11-06 10:00:00,WIND,600702,1,HCM,1,18974,1011,200,14,200,21,948,6,6,6,6,6,NA,NA,NA,NA,2011-11-06 09:51:00,0
2011-11-06 11:00:00,WIND,600702,1,HCM,1,18974,1011,200,16,200,21,950,6,6,6,6,6,NA,NA,NA,NA,2011-11-06 10:51:00,0
2011-11-06 12:00:00,WIND,600702,1,HCM,1,18974,1011,190,17,180,23,1139,6,6,6,6,6,NA,NA,NA,NA,2011-11-06 11:51:00,0
2011-11-06 13:00:00,WIND,600702,1,HCM,1,18974,1011,190,17,190,22,1219,6,6,6,6,6,NA,NA,NA,NA,2011-11-06 12:51:00,0
2011-11-06 14:00:00,WIND,600702,1,HCM,1,18974,1011,190,16,200,22,1345,6,6,6,6,6,NA,NA,NA,NA,2011-11-06 13:51:00,0
2011-11-06 15:00:00,WIND,600702,1,HCM,1,18974,1011,200,17,200,23,1410,6,6,6,6,6,NA,NA,NA,NA,2011-11-06 14:51:00,0
2011-11-06 16:00:00,WIND,600702,1,HCM,1,18974,1011,200,17,190,23,1522,6,6,6,6,6,NA,NA,NA,NA,2011-11-06 15:51:00,0
2011-11-06 17:00:00,WIND,600702,1,HCM,1,18974,1011,200,15,200,22,1558,6,6,6,6,6,NA,NA,NA,NA,2011-11-06 16:51:00,0
2011-11-06 18:00:00,WIND,600702,1,HCM,1,18974,1011,200,15,190,22,1740,6,6,6,6,6,NA,NA,NA,NA,2011-11-06 17:51:00,0
2011-11-06 19:00:00,WIND,600702,1,HCM,1,18974,1011,210,14,190,22,1753,6,6,6,6,6,NA,NA,NA,NA,2011-11-06 18:51:00,0
2011-11-06 20:00:00,WIND,600702,1,HCM,1,18974,1011,200,15,190,21,1932,6,6,6,6,6,NA,NA,NA,NA,2011-11-06 19:51:00,0
2011-11-06 21:00:00,WIND,600702,1,HCM,1,18974,1011,190,15,190,21,2026,6,6,6,6,6,NA,NA,NA,NA,2011-11-06 20:54:00,0
2011-11-06 22:00:00,WIND,600702,1,HCM,1,18974,1011,180,18,180,24,2141,6,6,6,6,6,NA,NA,NA,NA,2011-11-06 21:51:00,0
2011-11-06 23:00:00,WIND,600702,1,HCM,1,18974,1011,180,18,180,25,2154,6,6,6,6,6,NA,NA,NA,NA,2011-11-06 22:51:00,0
2011-11-07 00:00:00,WIND,600702,1,HCM,1,18974,1011,190,19,190,26,2321,6,6,6,6,6,NA,NA,NA,NA,2011-11-06 23:51:00,0
2011-11-07 01:00:00,WIND,600702,1,HCM,1,18974,1011,190,18,190,24,2354,6,6,6,6,6,NA,NA,NA,NA,2011-11-07 00:51:00,0
2011-11-07 02:00:00,WIND,600702,1,HCM,1,18974,1011,190,17,190,25,117,6,6,6,6,6,NA,NA,NA,NA,2011-11-07 01:51:00,0
2011-11-07 03:00:00,WIND,600702,1,HCM,1,18974,1011,190,18,190,24,238,6,6,6,6,6,NA,NA,NA,NA,2011-11-07 02:51:00,0
2011-11-07 04:00:00,WIND,600702,1,HCM,1,18974,1011,190,18,180,24,251,6,6,6,6,6,NA,NA,NA,NA,2011-11-07 03:51:00,0
2011-11-07 05:00:00,WIND,600702,1,HCM,1,18974,1011,190,16,190,22,350,6,6,6,6,6,NA,NA,NA,NA,2011-11-07 04:51:00,0
2011-11-07 06:00:00,WIND,600702,1,HCM,1,18974,1011,190,16,190,21,511,6,6,6,6,6,NA,NA,NA,NA,2011-11-07 05:51:00,0
2011-11-07 07:00:00,WIND,600702,1,HCM,1,18974,1011,190,15,190,21,601,6,6,6,6,6,NA,NA,NA,NA,2011-11-07 06:51:00,0
2011-11-07 08:00:00,WIND,600702,1,HCM,1,18974,1011,190,15,190,20,656,6,6,6,6,6,NA,NA,NA,NA,2011-11-07 07:51:00,0
2011-11-07 09:00:00,WIND,600702,1,HCM,1,18974,1011,190,15,180,21,845,6,6,6,6,6,NA,NA,NA,NA,2011-11-07 08:54:00,0
2011-11-07 10:00:00,WIND,600702,1,HCM,1,18974,1011,180,16,170,23,949,6,6,6,6,6,NA,NA,NA,NA,2011-11-07 09:51:00,0
2011-11-07 11:00:00,WIND,600702,1,HCM,1,18974,1011,170,19,170,25,1034,6,6,6,6,6,NA,NA,NA,NA,2011-11-07 10:51:00,0
2011-11-07 12:00:00,WIND,600702,1,HCM,1,18974,1011,170,20,170,27,1146,6,6,6,6,6,NA,NA,NA,NA,2011-11-07 11:51:00,0
2011-11-07 13:00:00,WIND,600702,1,HCM,1,18974,1011,170,20,170,29,1152,6,6,6,6,6,NA,NA,NA,NA,2011-11-07 12:51:00,0
2011-11-07 14:00:00,WIND,600702,1,HCM,1,18974,1011,170,20,180,27,1258,6,6,6,6,6,NA,NA,NA,NA,2011-11-07 13:52:00,0
2011-11-07 15:00:00,WIND,600702,1,HCM,1,18974,1011,170,19,170,26,1403,6,6,6,6,6,NA,NA,NA,NA,2011-11-07 14:52:00,0
2011-11-07 16:00:00,WIND,600702,1,HCM,1,18974,1011,170,17,170,24,1523,6,6,6,6,6,NA,NA,NA,NA,2011-11-07 15:52:00,0
2011-11-07 17:00:00,WIND,600702,1,HCM,1,18974,1011,170,16,170,22,1615,6,6,6,6,6,NA,NA,NA,NA,2011-11-07 16:52:00,0
2011-11-07 18:00:00,WIND,600702,1,HCM,1,18974,1011,160,17,160,24,1738,6,6,6,6,6,NA,NA,NA,NA,2011-11-07 17:51:00,0
2011-11-07 19:00:00,WIND,600702,1,HCM,1,18974,1011,160,18,170,24,1818,6,6,6,6,6,NA,NA,NA,NA,2011-11-07 18:52:00,0
2011-11-07 20:00:00,WIND,600702,1,HCM,1,18974,1011,160,19,160,26,1945,6,6,6,6,6,NA,NA,NA,NA,2011-11-07 19:52:00,0
2011-11-07 21:00:00,WIND,600702,1,HCM,1,18974,1011,170,21,160,27,1953,6,6,6,6,6,NA,NA,NA,NA,2011-11-07 20:54:00,0
2011-11-07 22:00:00,WIND,600702,1,HCM,1,18974,1011,160,21,160,29,2055,6,6,6,6,6,NA,NA,NA,NA,2011-11-07 21:51:00,0
2011-11-07 23:00:00,WIND,600702,1,HCM,1,18974,1011,160,20,150,28,2235,6,6,6,6,6,NA,NA,NA,NA,2011-11-07 22:51:00,0
2011-11-08 00:00:00,WIND,600702,1,HCM,1,18974,1011,150,23,150,29,2323,6,6,6,6,6,NA,NA,NA,NA,2011-11-07 23:51:00,0
2011-11-08 01:00:00,WIND,600702,1,HCM,1,18974,1011,150,23,150,30,2353,6,6,6,6,6,NA,NA,NA,NA,2011-11-08 00:51:00,0
2011-11-08 02:00:00,WIND,600702,1,HCM,1,18974,1011,140,23,150,31,105,6,6,6,6,6,NA,NA,NA,NA,2011-11-08 01:51:00,0
2011-11-08 03:00:00,WIND,600702,1,HCM,1,18974,1011,140,22,140,29,159,6,6,6,6,6,NA,NA,NA,NA,2011-11-08 02:51:00,0
2011-11-08 04:00:00,WIND,600702,1,HCM,1,18974,1011,140,24,140,32,334,6,6,6,6,6,NA,NA,NA,NA,2011-11-08 03:51:00,0
2011-11-08 05:00:00,WIND,600702,1,HCM,1,18974,1011,140,23,150,30,421,6,6,6,6,6,NA,NA,NA,NA,2011-11-08 04:51:00,0
2011-11-08 06:00:00,WIND,600702,1,HCM,1,18974,1011,150,23,140,30,511,6,6,6,6,6,NA,NA,NA,NA,2011-11-08 05:51:00,0
2011-11-08 07:00:00,WIND,600702,1,HCM,1,18974,1011,140,21,160,29,550,6,6,6,6,6,NA,NA,NA,NA,2011-11-08 06:51:00,0
2011-11-08 08:00:00,WIND,600702,1,HCM,1,18974,1011,140,19,140,25,712,6,6,6,6,6,NA,NA,NA,NA,2011-11-08 07:51:00,0
2011-11-08 09:00:00,WIND,600702,1,HCM,1,18974,1011,130,23,140,33,847,6,6,6,6,6,NA,NA,NA,NA,2011-11-08 08:54:00,0
2011-11-08 10:00:00,WIND,600702,1,HCM,1,18974,1011,140,26,130,34,906,6,6,6,6,6,NA,NA,NA,NA,2011-11-08 09:51:00,0
2011-11-08 11:00:00,WIND,600702,1,HCM,1,18974,1011,130,24,140,31,959,6,6,6,6,6,NA,NA,NA,NA,2011-11-08 10:51:00,0
2011-11-08 12:00:00,WIND,600702,1,HCM,1,18974,1011,130,22,130,31,1057,6,6,6,6,6,NA,NA,NA,NA,2011-11-08 11:51:00,0
2011-11-08 13:00:00,WIND,600702,1,HCM,1,18974,1011,140,22,140,31,1152,6,6,6,6,6,NA,NA,NA,NA,2011-11-08 12:51:00,0
2011-11-08 14:00:00,WIND,600702,1,HCM,1,18974,1011,140,21,140,28,1308,6,6,6,6,6,NA,NA,NA,NA,2011-11-08 13:51:00,0
2011-11-08 15:00:00,WIND,600702,1,HCM,1,18974,1011,140,19,140,26,1351,6,6,6,6,6,NA,NA,NA,NA,2011-11-08 14:51:00,0
2011-11-08 16:00:00,WIND,600702,1,HCM,1,18974,1011,140,19,140,25,1511,6,6,6,6,6,NA,NA,NA,NA,2011-11-08 15:51:00,0
2011-11-08 17:00:00,WIND,600702,1,HCM,1,18974,1011,140,19,140,25,1648,6,6,6,6,6,NA,NA,NA,NA,2011-11-08 16:51:00,0
2011-11-08 18:00:00,WIND,600702,1,HCM,1,18974,1011,150,21,150,27,1711,6,6,6,6,6,NA,NA,NA,NA,2011-11-08 17:51:00,0
2011-11-08 19:00:00,WIND,600702,1,HCM,1,18974,1011,160,19,150,26,1754,6,6,6,6,6,NA,NA,NA,NA,2011-11-08 18:51:00,0
2011-11-08 20:00:00,WIND,600702,1,HCM,1,18974,1011,160,19,170,26,1855,6,6,6,6,6,NA,NA,NA,NA,2011-11-08 19:51:00,0
2011-11-08 21:00:00,WIND,600702,1,HCM,1,18974,1011,150,22,140,29,2032,6,6,6,6,6,NA,NA,NA,NA,2011-11-08 21:34:00,0
2011-11-08 22:00:00,WIND,600702,1,HCM,1,18974,1011,140,21,140,29,2135,6,6,6,6,6,NA,NA,NA,NA,2011-11-08 21:51:00,0
2011-11-08 23:00:00,WIND,600702,1,HCM,1,18974,1011,140,24,140,33,2209,6,6,6,6,6,NA,NA,NA,NA,2011-11-08 22:51:00,0
2011-11-09 00:00:00,WIND,600702,1,HCM,1,18974,1011,140,23,140,32,2329,6,6,6,6,6,NA,NA,NA,NA,2011-11-08 23:51:00,0
2011-11-09 01:00:00,WIND,600702,1,HCM,1,18974,1011,140,24,140,31,35,6,6,6,6,6,NA,NA,NA,NA,2011-11-09 00:51:00,0
2011-11-09 02:00:00,WIND,600702,1,HCM,1,18974,1011,150,23,150,31,149,6,6,6,6,6,NA,NA,NA,NA,2011-11-09 01:51:00,0
2011-11-09 03:00:00,WIND,600702,1,HCM,1,18974,1011,140,23,150,30,152,6,6,6,6,6,NA,NA,NA,NA,2011-11-09 02:51:00,0
2011-11-09 04:00:00,WIND,600702,1,HCM,1,18974,1011,150,24,150,31,333,6,6,6,6,6,NA,NA,NA,NA,2011-11-09 03:51:00,0
2011-11-09 05:00:00,WIND,600702,1,HCM,1,18974,1011,150,24,140,31,422,6,6,6,6,6,NA,NA,NA,NA,2011-11-09 04:51:00,0
2011-11-09 06:00:00,WIND,600702,1,HCM,1,18974,1011,150,24,140,31,542,6,6,6,6,6,NA,NA,NA,NA,2011-11-09 05:51:00,0
2011-11-09 07:00:00,WIND,600702,1,HCM,1,18974,1011,150,24,150,31,638,6,6,6,6,6,NA,NA,NA,NA,2011-11-09 06:51:00,0
2011-11-09 08:00:00,WIND,600702,1,HCM,1,18974,1011,150,26,150,34,722,6,6,6,6,6,NA,NA,NA,NA,2011-11-09 07:51:00,0
2011-11-09 09:00:00,WIND,600702,1,HCM,1,18974,1011,150,27,150,35,840,6,6,6,6,6,NA,NA,NA,NA,2011-11-09 08:54:00,0
2011-11-09 10:00:00,WIND,600702,1,HCM,1,18974,1011,140,26,140,35,908,6,6,6,6,6,NA,NA,NA,NA,2011-11-09 09:51:00,0
2011-11-09 11:00:00,WIND,600702,1,HCM,1,18974,1011,140,25,150,34,1027,6,6,6,6,6,NA,NA,NA,NA,2011-11-09 10:51:00,0
2011-11-09 12:00:00,WIND,600702,1,HCM,1,18974,1011,150,25,150,33,1057,6,6,6,6,6,NA,NA,NA,NA,2011-11-09 11:51:00,0
2011-11-09 13:00:00,WIND,600702,1,HCM,1,18974,1011,150,27,150,37,1248,6,6,6,6,6,NA,NA,NA,NA,2011-11-09 12:51:00,0
2011-11-09 14:00:00,WIND,600702,1,HCM,1,18974,1011,150,28,150,37,1322,6,6,6,6,6,NA,NA,NA,NA,2011-11-09 13:51:00,0
2011-11-09 15:00:00,WIND,600702,1,HCM,1,18974,1011,150,28,140,38,1411,6,6,6,6,6,NA,NA,NA,NA,2011-11-09 14:51:00,0
2011-11-09 16:00:00,WIND,600702,1,HCM,1,18974,1011,150,27,150,38,1454,6,6,6,6,6,NA,NA,NA,NA,2011-11-09 15:51:00,0
2011-11-09 17:00:00,WIND,600702,1,HCM,1,18974,1011,150,25,160,34,1614,6,6,6,6,6,NA,NA,NA,NA,2011-11-09 16:51:00,0
2011-11-09 18:00:00,WIND,600702,1,HCM,1,18974,1011,150,24,160,35,1711,6,6,6,6,6,NA,NA,NA,NA,2011-11-09 17:51:00,0
2011-11-09 19:00:00,WIND,600702,1,HCM,1,18974,1011,140,22,140,28,1832,6,6,6,6,6,NA,NA,NA,NA,2011-11-09 18:51:00,0
2011-11-09 20:00:00,WIND,600702,1,HCM,1,18974,1011,140,21,140,28,1855,6,6,6,6,6,NA,NA,NA,NA,2011-11-09 19:51:00,0
2011-11-09 21:00:00,WIND,600702,1,HCM,1,18974,1011,160,19,160,25,2029,6,6,6,6,6,NA,NA,NA,NA,2011-11-09 20:53:00,0
2011-11-09 22:00:00,WIND,600702,1,HCM,1,18974,1011,170,18,160,25,2108,6,6,6,6,6,NA,NA,NA,NA,2011-11-09 21:51:00,0
2011-11-09 23:00:00,WIND,600702,1,HCM,1,18974,1011,180,18,190,27,2155,6,6,6,6,6,NA,NA,NA,NA,2011-11-09 22:51:00,0
2011-11-10 00:00:00,WIND,600702,1,HCM,1,18974,1011,170,18,170,25,2347,6,6,6,6,6,NA,NA,NA,NA,2011-11-09 23:51:00,0
2011-11-10 01:00:00,WIND,600702,1,HCM,1,18974,1011,170,20,170,28,38,6,6,6,6,6,NA,NA,NA,NA,2011-11-10 00:51:00,0
2011-11-10 02:00:00,WIND,600702,1,HCM,1,18974,1011,170,22,180,31,149,6,6,6,6,6,NA,NA,NA,NA,2011-11-10 01:51:00,0
2011-11-10 03:00:00,WIND,600702,1,HCM,1,18974,1011,180,23,190,30,158,6,6,6,6,6,NA,NA,NA,NA,2011-11-10 02:51:00,0
2011-11-10 04:00:00,WIND,600702,1,HCM,1,18974,1011,180,23,180,32,323,6,6,6,6,6,NA,NA,NA,NA,2011-11-10 03:51:00,0
2011-11-10 05:00:00,WIND,600702,1,HCM,1,18974,1011,170,21,170,30,359,6,6,6,6,6,NA,NA,NA,NA,2011-11-10 04:51:00,0
2011-11-10 06:00:00,WIND,600702,1,HCM,1,18974,1011,170,22,160,30,511,6,6,6,6,6,NA,NA,NA,NA,2011-11-10 05:51:00,0
2011-11-10 07:00:00,WIND,600702,1,HCM,1,18974,1011,170,22,170,31,608,6,6,6,6,6,NA,NA,NA,NA,2011-11-10 06:51:00,0
2011-11-10 08:00:00,WIND,600702,1,HCM,1,18974,1011,170,22,170,32,727,6,6,6,6,6,NA,NA,NA,NA,2011-11-10 07:51:00,0
2011-11-10 09:00:00,WIND,600702,1,HCM,1,18974,1011,170,22,170,33,802,6,6,6,6,6,NA,NA,NA,NA,2011-11-10 08:54:00,0
2011-11-10 10:00:00,WIND,600702,1,HCM,1,18974,1011,170,22,170,29,946,6,6,6,6,6,NA,NA,NA,NA,2011-11-10 09:52:00,0
2011-11-10 11:00:00,WIND,600702,1,HCM,1,18974,1011,170,21,190,30,1049,6,6,6,6,6,NA,NA,NA,NA,2011-11-10 10:51:00,0
2011-11-10 12:00:00,WIND,600702,1,HCM,1,18974,1011,180,23,180,29,1118,6,6,6,6,6,NA,NA,NA,NA,2011-11-10 11:51:00,0
2011-11-10 13:00:00,WIND,600702,1,HCM,1,18974,1011,180,19,190,27,1150,6,6,6,6,6,NA,NA,NA,NA,2011-11-10 12:51:00,0
2011-11-10 14:00:00,WIND,600702,1,HCM,1,18974,1011,180,19,180,25,1326,6,6,6,6,6,NA,NA,NA,NA,2011-11-10 13:51:00,0
2011-11-10 15:00:00,WIND,600702,1,HCM,1,18974,1011,170,18,180,25,1350,6,6,6,6,6,NA,NA,NA,NA,2011-11-10 14:51:00,0
2011-11-10 16:00:00,WIND,600702,1,HCM,1,18974,1011,170,17,160,23,1546,6,6,6,6,6,NA,NA,NA,NA,2011-11-10 15:51:00,0
2011-11-10 17:00:00,WIND,600702,1,HCM,1,18974,1011,160,17,160,23,1551,6,6,6,6,6,NA,NA,NA,NA,2011-11-10 16:51:00,0
2011-11-10 18:00:00,WIND,600702,1,HCM,1,18974,1011,160,17,150,23,1749,6,6,6,6,6,NA,NA,NA,NA,2011-11-10 17:51:00,0
2011-11-10 19:00:00,WIND,600702,1,HCM,1,18974,1011,150,20,160,26,1847,6,6,6,6,6,NA,NA,NA,NA,2011-11-10 18:51:00,0
2011-11-10 20:00:00,WIND,600702,1,HCM,1,18974,1011,150,20,150,26,1902,6,6,6,6,6,NA,NA,NA,NA,2011-11-10 19:51:00,0
2011-11-10 21:00:00,WIND,600702,1,HCM,1,18974,1011,150,18,160,23,1952,6,6,6,6,6,NA,NA,NA,NA,2011-11-10 20:54:00,0
2011-11-10 22:00:00,WIND,600702,1,HCM,1,18974,1011,140,17,150,23,2128,6,6,6,6,6,NA,NA,NA,NA,2011-11-10 21:51:00,0
2011-11-10 23:00:00,WIND,600702,1,HCM,1,18974,1011,130,17,130,22,2232,6,6,6,6,6,NA,NA,NA,NA,2011-11-10 22:51:00,0
2011-11-11 00:00:00,WIND,600702,1,HCM,1,18974,1011,130,18,130,25,2333,6,6,6,6,6,NA,NA,NA,NA,2011-11-10 23:51:00,0
2011-11-11 01:00:00,WIND,600702,1,HCM,1,18974,1011,130,17,130,24,6,6,6,6,6,6,NA,NA,NA,NA,2011-11-11 00:51:00,0
2011-11-11 02:00:00,WIND,600702,1,HCM,1,18974,1011,130,16,130,22,106,6,6,6,6,6,NA,NA,NA,NA,2011-11-11 01:51:00,0
2011-11-11 03:00:00,WIND,600702,1,HCM,1,18974,1011,120,18,130,27,230,6,6,6,6,6,NA,NA,NA,NA,2011-11-11 02:51:00,0
2011-11-11 04:00:00,WIND,600702,1,HCM,1,18974,1011,130,20,130,28,344,6,6,6,6,6,NA,NA,NA,NA,2011-11-11 03:51:00,0
2011-11-11 05:00:00,WIND,600702,1,HCM,1,18974,1011,120,18,120,25,351,6,6,6,6,6,NA,NA,NA,NA,2011-11-11 04:51:00,0
2011-11-11 06:00:00,WIND,600702,1,HCM,1,18974,1011,120,19,120,26,547,6,6,6,6,6,NA,NA,NA,NA,2011-11-11 05:51:00,0
2011-11-11 07:00:00,WIND,600702,1,HCM,1,18974,1011,120,22,120,29,605,6,6,6,6,6,NA,NA,NA,NA,2011-11-11 06:51:00,0
2011-11-11 08:00:00,WIND,600702,1,HCM,1,18974,1011,130,25,130,34,744,6,6,6,6,6,NA,NA,NA,NA,2011-11-11 07:51:00,0
2011-11-11 09:00:00,WIND,600702,1,HCM,1,18974,1011,130,26,130,37,759,6,6,6,6,6,NA,NA,NA,NA,2011-11-11 08:54:00,0
2011-11-11 10:00:00,WIND,600702,1,HCM,1,18974,1011,130,23,140,31,850,6,6,6,6,6,NA,NA,NA,NA,2011-11-11 09:51:00,0
2011-11-11 11:00:00,WIND,600702,1,HCM,1,18974,1011,140,26,140,35,1031,6,6,6,6,6,NA,NA,NA,NA,2011-11-11 10:51:00,0
2011-11-11 12:00:00,WIND,600702,1,HCM,1,18974,1011,130,25,130,35,1141,6,6,6,6,6,NA,NA,NA,NA,2011-11-11 11:51:00,0
2011-11-11 13:00:00,WIND,600702,1,HCM,1,18974,1011,130,25,130,34,1150,6,6,6,6,6,NA,NA,NA,NA,2011-11-11 12:51:00,0
2011-11-11 14:00:00,WIND,600702,1,HCM,1,18974,1011,130,27,140,37,1316,6,6,6,6,6,NA,NA,NA,NA,2011-11-11 13:51:00,0
2011-11-11 15:00:00,WIND,600702,1,HCM,1,18974,1011,130,28,130,38,1436,6,6,6,6,6,NA,NA,NA,NA,2011-11-11 14:51:00,0
2011-11-11 16:00:00,WIND,600702,1,HCM,1,18974,1011,130,28,140,39,1520,6,6,6,6,6,NA,NA,NA,NA,2011-11-11 15:51:00,0
2011-11-11 17:00:00,WIND,600702,1,HCM,1,18974,1011,130,27,130,36,1619,6,6,6,6,6,NA,NA,NA,NA,2011-11-11 16:51:00,0
2011-11-11 18:00:00,WIND,600702,1,HCM,1,18974,1011,140,28,140,40,1727,6,6,6,6,6,NA,NA,NA,NA,2011-11-11 17:51:00,0
2011-11-11 19:00:00,WIND,600702,1,HCM,1,18974,1011,130,29,140,40,1818,6,6,6,6,6,NA,NA,NA,NA,2011-11-11 18:51:00,0
2011-11-11 20:00:00,WIND,600702,1,HCM,1,18974,1011,140,30,140,41,1923,6,6,6,6,6,NA,NA,NA,NA,2011-11-11 19:51:00,0
2011-11-11 21:00:00,WIND,600702,1,HCM,1,18974,1011,140,31,130,41,1958,6,6,6,6,6,NA,NA,NA,NA,2011-11-11 20:54:00,0
2011-11-11 22:00:00,WIND,600702,1,HCM,1,18974,1011,140,28,140,38,2055,6,6,6,6,6,NA,NA,NA,NA,2011-11-11 21:51:00,0
2011-11-11 23:00:00,WIND,600702,1,HCM,1,18974,1011,140,28,140,37,2159,6,6,6,6,6,NA,NA,NA,NA,2011-11-11 22:51:00,0
2011-11-12 00:00:00,WIND,600702,1,HCM,1,18974,1011,150,26,140,36,2256,6,6,6,6,6,NA,NA,NA,NA,2011-11-11 23:51:00,0
2011-11-12 01:00:00,WIND,600702,1,HCM,1,18974,1011,150,28,150,36,26,6,6,6,6,6,NA,NA,NA,NA,2011-11-12 00:51:00,0
2011-11-12 02:00:00,WIND,600702,1,HCM,1,18974,1011,160,27,160,35,116,6,6,6,6,6,NA,NA,NA,NA,2011-11-12 01:51:00,0
2011-11-12 03:00:00,WIND,600702,1,HCM,1,18974,1011,170,26,170,36,244,6,6,6,6,6,NA,NA,NA,NA,2011-11-12 02:51:00,0
2011-11-12 04:00:00,WIND,600702,1,HCM,1,18974,1011,170,28,190,40,343,6,6,6,6,6,NA,NA,NA,NA,2011-11-12 03:51:00,0
2011-11-12 05:00:00,WIND,600702,1,HCM,1,18974,1011,180,29,180,40,435,6,6,6,6,6,NA,NA,NA,NA,2011-11-12 04:51:00,0
2011-11-12 06:00:00,WIND,600702,1,HCM,1,18974,1011,180,29,190,43,519,6,6,6,6,6,NA,NA,NA,NA,2011-11-12 05:51:00,0
2011-11-12 07:00:00,WIND,600702,1,HCM,1,18974,1011,190,29,190,41,551,6,6,6,6,6,NA,NA,NA,NA,2011-11-12 06:51:00,0
2011-11-12 08:00:00,WIND,600702,1,HCM,1,18974,1011,200,27,190,41,727,6,6,6,6,6,NA,NA,NA,NA,2011-11-12 07:51:00,0
2011-11-12 09:00:00,WIND,600702,1,HCM,1,18974,1011,200,26,200,37,806,6,6,6,6,6,NA,NA,NA,NA,2011-11-12 08:54:00,0
2011-11-12 10:00:00,WIND,600702,1,HCM,1,18974,1011,210,22,210,35,924,6,6,6,6,6,NA,NA,NA,NA,2011-11-12 09:51:00,0
2011-11-12 11:00:00,WIND,600702,1,HCM,1,18974,1011,210,20,210,32,1010,6,6,6,6,6,NA,NA,NA,NA,2011-11-12 10:51:00,0
2011-11-12 12:00:00,WIND,600702,1,HCM,1,18974,1011,210,19,200,29,1105,6,6,6,6,6,NA,NA,NA,NA,2011-11-12 11:51:00,0
2011-11-12 13:00:00,WIND,600702,1,HCM,1,18974,1011,210,16,210,27,1151,6,6,6,6,6,NA,NA,NA,NA,2011-11-12 12:51:00,0
2011-11-12 14:00:00,WIND,600702,1,HCM,1,18974,1011,210,15,210,21,1343,6,6,6,6,6,NA,NA,NA,NA,2011-11-12 13:51:00,0
2011-11-12 15:00:00,WIND,600702,1,HCM,1,18974,1011,210,14,210,21,1405,6,6,6,6,6,NA,NA,NA,NA,2011-11-12 14:51:00,0
2011-11-12 16:00:00,WIND,600702,1,HCM,1,18974,1011,200,13,200,19,1531,6,6,6,6,6,NA,NA,NA,NA,2011-11-12 15:51:00,0
2011-11-12 17:00:00,WIND,600702,1,HCM,1,18974,1011,200,11,190,17,1646,6,6,6,6,6,NA,NA,NA,NA,2011-11-12 16:51:00,0
2011-11-12 18:00:00,WIND,600702,1,HCM,1,18974,1011,200,12,200,18,1737,6,6,6,6,6,NA,NA,NA,NA,2011-11-12 17:51:00,0
2011-11-12 19:00:00,WIND,600702,1,HCM,1,18974,1011,200,10,190,14,1843,6,6,6,6,6,NA,NA,NA,NA,2011-11-12 18:51:00,0
2011-11-12 20:00:00,WIND,600702,1,HCM,1,18974,1011,180,11,180,15,1917,6,6,6,6,6,NA,NA,NA,NA,2011-11-12 19:51:00,0
2011-11-12 21:00:00,WIND,600702,1,HCM,1,18974,1011,160,12,160,16,2031,6,6,6,6,6,NA,NA,NA,NA,2011-11-12 20:54:00,0
2011-11-12 22:00:00,WIND,600702,1,HCM,1,18974,1011,160,12,150,16,2126,6,6,6,6,6,NA,NA,NA,NA,2011-11-12 21:51:00,0
2011-11-12 23:00:00,WIND,600702,1,HCM,1,18974,1011,160,14,150,19,2235,6,6,6,6,6,NA,NA,NA,NA,2011-11-12 22:51:00,0
2011-11-13 00:00:00,WIND,600702,1,HCM,1,18974,1011,140,13,140,18,2338,6,6,6,6,6,NA,NA,NA,NA,2011-11-12 23:51:00,0
2011-11-13 01:00:00,WIND,600702,1,HCM,1,18974,1011,140,14,130,19,39,6,6,6,6,6,NA,NA,NA,NA,2011-11-13 00:51:00,0
2011-11-13 02:00:00,WIND,600702,1,HCM,1,18974,1011,130,13,140,18,126,6,6,6,6,6,NA,NA,NA,NA,2011-11-13 01:51:00,0
2011-11-13 03:00:00,WIND,600702,1,HCM,1,18974,1011,130,15,130,21,228,6,6,6,6,6,NA,NA,NA,NA,2011-11-13 02:51:00,0
2011-11-13 04:00:00,WIND,600702,1,HCM,1,18974,1011,120,14,130,20,318,6,6,6,6,6,NA,NA,NA,NA,2011-11-13 03:51:00,0
2011-11-13 05:00:00,WIND,600702,1,HCM,1,18974,1011,120,14,130,20,431,6,6,6,6,6,NA,NA,NA,NA,2011-11-13 04:51:00,0
2011-11-13 06:00:00,WIND,600702,1,HCM,1,18974,1011,120,15,130,21,549,6,6,6,6,6,NA,NA,NA,NA,2011-11-13 05:51:00,0
2011-11-13 07:00:00,WIND,600702,1,HCM,1,18974,1011,120,15,120,20,642,6,6,6,6,6,NA,NA,NA,NA,2011-11-13 06:51:00,0
2011-11-13 08:00:00,WIND,600702,1,HCM,1,18974,1011,130,15,130,22,742,6,6,6,6,6,NA,NA,NA,NA,2011-11-13 07:51:00,0
2011-11-13 09:00:00,WIND,600702,1,HCM,1,18974,1011,130,18,120,26,840,6,6,6,6,6,NA,NA,NA,NA,2011-11-13 08:54:00,0
2011-11-13 10:00:00,WIND,600702,1,HCM,1,18974,1011,130,18,130,25,902,6,6,6,6,6,NA,NA,NA,NA,2011-11-13 09:51:00,0
2011-11-13 11:00:00,WIND,600702,1,HCM,1,18974,1011,130,19,140,27,1046,6,6,6,6,6,NA,NA,NA,NA,2011-11-13 10:51:00,0
2011-11-13 12:00:00,WIND,600702,1,HCM,1,18974,1011,130,19,130,25,1113,6,6,6,6,6,NA,NA,NA,NA,2011-11-13 11:51:00,0
2011-11-13 13:00:00,WIND,600702,1,HCM,1,18974,1011,140,19,140,25,1219,6,6,6,6,6,NA,NA,NA,NA,2011-11-13 12:51:00,0
2011-11-13 14:00:00,WIND,600702,1,HCM,1,18974,1011,130,17,130,24,1253,6,6,6,6,6,NA,NA,NA,NA,2011-11-13 13:51:00,0
2011-11-13 15:00:00,WIND,600702,1,HCM,1,18974,1011,140,14,140,21,1351,6,6,6,6,6,NA,NA,NA,NA,2011-11-13 14:51:00,0
2011-11-13 16:00:00,WIND,600702,1,HCM,1,18974,1011,130,19,130,28,1548,6,6,6,6,6,NA,NA,NA,NA,2011-11-13 15:51:00,0
2011-11-13 17:00:00,WIND,600702,1,HCM,1,18974,1011,130,20,130,27,1553,6,6,6,6,6,NA,NA,NA,NA,2011-11-13 16:51:00,0
2011-11-13 18:00:00,WIND,600702,1,HCM,1,18974,1011,130,18,140,25,1739,6,6,6,6,6,NA,NA,NA,NA,2011-11-13 17:51:00,0
2011-11-13 19:00:00,WIND,600702,1,HCM,1,18974,1011,130,17,130,25,1752,6,6,6,6,6,NA,NA,NA,NA,2011-11-13 18:51:00,0
2011-11-13 20:00:00,WIND,600702,1,HCM,1,18974,1011,120,15,110,22,1927,6,6,6,6,6,NA,NA,NA,NA,2011-11-13 19:51:00,0
2011-11-13 21:00:00,WIND,600702,1,HCM,1,18974,1011,130,19,130,27,1954,6,6,6,6,6,NA,NA,NA,NA,2011-11-13 20:54:00,0
2011-11-13 22:00:00,WIND,600702,1,HCM,1,18974,1011,130,19,130,26,2104,6,6,6,6,6,NA,NA,NA,NA,2011-11-13 21:51:00,0
2011-11-13 23:00:00,WIND,600702,1,HCM,1,18974,1011,120,21,120,28,2226,6,6,6,6,6,NA,NA,NA,NA,2011-11-13 22:51:00,0
2011-11-14 00:00:00,WIND,600702,1,HCM,1,18974,1011,130,20,140,32,2348,6,6,6,6,6,NA,NA,NA,NA,2011-11-13 23:51:00,0
2011-11-14 01:00:00,WIND,600702,1,HCM,1,18974,1011,130,22,130,31,2352,6,6,6,6,6,NA,NA,NA,NA,2011-11-14 00:51:00,0
2011-11-14 02:00:00,WIND,600702,1,HCM,1,18974,1011,130,21,130,29,102,6,6,6,6,6,NA,NA,NA,NA,2011-11-14 01:51:00,0
2011-11-14 03:00:00,WIND,600702,1,HCM,1,18974,1011,120,19,130,25,153,6,6,6,6,6,NA,NA,NA,NA,2011-11-14 02:51:00,0
2011-11-14 04:00:00,WIND,600702,1,HCM,1,18974,1011,130,20,130,27,326,6,6,6,6,6,NA,NA,NA,NA,2011-11-14 03:51:00,0
2011-11-14 05:00:00,WIND,600702,1,HCM,1,18974,1011,130,18,130,25,408,6,6,6,6,6,NA,NA,NA,NA,2011-11-14 04:51:00,0
2011-11-14 06:00:00,WIND,600702,1,HCM,1,18974,1011,130,17,130,24,516,6,6,6,6,6,NA,NA,NA,NA,2011-11-14 05:51:00,0
2011-11-14 07:00:00,WIND,600702,1,HCM,1,18974,1011,140,18,140,25,609,6,6,6,6,6,NA,NA,NA,NA,2011-11-14 06:51:00,0
2011-11-14 08:00:00,WIND,600702,1,HCM,1,18974,1011,140,21,140,29,724,6,6,6,6,6,NA,NA,NA,NA,2011-11-14 07:51:00,0
2011-11-14 09:00:00,WIND,600702,1,HCM,1,18974,1011,130,19,130,29,844,6,6,6,6,6,NA,NA,NA,NA,2011-11-14 08:54:00,0
2011-11-14 10:00:00,WIND,600702,1,HCM,1,18974,1011,130,22,130,29,943,6,6,6,6,6,NA,NA,NA,NA,2011-11-14 09:51:00,0
2011-11-14 11:00:00,WIND,600702,1,HCM,1,18974,1011,130,21,130,29,954,6,6,6,6,6,NA,NA,NA,NA,2011-11-14 10:51:00,0
2011-11-14 12:00:00,WIND,600702,1,HCM,1,18974,1011,130,23,140,30,1136,6,6,6,6,6,NA,NA,NA,NA,2011-11-14 11:51:00,0
2011-11-14 13:00:00,WIND,600702,1,HCM,1,18974,1011,140,20,130,26,1224,6,6,6,6,6,NA,NA,NA,NA,2011-11-14 12:51:00,0
2011-11-14 14:00:00,WIND,600702,1,HCM,1,18974,1011,140,18,140,26,1300,6,6,6,6,6,NA,NA,NA,NA,2011-11-14 13:51:00,0
2011-11-14 15:00:00,WIND,600702,1,HCM,1,18974,1011,150,14,150,21,1400,6,6,6,6,6,NA,NA,NA,NA,2011-11-14 14:51:00,0
2011-11-14 16:00:00,WIND,600702,1,HCM,1,18974,1011,140,14,140,20,1525,6,6,6,6,6,NA,NA,NA,NA,2011-11-14 15:51:00,0
2011-11-14 17:00:00,WIND,600702,1,HCM,1,18974,1011,140,14,140,22,1623,6,6,6,6,6,NA,NA,NA,NA,2011-11-14 16:51:00,0
2011-11-14 18:00:00,WIND,600702,1,HCM,1,18974,1011,140,15,140,27,1749,6,6,6,6,6,NA,NA,NA,NA,2011-11-14 17:51:00,0
2011-11-14 19:00:00,WIND,600702,1,HCM,1,18974,1011,150,22,140,33,1804,6,6,6,6,6,NA,NA,NA,NA,2011-11-14 18:51:00,0
2011-11-14 20:00:00,WIND,600702,1,HCM,1,18974,1011,140,20,150,27,1943,6,6,6,6,6,NA,NA,NA,NA,2011-11-14 19:51:00,0
2011-11-14 21:00:00,WIND,600702,1,HCM,1,18974,1011,140,22,140,32,2010,6,6,6,6,6,NA,NA,NA,NA,2011-11-14 20:53:00,0
2011-11-14 22:00:00,WIND,600702,1,HCM,1,18974,1011,130,18,130,25,2112,6,6,6,6,6,NA,NA,NA,NA,2011-11-14 21:51:00,0
2011-11-14 23:00:00,WIND,600702,1,HCM,1,18974,1011,140,17,140,25,2215,6,6,6,6,6,NA,NA,NA,NA,2011-11-14 22:51:00,593
2011-11-15 00:00:00,WIND,600702,1,HCM,1,18974,1011,130,20,140,30,2320,6,6,6,6,6,NA,NA,NA,NA,2011-11-14 23:51:00,1514
2011-11-15 01:00:00,WIND,600702,1,HCM,1,18974,1011,140,22,140,29,25,6,6,6,6,6,NA,NA,NA,NA,2011-11-15 00:52:00,1453
2011-11-15 02:00:00,WIND,600702,1,HCM,1,18974,1011,140,22,140,30,126,6,6,6,6,6,NA,NA,NA,NA,2011-11-15 01:52:00,1393
2011-11-15 03:00:00,WIND,600702,1,HCM,1,18974,1011,150,21,150,29,159,6,6,6,6,6,NA,NA,NA,NA,2011-11-15 02:51:00,1334
2011-11-15 04:00:00,WIND,600702,1,HCM,1,18974,1011,140,22,150,29,300,6,6,6,6,6,NA,NA,NA,NA,2011-11-15 03:51:00,1274
2011-11-15 05:00:00,WIND,600702,1,HCM,1,18974,1011,130,22,130,29,434,6,6,6,6,6,NA,NA,NA,NA,2011-11-15 04:51:00,1214
2011-11-15 06:00:00,WIND,600702,1,HCM,1,18974,1011,130,22,130,29,535,6,6,6,6,6,NA,NA,NA,NA,2011-11-15 05:51:00,1154
2011-11-15 07:00:00,WIND,600702,1,HCM,1,18974,1011,130,23,130,29,640,6,6,6,6,6,NA,NA,NA,NA,2011-11-15 06:52:00,1093
2011-11-15 08:00:00,WIND,600702,1,HCM,1,18974,1011,130,23,130,30,716,6,6,6,6,6,NA,NA,NA,NA,2011-11-15 07:51:00,0
2011-11-15 09:00:00,WIND,600702,1,HCM,1,18974,1011,140,23,140,29,848,6,6,6,6,6,NA,NA,NA,NA,2011-11-15 08:54:00,0
2011-11-15 10:00:00,WIND,600702,1,HCM,1,18974,1011,140,22,130,28,905,6,6,6,6,6,NA,NA,NA,NA,2011-11-15 09:51:00,0
2011-11-15 11:00:00,WIND,600702,1,HCM,1,18974,1011,140,21,140,27,1000,6,6,6,6,6,NA,NA,NA,NA,2011-11-15 10:51:00,0
2011-11-15 12:00:00,WIND,600702,1,HCM,1,18974,1011,140,18,130,24,1058,6,6,6,6,6,NA,NA,NA,NA,2011-11-15 11:51:00,0
2011-11-15 13:00:00,WIND,600702,1,HCM,1,18974,1011,140,17,150,22,1245,6,6,6,6,6,NA,NA,NA,NA,2011-11-15 12:51:00,0
2011-11-15 14:00:00,WIND,600702,1,HCM,1,18974,1011,140,18,140,24,1320,6,6,6,6,6,NA,NA,NA,NA,2011-11-15 13:51:00,0
2011-11-15 15:00:00,WIND,600702,1,HCM,1,18974,1011,140,17,140,23,1351,6,6,6,6,6,NA,NA,NA,NA,2011-11-15 14:51:00,0
2011-11-15 16:00:00,WIND,600702,1,HCM,1,18974,1011,140,18,140,25,1546,6,6,6,6,6,NA,NA,NA,NA,2011-11-15 15:51:00,0
2011-11-15 17:00:00,WIND,600702,1,HCM,1,18974,1011,140,20,140,27,1609,6,6,6,6,6,NA,NA,NA,NA,2011-11-15 16:51:00,0
2011-11-15 18:00:00,WIND,600702,1,HCM,1,18974,1011,140,21,150,27,1706,6,6,6,6,6,NA,NA,NA,NA,2011-11-15 17:51:00,0
2011-11-15 19:00:00,WIND,600702,1,HCM,1,18974,1011,140,21,140,29,1840,6,6,6,6,6,NA,NA,NA,NA,2011-11-15 18:51:00,0
2011-11-15 20:00:00,WIND,600702,1,HCM,1,18974,1011,140,21,140,28,1850,6,6,6,6,6,NA,NA,NA,NA,2011-11-15 19:51:00,0
2011-11-15 21:00:00,WIND,600702,1,HCM,1,18974,1011,140,20,140,27,2044,6,6,6,6,6,NA,NA,NA,NA,2011-11-15 20:54:00,0
2011-11-15 22:00:00,WIND,600702,1,HCM,1,18974,1011,140,21,140,27,2102,6,6,6,6,6,NA,NA,NA,NA,2011-11-15 21:51:00,0
2011-11-15 23:00:00,WIND,600702,1,HCM,1,18974,1011,130,21,140,28,2208,6,6,6,6,6,NA,NA,NA,NA,2011-11-15 22:51:00,0
2011-11-16 00:00:00,WIND,600702,1,HCM,1,18974,1011,140,21,140,28,2323,6,6,6,6,6,NA,NA,NA,NA,2011-11-15 23:51:00,0
2011-11-16 01:00:00,WIND,600702,1,HCM,1,18974,1011,140,20,140,26,9,6,6,6,6,6,NA,NA,NA,NA,2011-11-16 00:51:00,0
2011-11-16 02:00:00,WIND,600702,1,HCM,1,18974,1011,140,20,140,26,125,6,6,6,6,6,NA,NA,NA,NA,2011-11-16 01:51:00,0
2011-11-16 03:00:00,WIND,600702,1,HCM,1,18974,1011,140,20,140,27,227,6,6,6,6,6,NA,NA,NA,NA,2011-11-16 02:51:00,0
2011-11-16 04:00:00,WIND,600702,1,HCM,1,18974,1011,140,19,140,26,254,6,6,6,6,6,NA,NA,NA,NA,2011-11-16 03:51:00,0
2011-11-16 05:00:00,WIND,600702,1,HCM,1,18974,1011,140,20,140,28,435,6,6,6,6,6,NA,NA,NA,NA,2011-11-16 04:51:00,0
2011-11-16 06:00:00,WIND,600702,1,HCM,1,18974,1011,140,19,150,25,503,6,6,6,6,6,NA,NA,NA,NA,2011-11-16 05:51:00,0
2011-11-16 07:00:00,WIND,600702,1,HCM,1,18974,1011,140,18,150,25,635,6,6,6,6,6,NA,NA,NA,NA,2011-11-16 06:51:00,0
2011-11-16 08:00:00,WIND,600702,1,HCM,1,18974,1011,150,20,150,26,720,6,6,6,6,6,NA,NA,NA,NA,2011-11-16 07:51:00,0
2011-11-16 09:00:00,WIND,600702,1,HCM,1,18974,1011,160,20,160,30,805,6,6,6,6,6,NA,NA,NA,NA,2011-11-16 08:54:00,0
2011-11-16 10:00:00,WIND,600702,1,HCM,1,18974,1011,150,21,150,28,949,6,6,6,6,6,NA,NA,NA,NA,2011-11-16 09:52:00,0
2011-11-16 11:00:00,WIND,600702,1,HCM,1,18974,1011,140,21,140,28,1028,6,6,6,6,6,NA,NA,NA,NA,2011-11-16 10:51:00,0
2011-11-16 12:00:00,WIND,600702,1,HCM,1,18974,1011,140,21,140,29,1058,6,6,6,6,6,NA,NA,NA,NA,2011-11-16 11:51:00,0
2011-11-16 13:00:00,WIND,600702,1,HCM,1,18974,1011,140,20,130,27,1155,6,6,6,6,6,NA,NA,NA,NA,2011-11-16 12:51:00,0
2011-11-16 14:00:00,WIND,600702,1,HCM,1,18974,1011,150,20,140,26,1301,6,6,6,6,6,NA,NA,NA,NA,2011-11-16 13:51:00,0
2011-11-16 15:00:00,WIND,600702,1,HCM,1,18974,1011,150,20,140,26,1417,6,6,6,6,6,NA,NA,NA,NA,2011-11-16 14:51:00,0
2011-11-16 16:00:00,WIND,600702,1,HCM,1,18974,1011,150,21,150,27,1548,6,6,6,6,6,NA,NA,NA,NA,2011-11-16 15:51:00,0
2011-11-16 17:00:00,WIND,600702,1,HCM,1,18974,1011,150,21,150,27,1621,6,6,6,6,6,NA,NA,NA,NA,2011-11-16 16:51:00,0
2011-11-16 18:00:00,WIND,600702,1,HCM,1,18974,1011,150,21,150,27,1701,6,6,6,6,6,NA,NA,NA,NA,2011-11-16 17:51:00,0
2011-11-16 19:00:00,WIND,600702,1,HCM,1,18974,1011,150,21,150,27,1756,6,6,6,6,6,NA,NA,NA,NA,2011-11-16 18:51:00,0
2011-11-16 20:00:00,WIND,600702,1,HCM,1,18974,1011,150,21,150,27,1936,6,6,6,6,6,NA,NA,NA,NA,2011-11-16 19:51:00,0
2011-11-16 21:00:00,WIND,600702,1,HCM,1,18974,1011,150,20,150,27,2038,6,6,6,6,6,NA,NA,NA,NA,2011-11-16 20:53:00,0
2011-11-16 22:00:00,WIND,600702,1,HCM,1,18974,1011,140,20,140,26,2121,6,6,6,6,6,NA,NA,NA,NA,2011-11-16 21:51:00,0
2011-11-16 23:00:00,WIND,600702,1,HCM,1,18974,1011,150,20,140,26,2244,6,6,6,6,6,NA,NA,NA,NA,2011-11-16 22:51:00,0
2011-11-17 00:00:00,WIND,600702,1,HCM,1,18974,1011,140,20,140,27,2253,6,6,6,6,6,NA,NA,NA,NA,2011-11-16 23:51:00,0
2011-11-17 01:00:00,WIND,600702,1,HCM,1,18974,1011,140,19,140,25,19,6,6,6,6,6,NA,NA,NA,NA,2011-11-17 00:51:00,0
2011-11-17 02:00:00,WIND,600702,1,HCM,1,18974,1011,150,20,150,25,149,6,6,6,6,6,NA,NA,NA,NA,2011-11-17 01:51:00,0
2011-11-17 03:00:00,WIND,600702,1,HCM,1,18974,1011,150,21,160,27,231,6,6,6,6,6,NA,NA,NA,NA,2011-11-17 02:51:00,0
2011-11-17 04:00:00,WIND,600702,1,HCM,1,18974,1011,150,21,150,26,332,6,6,6,6,6,NA,NA,NA,NA,2011-11-17 03:51:00,0
2011-11-17 05:00:00,WIND,600702,1,HCM,1,18974,1011,220,14,150,26,350,6,6,6,6,6,NA,NA,NA,NA,2011-11-17 04:51:00,0
2011-11-17 06:00:00,WIND,600702,1,HCM,1,18974,1011,230,5,230,11,500,6,6,6,6,6,NA,NA,NA,NA,2011-11-17 05:51:00,0
2011-11-17 07:00:00,WIND,600702,1,HCM,1,18974,1011,210,7,210,10,642,6,6,6,6,6,NA,NA,NA,NA,2011-11-17 06:51:00,0
2011-11-17 08:00:00,WIND,600702,1,HCM,1,18974,1011,200,15,190,22,729,6,6,6,6,6,NA,NA,NA,NA,2011-11-17 07:51:00,0
2011-11-17 09:00:00,WIND,600702,1,HCM,1,18974,1011,200,16,190,24,842,6,6,6,6,6,NA,NA,NA,NA,2011-11-17 08:54:00,0
2011-11-17 10:00:00,WIND,600702,1,HCM,1,18974,1011,200,18,190,28,916,6,6,6,6,6,NA,NA,NA,NA,2011-11-17 09:51:00,911
2011-11-17 11:00:00,WIND,600702,1,HCM,1,18974,1011,190,20,190,26,952,6,6,6,6,6,NA,NA,NA,NA,2011-11-17 10:51:00,851
2011-11-17 12:00:00,WIND,600702,1,HCM,1,18974,1011,180,21,180,28,1113,6,6,6,6,6,NA,NA,NA,NA,2011-11-17 11:51:00,791
2011-11-17 13:00:00,WIND,600702,1,HCM,1,18974,1011,180,22,180,31,1231,6,6,6,6,6,NA,NA,NA,NA,2011-11-17 12:51:00,731
2011-11-17 14:00:00,WIND,600702,1,HCM,1,18974,1011,160,21,160,30,1343,6,6,6,6,6,NA,NA,NA,NA,2011-11-17 13:52:00,670
2011-11-17 15:00:00,WIND,600702,1,HCM,1,18974,1011,150,25,160,33,1424,6,6,6,6,6,NA,NA,NA,NA,2011-11-17 14:51:00,611
2011-11-17 16:00:00,WIND,600702,1,HCM,1,18974,1011,150,27,150,36,1455,6,6,6,6,6,NA,NA,NA,NA,2011-11-17 15:51:00,0
2011-11-17 17:00:00,WIND,600702,1,HCM,1,18974,1011,170,27,180,38,1649,6,6,6,6,6,NA,NA,NA,NA,2011-11-17 16:51:00,0
2011-11-17 18:00:00,WIND,600702,1,HCM,1,18974,1011,180,29,190,39,1727,6,6,6,6,6,NA,NA,NA,NA,2011-11-17 17:51:00,0
2011-11-17 19:00:00,WIND,600702,1,HCM,1,18974,1011,180,25,190,37,1800,6,6,6,6,6,NA,NA,NA,NA,2011-11-17 18:51:00,0
2011-11-17 20:00:00,WIND,600702,1,HCM,1,18974,1011,190,26,190,37,1851,6,6,6,6,6,NA,NA,NA,NA,2011-11-17 19:51:00,0
2011-11-17 21:00:00,WIND,600702,1,HCM,1,18974,1011,190,25,200,34,2044,6,6,6,6,6,NA,NA,NA,NA,2011-11-17 20:54:00,0
2011-11-17 22:00:00,WIND,600702,1,HCM,1,18974,1011,190,25,190,33,2109,6,6,6,6,6,NA,NA,NA,NA,2011-11-17 21:51:00,0
2011-11-17 23:00:00,WIND,600702,1,HCM,1,18974,1011,190,23,190,30,2150,6,6,6,6,6,NA,NA,NA,NA,2011-11-17 22:51:00,0
2011-11-18 00:00:00,WIND,600702,1,HCM,1,18974,1011,190,22,190,30,2302,6,6,6,6,6,NA,NA,NA,NA,2011-11-17 23:51:00,0
2011-11-18 01:00:00,WIND,600702,1,HCM,1,18974,1011,190,20,190,27,8,6,6,6,6,6,NA,NA,NA,NA,2011-11-18 00:52:00,1450
2011-11-18 02:00:00,WIND,600702,1,HCM,1,18974,1011,200,20,200,26,54,6,6,6,6,6,NA,NA,NA,NA,2011-11-18 01:51:00,0
2011-11-18 03:00:00,WIND,600702,1,HCM,1,18974,1011,200,18,190,25,231,6,6,6,6,6,NA,NA,NA,NA,2011-11-18 02:51:00,0
2011-11-18 04:00:00,WIND,600702,1,HCM,1,18974,1011,200,17,200,25,257,6,6,6,6,6,NA,NA,NA,NA,2011-11-18 03:51:00,0
2011-11-18 05:00:00,WIND,600702,1,HCM,1,18974,1011,210,15,210,24,401,6,6,6,6,6,NA,NA,NA,NA,2011-11-18 04:51:00,0
2011-11-18 06:00:00,WIND,600702,1,HCM,1,18974,1011,200,14,200,22,516,6,6,6,6,6,NA,NA,NA,NA,2011-11-18 05:51:00,0
2011-11-18 07:00:00,WIND,600702,1,HCM,1,18974,1011,180,13,180,19,632,6,6,6,6,6,NA,NA,NA,NA,2011-11-18 06:51:00,0
2011-11-18 08:00:00,WIND,600702,1,HCM,1,18974,1011,180,18,180,23,749,6,6,6,6,6,NA,NA,NA,NA,2011-11-18 07:51:00,0
2011-11-18 09:00:00,WIND,600702,1,HCM,1,18974,1011,180,19,190,25,849,6,6,6,6,6,NA,NA,NA,NA,2011-11-18 08:54:00,0
2011-11-18 10:00:00,WIND,600702,1,HCM,1,18974,1011,180,20,190,27,858,6,6,6,6,6,NA,NA,NA,NA,2011-11-18 09:51:00,0
2011-11-18 11:00:00,WIND,600702,1,HCM,1,18974,1011,180,19,180,25,1041,6,6,6,6,6,NA,NA,NA,NA,2011-11-18 10:51:00,0
2011-11-18 12:00:00,WIND,600702,1,HCM,1,18974,1011,180,19,180,27,1142,6,6,6,6,6,NA,NA,NA,NA,2011-11-18 11:51:00,0
2011-11-18 13:00:00,WIND,600702,1,HCM,1,18974,1011,180,20,180,26,1237,6,6,6,6,6,NA,NA,NA,NA,2011-11-18 12:51:00,0
2011-11-18 14:00:00,WIND,600702,1,HCM,1,18974,1011,180,19,180,25,1311,6,6,6,6,6,NA,NA,NA,NA,2011-11-18 13:51:00,0
2011-11-18 15:00:00,WIND,600702,1,HCM,1,18974,1011,190,17,190,24,1354,6,6,6,6,6,NA,NA,NA,NA,2011-11-18 14:51:00,0
2011-11-18 16:00:00,WIND,600702,1,HCM,1,18974,1011,190,14,190,20,1515,6,6,6,6,6,NA,NA,NA,NA,2011-11-18 15:51:00,0
2011-11-18 17:00:00,WIND,600702,1,HCM,1,18974,1011,180,13,180,17,1643,6,6,6,6,6,NA,NA,NA,NA,2011-11-18 16:51:00,0
2011-11-18 18:00:00,WIND,600702,1,HCM,1,18974,1011,180,14,190,20,1744,6,6,6,6,6,NA,NA,NA,NA,2011-11-18 17:51:00,0
2011-11-18 19:00:00,WIND,600702,1,HCM,1,18974,1011,180,14,180,19,1808,6,6,6,6,6,NA,NA,NA,NA,2011-11-18 18:51:00,0
2011-11-18 20:00:00,WIND,600702,1,HCM,1,18974,1011,180,15,180,20,1927,6,6,6,6,6,NA,NA,NA,NA,2011-11-18 19:51:00,0
2011-11-18 21:00:00,WIND,600702,1,HCM,1,18974,1011,180,18,180,26,2031,6,6,6,6,6,NA,NA,NA,NA,2011-11-18 20:54:00,0
2011-11-18 22:00:00,WIND,600702,1,HCM,1,18974,1011,170,19,170,27,2136,6,6,6,6,6,NA,NA,NA,NA,2011-11-18 21:51:00,0
2011-11-18 23:00:00,WIND,600702,1,HCM,1,18974,1011,170,21,170,29,2153,6,6,6,6,6,NA,NA,NA,NA,2011-11-18 22:51:00,0
2011-11-19 00:00:00,WIND,600702,1,HCM,1,18974,1011,160,22,160,29,2344,6,6,6,6,6,NA,NA,NA,NA,2011-11-18 23:51:00,0
2011-11-19 01:00:00,WIND,600702,1,HCM,1,18974,1011,170,21,170,30,43,6,6,6,6,6,NA,NA,NA,NA,2011-11-19 00:51:00,0
2011-11-19 02:00:00,WIND,600702,1,HCM,1,18974,1011,170,20,170,27,104,6,6,6,6,6,NA,NA,NA,NA,2011-11-19 01:51:00,0
2011-11-19 03:00:00,WIND,600702,1,HCM,1,18974,1011,170,19,170,25,221,6,6,6,6,6,NA,NA,NA,NA,2011-11-19 02:51:00,0
2011-11-19 04:00:00,WIND,600702,1,HCM,1,18974,1011,170,20,170,27,339,6,6,6,6,6,NA,NA,NA,NA,2011-11-19 03:51:00,0
2011-11-19 05:00:00,WIND,600702,1,HCM,1,18974,1011,170,20,170,26,356,6,6,6,6,6,NA,NA,NA,NA,2011-11-19 04:51:00,0
2011-11-19 06:00:00,WIND,600702,1,HCM,1,18974,1011,170,20,170,27,511,6,6,6,6,6,NA,NA,NA,NA,2011-11-19 05:51:00,0
2011-11-19 07:00:00,WIND,600702,1,HCM,1,18974,1011,170,19,170,26,550,6,6,6,6,6,NA,NA,NA,NA,2011-11-19 06:51:00,0
2011-11-19 08:00:00,WIND,600702,1,HCM,1,18974,1011,170,20,170,29,731,6,6,6,6,6,NA,NA,NA,NA,2011-11-19 07:51:00,0
2011-11-19 09:00:00,WIND,600702,1,HCM,1,18974,1011,170,20,170,27,759,6,6,6,6,6,NA,NA,NA,NA,2011-11-19 08:54:00,0
2011-11-19 10:00:00,WIND,600702,1,HCM,1,18974,1011,170,20,170,27,949,6,6,6,6,6,NA,NA,NA,NA,2011-11-19 09:51:00,0
2011-11-19 11:00:00,WIND,600702,1,HCM,1,18974,1011,170,21,180,28,950,6,6,6,6,6,NA,NA,NA,NA,2011-11-19 10:51:00,0
2011-11-19 12:00:00,WIND,600702,1,HCM,1,18974,1011,180,21,180,28,1129,6,6,6,6,6,NA,NA,NA,NA,2011-11-19 11:51:00,0
2011-11-19 13:00:00,WIND,600702,1,HCM,1,18974,1011,180,18,180,27,1151,6,6,6,6,6,NA,NA,NA,NA,2011-11-19 12:51:00,0
2011-11-19 14:00:00,WIND,600702,1,HCM,1,18974,1011,180,15,170,21,1322,6,6,6,6,6,NA,NA,NA,NA,2011-11-19 13:51:00,0
2011-11-19 15:00:00,WIND,600702,1,HCM,1,18974,1011,180,16,180,22,1411,6,6,6,6,6,NA,NA,NA,NA,2011-11-19 14:51:00,0
2011-11-19 16:00:00,WIND,600702,1,HCM,1,18974,1011,200,11,190,18,1450,6,6,6,6,6,NA,NA,NA,NA,2011-11-19 15:51:00,0
2011-11-19 17:00:00,WIND,600702,1,HCM,1,18974,1011,210,9,200,12,1558,6,6,6,6,6,NA,NA,NA,NA,2011-11-19 16:51:00,0
2011-11-19 18:00:00,WIND,600702,1,HCM,1,18974,1011,220,6,230,11,1651,6,6,6,6,6,NA,NA,NA,NA,2011-11-19 17:51:00,0
2011-11-19 19:00:00,WIND,600702,1,HCM,1,18974,1011,210,6,190,8,1824,6,6,6,6,6,NA,NA,NA,NA,2011-11-19 18:51:00,0
2011-11-19 20:00:00,WIND,600702,1,HCM,1,18974,1011,220,7,220,10,1944,6,6,6,6,6,NA,NA,NA,NA,2011-11-19 19:51:00,0
2011-11-19 21:00:00,WIND,600702,1,HCM,1,18974,1011,210,7,230,10,1952,6,6,6,6,6,NA,NA,NA,NA,2011-11-19 20:54:00,0
2011-11-19 22:00:00,WIND,600702,1,HCM,1,18974,1011,210,7,200,9,2057,6,6,6,6,6,NA,NA,NA,NA,2011-11-19 21:51:00,0
2011-11-19 23:00:00,WIND,600702,1,HCM,1,18974,1011,210,7,200,9,2225,6,6,6,6,6,NA,NA,NA,NA,2011-11-19 22:51:00,0
2011-11-20 00:00:00,WIND,600702,1,HCM,1,18974,1011,200,6,190,8,2310,6,6,6,6,6,NA,NA,NA,NA,2011-11-19 23:51:00,0
2011-11-20 01:00:00,WIND,600702,1,HCM,1,18974,1011,200,7,190,9,37,6,6,6,6,6,NA,NA,NA,NA,2011-11-20 00:51:00,0
2011-11-20 02:00:00,WIND,600702,1,HCM,1,18974,1011,210,6,210,8,108,6,6,6,6,6,NA,NA,NA,NA,2011-11-20 01:51:00,0
2011-11-20 03:00:00,WIND,600702,1,HCM,1,18974,1011,200,6,200,9,242,6,6,6,6,6,NA,NA,NA,NA,2011-11-20 02:51:00,0
2011-11-20 04:00:00,WIND,600702,1,HCM,1,18974,1011,210,6,200,9,251,6,6,6,6,6,NA,NA,NA,NA,2011-11-20 03:51:00,0
2011-11-20 05:00:00,WIND,600702,1,HCM,1,18974,1011,210,6,210,10,428,6,6,6,6,6,NA,NA,NA,NA,2011-11-20 04:51:00,0
2011-11-20 06:00:00,WIND,600702,1,HCM,1,18974,1011,200,7,220,11,538,6,6,6,6,6,NA,NA,NA,NA,2011-11-20 05:51:00,0
2011-11-20 07:00:00,WIND,600702,1,HCM,1,18974,1011,200,9,200,13,625,6,6,6,6,6,NA,NA,NA,NA,2011-11-20 06:51:00,0
2011-11-20 08:00:00,WIND,600702,1,HCM,1,18974,1011,210,10,200,16,738,6,6,6,6,6,NA,NA,NA,NA,2011-11-20 07:51:00,0
2011-11-20 09:00:00,WIND,600702,1,HCM,1,18974,1011,200,12,200,19,842,6,6,6,6,6,NA,NA,NA,NA,2011-11-20 08:54:00,0
2011-11-20 10:00:00,WIND,600702,1,HCM,1,18974,1011,190,15,190,21,927,6,6,6,6,6,NA,NA,NA,NA,2011-11-20 09:51:00,0
2011-11-20 11:00:00,WIND,600702,1,HCM,1,18974,1011,190,15,200,20,1007,6,6,6,6,6,NA,NA,NA,NA,2011-11-20 10:51:00,0
2011-11-20 12:00:00,WIND,600702,1,HCM,1,18974,1011,190,17,200,24,1125,6,6,6,6,6,NA,NA,NA,NA,2011-11-20 11:51:00,0
2011-11-20 13:00:00,WIND,600702,1,HCM,1,18974,1011,190,17,190,24,1228,6,6,6,6,6,NA,NA,NA,NA,2011-11-20 12:51:00,0
2011-11-20 14:00:00,WIND,600702,1,HCM,1,18974,1011,190,19,200,26,1302,6,6,6,6,6,NA,NA,NA,NA,2011-11-20 13:51:00,0
2011-11-20 15:00:00,WIND,600702,1,HCM,1,18974,1011,190,20,190,26,1405,6,6,6,6,6,NA,NA,NA,NA,2011-11-20 14:51:00,0
2011-11-20 16:00:00,WIND,600702,1,HCM,1,18974,1011,190,19,190,25,1507,6,6,6,6,6,NA,NA,NA,NA,2011-11-20 15:51:00,0
2011-11-20 17:00:00,WIND,600702,1,HCM,1,18974,1011,190,18,190,24,1614,6,6,6,6,6,NA,NA,NA,NA,2011-11-20 16:51:00,0
2011-11-20 18:00:00,WIND,600702,1,HCM,1,18974,1011,180,17,180,23,1741,6,6,6,6,6,NA,NA,NA,NA,2011-11-20 17:51:00,0
2011-11-20 19:00:00,WIND,600702,1,HCM,1,18974,1011,180,18,180,25,1830,6,6,6,6,6,NA,NA,NA,NA,2011-11-20 18:51:00,0
2011-11-20 20:00:00,WIND,600702,1,HCM,1,18974,1011,180,19,190,28,1933,6,6,6,6,6,NA,NA,NA,NA,2011-11-20 19:51:00,0
2011-11-20 21:00:00,WIND,600702,1,HCM,1,18974,1011,180,18,180,26,2013,6,6,6,6,6,NA,NA,NA,NA,2011-11-20 20:54:00,0
2011-11-20 22:00:00,WIND,600702,1,HCM,1,18974,1011,180,19,190,26,2118,6,6,6,6,6,NA,NA,NA,NA,2011-11-20 21:51:00,0
2011-11-20 23:00:00,WIND,600702,1,HCM,1,18974,1011,180,18,180,24,2249,6,6,6,6,6,NA,NA,NA,NA,2011-11-20 22:51:00,0
2011-11-21 00:00:00,WIND,600702,1,HCM,1,18974,1011,180,18,180,25,2254,6,6,6,6,6,NA,NA,NA,NA,2011-11-20 23:51:00,0
2011-11-21 01:00:00,WIND,600702,1,HCM,1,18974,1011,180,16,190,23,2353,6,6,6,6,6,NA,NA,NA,NA,2011-11-21 00:51:00,0
2011-11-21 02:00:00,WIND,600702,1,HCM,1,18974,1011,180,18,180,27,109,6,6,6,6,6,NA,NA,NA,NA,2011-11-21 01:51:00,0
2011-11-21 03:00:00,WIND,600702,1,HCM,1,18974,1011,200,18,190,26,223,6,6,6,6,6,NA,NA,NA,NA,2011-11-21 02:51:00,0
2011-11-21 04:00:00,WIND,600702,1,HCM,1,18974,1011,230,13,240,20,316,6,6,6,6,6,NA,NA,NA,NA,2011-11-21 03:51:00,0
2011-11-21 05:00:00,WIND,600702,1,HCM,1,18974,1011,210,11,230,20,447,6,6,6,6,6,NA,NA,NA,NA,2011-11-21 04:51:00,0
2011-11-21 06:00:00,WIND,600702,1,HCM,1,18974,1011,240,8,250,15,450,6,6,6,6,6,NA,NA,NA,NA,2011-11-21 05:51:00,0
2011-11-21 07:00:00,WIND,600702,1,HCM,1,18974,1011,230,8,230,13,554,6,6,6,6,6,NA,NA,NA,NA,2011-11-21 06:51:00,0
2011-11-21 08:00:00,WIND,600702,1,HCM,1,18974,1011,300,6,270,11,653,6,6,6,6,6,NA,NA,NA,NA,2011-11-21 07:51:00,0
2011-11-21 09:00:00,WIND,600702,1,HCM,1,18974,1011,320,6,320,11,814,6,6,6,6,6,NA,NA,NA,NA,2011-11-21 08:54:00,0
2011-11-21 10:00:00,WIND,600702,1,HCM,1,18974,1011,330,5,320,8,902,6,6,6,6,6,NA,NA,NA,NA,2011-11-21 09:51:00,0
2011-11-21 11:00:00,WIND,600702,1,HCM,1,18974,1011,330,6,320,11,1041,6,6,6,6,6,NA,NA,NA,NA,2011-11-21 10:51:00,0
2011-11-21 12:00:00,WIND,600702,1,HCM,1,18974,1011,340,7,340,11,1055,6,6,6,6,6,NA,NA,NA,NA,2011-11-21 11:51:00,0
2011-11-21 13:00:00,WIND,600702,1,HCM,1,18974,1011,340,5,340,8,1247,6,6,6,6,6,NA,NA,NA,NA,2011-11-21 12:51:00,0
2011-11-21 14:00:00,WIND,600702,1,HCM,1,18974,1011,340,6,340,9,1333,6,6,6,6,6,NA,NA,NA,NA,2011-11-21 13:51:00,0
2011-11-21 15:00:00,WIND,600702,1,HCM,1,18974,1011,350,5,340,8,1411,6,6,6,6,6,NA,NA,NA,NA,2011-11-21 14:51:00,0
2011-11-21 16:00:00,WIND,600702,1,HCM,1,18974,1011,340,5,340,7,1546,6,6,6,6,6,NA,NA,NA,NA,2011-11-21 15:51:00,0
2011-11-21 17:00:00,WIND,600702,1,HCM,1,18974,1011,330,5,340,7,1557,6,6,6,6,6,NA,NA,NA,NA,2011-11-21 16:51:00,0
2011-11-21 18:00:00,WIND,600702,1,HCM,1,18974,1011,10,4,350,5,1713,6,6,6,6,6,NA,NA,NA,NA,2011-11-21 17:51:00,0
2011-11-21 19:00:00,WIND,600702,1,HCM,1,18974,1011,150,1,130,3,1750,6,6,6,6,6,NA,NA,NA,NA,2011-11-21 18:51:00,0
2011-11-21 20:00:00,WIND,600702,1,HCM,1,18974,1011,280,3,300,8,1947,6,6,6,6,6,NA,NA,NA,NA,2011-11-21 19:51:00,0
2011-11-21 21:00:00,WIND,600702,1,HCM,1,18974,1011,290,6,300,9,2037,6,6,6,6,6,NA,NA,NA,NA,2011-11-21 20:54:00,0
2011-11-21 22:00:00,WIND,600702,1,HCM,1,18974,1011,230,5,300,13,2051,6,6,6,6,6,NA,NA,NA,NA,2011-11-21 21:51:00,0
2011-11-21 23:00:00,WIND,600702,1,HCM,1,18974,1011,220,4,280,7,2237,6,6,6,6,6,NA,NA,NA,NA,2011-11-21 22:51:00,0
2011-11-22 00:00:00,WIND,600702,1,HCM,1,18974,1011,290,5,280,13,2259,6,6,6,6,6,NA,NA,NA,NA,2011-11-21 23:51:00,0
2011-11-22 01:00:00,WIND,600702,1,HCM,1,18974,1011,260,4,230,6,41,6,6,6,6,6,NA,NA,NA,NA,2011-11-22 00:51:00,0
2011-11-22 02:00:00,WIND,600702,1,HCM,1,18974,1011,270,4,280,8,148,6,6,6,6,6,NA,NA,NA,NA,2011-11-22 01:51:00,0
2011-11-22 03:00:00,WIND,600702,1,HCM,1,18974,1011,290,7,290,9,239,6,6,6,6,6,NA,NA,NA,NA,2011-11-22 02:51:00,0
2011-11-22 04:00:00,WIND,600702,1,HCM,1,18974,1011,280,7,280,9,340,6,6,6,6,6,NA,NA,NA,NA,2011-11-22 03:51:00,0
2011-11-22 05:00:00,WIND,600702,1,HCM,1,18974,1011,270,6,280,8,408,6,6,6,6,6,NA,NA,NA,NA,2011-11-22 04:51:00,0
2011-11-22 06:00:00,WIND,600702,1,HCM,1,18974,1011,240,6,230,8,525,6,6,6,6,6,NA,NA,NA,NA,2011-11-22 05:51:00,0
2011-11-22 07:00:00,WIND,600702,1,HCM,1,18974,1011,220,7,220,11,639,6,6,6,6,6,NA,NA,NA,NA,2011-11-22 06:51:00,0
2011-11-22 08:00:00,WIND,600702,1,HCM,1,18974,1011,220,8,220,12,715,6,6,6,6,6,NA,NA,NA,NA,2011-11-22 07:51:00,0
2011-11-22 09:00:00,WIND,600702,1,HCM,1,18974,1011,220,9,220,14,849,6,6,6,6,6,NA,NA,NA,NA,2011-11-22 08:54:00,0
2011-11-22 10:00:00,WIND,600702,1,HCM,1,18974,1011,220,12,210,17,856,6,6,6,6,6,NA,NA,NA,NA,2011-11-22 09:51:00,0
2011-11-22 11:00:00,WIND,600702,1,HCM,1,18974,1011,210,13,200,23,1028,6,6,6,6,6,NA,NA,NA,NA,2011-11-22 10:51:00,0
2011-11-22 12:00:00,WIND,600702,1,HCM,1,18974,1011,210,17,210,25,1127,6,6,6,6,6,NA,NA,NA,NA,2011-11-22 11:51:00,0
2011-11-22 13:00:00,WIND,600702,1,HCM,1,18974,1011,210,18,210,27,1246,6,6,6,6,6,NA,NA,NA,NA,2011-11-22 12:51:00,0
2011-11-22 14:00:00,WIND,600702,1,HCM,1,18974,1011,210,19,200,27,1329,6,6,6,6,6,NA,NA,NA,NA,2011-11-22 13:51:00,0
2011-11-22 15:00:00,WIND,600702,1,HCM,1,18974,1011,200,20,210,30,1438,6,6,6,6,6,NA,NA,NA,NA,2011-11-22 14:51:00,0
2011-11-22 16:00:00,WIND,600702,1,HCM,1,18974,1011,200,21,200,29,1541,6,6,6,6,6,NA,NA,NA,NA,2011-11-22 15:51:00,0
2011-11-22 17:00:00,WIND,600702,1,HCM,1,18974,1011,200,23,200,32,1614,6,6,6,6,6,NA,NA,NA,NA,2011-11-22 16:51:00,0
2011-11-22 18:00:00,WIND,600702,1,HCM,1,18974,1011,200,24,200,33,1715,6,6,6,6,6,NA,NA,NA,NA,2011-11-22 17:51:00,0
2011-11-22 19:00:00,WIND,600702,1,HCM,1,18974,1011,200,25,190,36,1815,6,6,6,6,6,NA,NA,NA,NA,2011-11-22 18:51:00,0
2011-11-22 20:00:00,WIND,600702,1,HCM,1,18974,1011,200,27,200,38,1921,6,6,6,6,6,NA,NA,NA,NA,2011-11-22 19:51:00,0
2011-11-22 21:00:00,WIND,600702,1,HCM,1,18974,1011,200,25,200,38,2008,6,6,6,6,6,NA,NA,NA,NA,2011-11-22 20:54:00,0
2011-11-22 22:00:00,WIND,600702,1,HCM,1,18974,1011,200,26,200,37,2129,6,6,6,6,6,NA,NA,NA,NA,2011-11-22 21:51:00,0
2011-11-22 23:00:00,WIND,600702,1,HCM,1,18974,1011,200,26,200,39,2213,6,6,6,6,6,NA,NA,NA,NA,2011-11-22 22:51:00,0
2011-11-23 00:00:00,WIND,600702,1,HCM,1,18974,1011,210,24,210,34,2300,6,6,6,6,6,NA,NA,NA,NA,2011-11-22 23:51:00,0
2011-11-23 01:00:00,WIND,600702,1,HCM,1,18974,1011,210,24,220,38,22,6,6,6,6,6,NA,NA,NA,NA,2011-11-23 00:51:00,0
2011-11-23 02:00:00,WIND,600702,1,HCM,1,18974,1011,210,26,210,40,114,6,6,6,6,6,NA,NA,NA,NA,2011-11-23 01:51:00,0
2011-11-23 03:00:00,WIND,600702,1,HCM,1,18974,1011,210,27,210,41,224,6,6,6,6,6,NA,NA,NA,NA,2011-11-23 02:51:00,0
2011-11-23 04:00:00,WIND,600702,1,HCM,1,18974,1011,220,28,220,42,314,6,6,6,6,6,NA,NA,NA,NA,2011-11-23 03:51:00,0
2011-11-23 05:00:00,WIND,600702,1,HCM,1,18974,1011,220,27,220,38,428,6,6,6,6,6,NA,NA,NA,NA,2011-11-23 04:51:00,0
2011-11-23 06:00:00,WIND,600702,1,HCM,1,18974,1011,230,25,220,39,510,6,6,6,6,6,NA,NA,NA,NA,2011-11-23 05:51:00,0
2011-11-23 07:00:00,WIND,600702,1,HCM,1,18974,1011,240,20,250,28,637,6,6,6,6,6,NA,NA,NA,NA,2011-11-23 06:51:00,0
2011-11-23 08:00:00,WIND,600702,1,HCM,1,18974,1011,240,17,240,27,650,6,6,6,6,6,NA,NA,NA,NA,2011-11-23 07:51:00,0
2011-11-23 09:00:00,WIND,600702,1,HCM,1,18974,1011,240,17,250,26,838,6,6,6,6,6,NA,NA,NA,NA,2011-11-23 08:54:00,0
2011-11-23 10:00:00,WIND,600702,1,HCM,1,18974,1011,250,19,260,28,913,6,6,6,6,6,NA,NA,NA,NA,2011-11-23 09:51:00,0
2011-11-23 11:00:00,WIND,600702,1,HCM,1,18974,1011,240,18,260,29,1045,6,6,6,6,6,NA,NA,NA,NA,2011-11-23 10:51:00,0
2011-11-23 12:00:00,WIND,600702,1,HCM,1,18974,1011,260,19,260,29,1109,6,6,6,6,6,NA,NA,NA,NA,2011-11-23 11:51:00,0
2011-11-23 13:00:00,WIND,600702,1,HCM,1,18974,1011,270,18,270,28,1244,6,6,6,6,6,NA,NA,NA,NA,2011-11-23 12:51:00,0
2011-11-23 14:00:00,WIND,600702,1,HCM,1,18974,1011,270,17,260,26,1254,6,6,6,6,6,NA,NA,NA,NA,2011-11-23 13:52:00,0
2011-11-23 15:00:00,WIND,600702,1,HCM,1,18974,1011,270,18,260,27,1442,6,6,6,6,6,NA,NA,NA,NA,2011-11-23 14:51:00,0
2011-11-23 16:00:00,WIND,600702,1,HCM,1,18974,1011,270,16,280,25,1454,6,6,6,6,6,NA,NA,NA,NA,2011-11-23 15:51:00,0
2011-11-23 17:00:00,WIND,600702,1,HCM,1,18974,1011,270,13,270,20,1559,6,6,6,6,6,NA,NA,NA,NA,2011-11-23 16:51:00,0
2011-11-23 18:00:00,WIND,600702,1,HCM,1,18974,1011,270,14,270,23,1723,6,6,6,6,6,NA,NA,NA,NA,2011-11-23 17:51:00,0
2011-11-23 19:00:00,WIND,600702,1,HCM,1,18974,1011,270,13,270,19,1807,6,6,6,6,6,NA,NA,NA,NA,2011-11-23 18:51:00,0
2011-11-23 20:00:00,WIND,600702,1,HCM,1,18974,1011,270,13,270,20,1906,6,6,6,6,6,NA,NA,NA,NA,2011-11-23 19:51:00,0
2011-11-23 21:00:00,WIND,600702,1,HCM,1,18974,1011,270,9,270,16,1951,6,6,6,6,6,NA,NA,NA,NA,2011-11-23 20:54:00,0
2011-11-23 22:00:00,WIND,600702,1,HCM,1,18974,1011,280,7,290,10,2054,6,6,6,6,6,NA,NA,NA,NA,2011-11-23 21:51:00,0
2011-11-23 23:00:00,WIND,600702,1,HCM,1,18974,1011,280,5,280,8,2202,6,6,6,6,6,NA,NA,NA,NA,2011-11-23 22:51:00,0
2011-11-24 00:00:00,WIND,600702,1,HCM,1,18974,1011,260,4,270,6,2301,6,6,6,6,6,NA,NA,NA,NA,2011-11-23 23:51:00,0
2011-11-24 01:00:00,WIND,600702,1,HCM,1,18974,1011,230,4,230,5,24,6,6,6,6,6,NA,NA,NA,NA,2011-11-24 00:51:00,0
2011-11-24 02:00:00,WIND,600702,1,HCM,1,18974,1011,210,5,200,8,149,6,6,6,6,6,NA,NA,NA,NA,2011-11-24 01:51:00,0
2011-11-24 03:00:00,WIND,600702,1,HCM,1,18974,1011,190,8,190,12,240,6,6,6,6,6,NA,NA,NA,NA,2011-11-24 02:51:00,0
2011-11-24 04:00:00,WIND,600702,1,HCM,1,18974,1011,170,9,160,14,349,6,6,6,6,6,NA,NA,NA,NA,2011-11-24 03:51:00,0
2011-11-24 05:00:00,WIND,600702,1,HCM,1,18974,1011,160,13,150,23,441,6,6,6,6,6,NA,NA,NA,NA,2011-11-24 04:51:00,0
2011-11-24 06:00:00,WIND,600702,1,HCM,1,18974,1011,150,19,150,25,541,6,6,6,6,6,NA,NA,NA,NA,2011-11-24 05:51:00,0
2011-11-24 07:00:00,WIND,600702,1,HCM,1,18974,1011,180,21,190,28,623,6,6,6,6,6,NA,NA,NA,NA,2011-11-24 06:51:00,0
2011-11-24 08:00:00,WIND,600702,1,HCM,1,18974,1011,210,21,200,32,706,6,6,6,6,6,NA,NA,NA,NA,2011-11-24 07:51:00,0
2011-11-24 09:00:00,WIND,600702,1,HCM,1,18974,1011,190,22,190,34,847,6,6,6,6,6,NA,NA,NA,NA,2011-11-24 08:54:00,0
2011-11-24 10:00:00,WIND,600702,1,HCM,1,18974,1011,190,27,190,38,945,6,6,6,6,6,NA,NA,NA,NA,2011-11-24 09:51:00,0
2011-11-24 11:00:00,WIND,600702,1,HCM,1,18974,1011,180,30,190,44,1031,6,6,6,6,6,NA,NA,NA,NA,2011-11-24 10:51:00,0
2011-11-24 12:00:00,WIND,600702,1,HCM,1,18974,1011,190,33,190,44,1141,6,6,6,6,6,NA,NA,NA,NA,2011-11-24 11:51:00,0
2011-11-24 13:00:00,WIND,600702,1,HCM,1,18974,1011,190,34,190,47,1246,6,6,6,6,6,NA,NA,NA,NA,2011-11-24 12:51:00,0
2011-11-24 14:00:00,WIND,600702,1,HCM,1,18974,1011,190,33,190,47,1255,6,6,6,6,6,NA,NA,NA,NA,2011-11-24 13:51:00,0
2011-11-24 15:00:00,WIND,600702,1,HCM,1,18974,1011,200,34,200,50,1446,6,6,6,6,6,NA,NA,NA,NA,2011-11-24 14:51:00,0
2011-11-24 16:00:00,WIND,600702,1,HCM,1,18974,1011,200,36,200,52,1526,6,6,6,6,6,NA,NA,NA,NA,2011-11-24 15:51:00,0
2011-11-24 17:00:00,WIND,600702,1,HCM,1,18974,1011,210,35,200,50,1624,6,6,6,6,6,NA,NA,NA,NA,2011-11-24 16:51:00,0
2011-11-24 18:00:00,WIND,600702,1,HCM,1,18974,1011,240,29,250,44,1722,6,6,6,6,6,NA,NA,NA,NA,2011-11-24 17:51:00,0
2011-11-24 19:00:00,WIND,600702,1,HCM,1,18974,1011,250,27,240,40,1833,6,6,6,6,6,NA,NA,NA,NA,2011-11-24 18:51:00,0
2011-11-24 20:00:00,WIND,600702,1,HCM,1,18974,1011,250,27,250,43,1910,6,6,6,6,6,NA,NA,NA,NA,2011-11-24 19:51:00,0
2011-11-24 21:00:00,WIND,600702,1,HCM,1,18974,1011,260,26,270,40,2033,6,6,6,6,6,NA,NA,NA,NA,2011-11-24 20:54:00,0
2011-11-24 22:00:00,WIND,600702,1,HCM,1,18974,1011,260,25,260,36,2134,6,6,6,6,6,NA,NA,NA,NA,2011-11-24 21:51:00,0
2011-11-24 23:00:00,WIND,600702,1,HCM,1,18974,1011,270,25,260,42,2151,6,6,6,6,6,NA,NA,NA,NA,2011-11-24 22:51:00,0
2011-11-25 00:00:00,WIND,600702,1,HCM,1,18974,1011,270,25,260,38,2323,6,6,6,6,6,NA,NA,NA,NA,2011-11-24 23:51:00,0
2011-11-25 01:00:00,WIND,600702,1,HCM,1,18974,1011,260,24,270,37,44,6,6,6,6,6,NA,NA,NA,NA,2011-11-25 00:51:00,0
2011-11-25 02:00:00,WIND,600702,1,HCM,1,18974,1011,240,24,240,36,59,6,6,6,6,6,NA,NA,NA,NA,2011-11-25 01:51:00,0
2011-11-25 03:00:00,WIND,600702,1,HCM,1,18974,1011,280,23,270,42,227,6,6,6,6,6,NA,NA,NA,NA,2011-11-25 02:51:00,0
2011-11-25 04:00:00,WIND,600702,1,HCM,1,18974,1011,260,23,260,33,319,6,6,6,6,6,NA,NA,NA,NA,2011-11-25 03:51:00,0
2011-11-25 05:00:00,WIND,600702,1,HCM,1,18974,1011,260,23,250,35,400,6,6,6,6,6,NA,NA,NA,NA,2011-11-25 04:51:00,0
2011-11-25 06:00:00,WIND,600702,1,HCM,1,18974,1011,250,18,240,37,539,6,6,6,6,6,NA,NA,NA,NA,2011-11-25 05:51:00,0
2011-11-25 07:00:00,WIND,600702,1,HCM,1,18974,1011,230,25,240,37,558,6,6,6,6,6,NA,NA,NA,NA,2011-11-25 06:51:00,0
2011-11-25 08:00:00,WIND,600702,1,HCM,1,18974,1011,260,24,260,52,706,6,6,6,6,6,NA,NA,NA,NA,2011-11-25 07:51:00,0
2011-11-25 09:00:00,WIND,600702,1,HCM,1,18974,1011,280,24,260,39,816,6,6,6,6,6,NA,NA,NA,NA,2011-11-25 08:54:00,0
2011-11-25 10:00:00,WIND,600702,1,HCM,1,18974,1011,280,21,280,32,934,6,6,6,6,6,NA,NA,NA,NA,2011-11-25 09:51:00,0
2011-11-25 11:00:00,WIND,600702,1,HCM,1,18974,1011,280,21,280,37,956,6,6,6,6,6,NA,NA,NA,NA,2011-11-25 10:51:00,0
2011-11-25 12:00:00,WIND,600702,1,HCM,1,18974,1011,280,23,270,35,1136,6,6,6,6,6,NA,NA,NA,NA,2011-11-25 11:51:00,0
2011-11-25 13:00:00,WIND,600702,1,HCM,1,18974,1011,280,25,280,37,1201,6,6,6,6,6,NA,NA,NA,NA,2011-11-25 12:51:00,0
2011-11-25 14:00:00,WIND,600702,1,HCM,1,18974,1011,280,26,280,35,1321,6,6,6,6,6,NA,NA,NA,NA,2011-11-25 13:51:00,0
2011-11-25 15:00:00,WIND,600702,1,HCM,1,18974,1011,280,24,280,35,1435,6,6,6,6,6,NA,NA,NA,NA,2011-11-25 14:52:00,0
2011-11-25 16:00:00,WIND,600702,1,HCM,1,18974,1011,280,25,270,38,1512,6,6,6,6,6,NA,NA,NA,NA,2011-11-25 15:51:00,0
2011-11-25 17:00:00,WIND,600702,1,HCM,1,18974,1011,280,25,290,42,1632,6,6,6,6,6,NA,NA,NA,NA,2011-11-25 16:51:00,0
2011-11-25 18:00:00,WIND,600702,1,HCM,1,18974,1011,270,17,270,30,1736,6,6,6,6,6,NA,NA,NA,NA,2011-11-25 17:51:00,0
2011-11-25 19:00:00,WIND,600702,1,HCM,1,18974,1011,280,19,280,30,1819,6,6,6,6,6,NA,NA,NA,NA,2011-11-25 18:51:00,0
2011-11-25 20:00:00,WIND,600702,1,HCM,1,18974,1011,270,20,270,33,1903,6,6,6,6,6,NA,NA,NA,NA,2011-11-25 19:51:00,0
2011-11-25 21:00:00,WIND,600702,1,HCM,1,18974,1011,260,19,260,28,2018,6,6,6,6,6,NA,NA,NA,NA,2011-11-25 20:54:00,0
2011-11-25 22:00:00,WIND,600702,1,HCM,1,18974,1011,250,17,260,24,2101,6,6,6,6,6,NA,NA,NA,NA,2011-11-25 21:51:00,0
2011-11-25 23:00:00,WIND,600702,1,HCM,1,18974,1011,260,19,250,28,2214,6,6,6,6,6,NA,NA,NA,NA,2011-11-25 22:51:00,0
2011-11-26 00:00:00,WIND,600702,1,HCM,1,18974,1011,250,17,240,26,2339,6,6,6,6,6,NA,NA,NA,NA,2011-11-25 23:51:00,0
2011-11-26 01:00:00,WIND,600702,1,HCM,1,18974,1011,240,18,230,26,45,6,6,6,6,6,NA,NA,NA,NA,2011-11-26 00:51:00,0
2011-11-26 02:00:00,WIND,600702,1,HCM,1,18974,1011,230,19,230,28,147,6,6,6,6,6,NA,NA,NA,NA,2011-11-26 01:51:00,0
2011-11-26 03:00:00,WIND,600702,1,HCM,1,18974,1011,230,21,230,31,244,6,6,6,6,6,NA,NA,NA,NA,2011-11-26 02:51:00,0
2011-11-26 04:00:00,WIND,600702,1,HCM,1,18974,1011,240,25,260,42,324,6,6,6,6,6,NA,NA,NA,NA,2011-11-26 03:51:00,0
2011-11-26 05:00:00,WIND,600702,1,HCM,1,18974,1011,240,28,240,41,351,6,6,6,6,6,NA,NA,NA,NA,2011-11-26 04:51:00,0
2011-11-26 06:00:00,WIND,600702,1,HCM,1,18974,1011,240,29,250,45,457,6,6,6,6,6,NA,NA,NA,NA,2011-11-26 05:51:00,0
2011-11-26 07:00:00,WIND,600702,1,HCM,1,18974,1011,240,29,250,44,648,6,6,6,6,6,NA,NA,NA,NA,2011-11-26 06:51:00,0
2011-11-26 08:00:00,WIND,600702,1,HCM,1,18974,1011,240,29,240,42,658,6,6,6,6,6,NA,NA,NA,NA,2011-11-26 07:51:00,0
2011-11-26 09:00:00,WIND,600702,1,HCM,1,18974,1011,240,30,240,44,819,6,6,6,6,6,NA,NA,NA,NA,2011-11-26 08:54:00,0
2011-11-26 10:00:00,WIND,600702,1,HCM,1,18974,1011,240,29,240,42,859,6,6,6,6,6,NA,NA,NA,NA,2011-11-26 09:51:00,0
2011-11-26 11:00:00,WIND,600702,1,HCM,1,18974,1011,240,28,240,40,1039,6,6,6,6,6,NA,NA,NA,NA,2011-11-26 10:51:00,0
2011-11-26 12:00:00,WIND,600702,1,HCM,1,18974,1011,240,29,240,43,1145,6,6,6,6,6,NA,NA,NA,NA,2011-11-26 11:51:00,0
2011-11-26 13:00:00,WIND,600702,1,HCM,1,18974,1011,240,29,250,41,1211,6,6,6,6,6,NA,NA,NA,NA,2011-11-26 12:51:00,0
2011-11-26 14:00:00,WIND,600702,1,HCM,1,18974,1011,250,27,250,43,1257,6,6,6,6,6,NA,NA,NA,NA,2011-11-26 13:51:00,0
2011-11-26 15:00:00,WIND,600702,1,HCM,1,18974,1011,240,26,240,39,1420,6,6,6,6,6,NA,NA,NA,NA,2011-11-26 14:51:00,0
2011-11-26 16:00:00,WIND,600702,1,HCM,1,18974,1011,240,27,240,38,1454,6,6,6,6,6,NA,NA,NA,NA,2011-11-26 15:51:00,0
2011-11-26 17:00:00,WIND,600702,1,HCM,1,18974,1011,240,28,240,41,1636,6,6,6,6,6,NA,NA,NA,NA,2011-11-26 16:51:00,0
2011-11-26 18:00:00,WIND,600702,1,HCM,1,18974,1011,230,28,230,41,1709,6,6,6,6,6,NA,NA,NA,NA,2011-11-26 17:51:00,0
2011-11-26 19:00:00,WIND,600702,1,HCM,1,18974,1011,230,30,220,44,1839,6,6,6,6,6,NA,NA,NA,NA,2011-11-26 18:51:00,0
2011-11-26 20:00:00,WIND,600702,1,HCM,1,18974,1011,230,31,220,45,1913,6,6,6,6,6,NA,NA,NA,NA,2011-11-26 19:51:00,0
2011-11-26 21:00:00,WIND,600702,1,HCM,1,18974,1011,230,32,230,46,2018,6,6,6,6,6,NA,NA,NA,NA,2011-11-26 20:54:00,0
2011-11-26 22:00:00,WIND,600702,1,HCM,1,18974,1011,230,33,230,51,2122,6,6,6,6,6,NA,NA,NA,NA,2011-11-26 21:51:00,0
2011-11-26 23:00:00,WIND,600702,1,HCM,1,18974,1011,240,34,250,54,2228,6,6,6,6,6,NA,NA,NA,NA,2011-11-26 22:51:00,0
2011-11-27 00:00:00,WIND,600702,1,HCM,1,18974,1011,250,32,250,47,2342,6,6,6,6,6,NA,NA,NA,NA,2011-11-26 23:51:00,0
2011-11-27 01:00:00,WIND,600702,1,HCM,1,18974,1011,250,32,260,51,48,6,6,6,6,6,NA,NA,NA,NA,2011-11-27 00:51:00,0
2011-11-27 02:00:00,WIND,600702,1,HCM,1,18974,1011,280,35,290,52,136,6,6,6,6,6,NA,NA,NA,NA,2011-11-27 01:51:00,0
2011-11-27 03:00:00,WIND,600702,1,HCM,1,18974,1011,290,31,280,45,211,6,6,6,6,6,NA,NA,NA,NA,2011-11-27 02:51:00,0
2011-11-27 04:00:00,WIND,600702,1,HCM,1,18974,1011,300,31,290,55,345,6,6,6,6,6,NA,NA,NA,NA,2011-11-27 03:51:00,0
2011-11-27 05:00:00,WIND,600702,1,HCM,1,18974,1011,300,34,300,53,404,6,6,6,6,6,NA,NA,NA,NA,2011-11-27 04:51:00,0
2011-11-27 06:00:00,WIND,600702,1,HCM,1,18974,1011,300,34,290,55,539,6,6,6,6,6,NA,NA,NA,NA,2011-11-27 05:51:00,0
2011-11-27 07:00:00,WIND,600702,1,HCM,1,18974,1011,300,34,300,49,622,6,6,6,6,6,NA,NA,NA,NA,2011-11-27 06:51:00,0
2011-11-27 08:00:00,WIND,600702,1,HCM,1,18974,1011,300,32,310,48,719,6,6,6,6,6,NA,NA,NA,NA,2011-11-27 07:51:00,0
2011-11-27 09:00:00,WIND,600702,1,HCM,1,18974,1011,300,32,300,45,802,6,6,6,6,6,NA,NA,NA,NA,2011-11-27 08:54:00,0
2011-11-27 10:00:00,WIND,600702,1,HCM,1,18974,1011,300,29,310,49,931,6,6,6,6,6,NA,NA,NA,NA,2011-11-27 09:51:00,0
2011-11-27 11:00:00,WIND,600702,1,HCM,1,18974,1011,300,26,290,42,1041,6,6,6,6,6,NA,NA,NA,NA,2011-11-27 10:51:00,0
2011-11-27 12:00:00,WIND,600702,1,HCM,1,18974,1011,300,25,310,34,1056,6,6,6,6,6,NA,NA,NA,NA,2011-11-27 11:52:00,0
2011-11-27 13:00:00,WIND,600702,1,HCM,1,18974,1011,300,21,290,41,1205,6,6,6,6,6,NA,NA,NA,NA,2011-11-27 12:51:00,0
2011-11-27 14:00:00,WIND,600702,1,HCM,1,18974,1011,290,20,280,30,1322,6,6,6,6,6,NA,NA,NA,NA,2011-11-27 13:51:00,0
2011-11-27 15:00:00,WIND,600702,1,HCM,1,18974,1011,300,17,310,32,1402,6,6,6,6,6,NA,NA,NA,NA,2011-11-27 14:51:00,0
2011-11-27 16:00:00,WIND,600702,1,HCM,1,18974,1011,280,17,290,33,1524,6,6,6,6,6,NA,NA,NA,NA,2011-11-27 15:51:00,0
2011-11-27 17:00:00,WIND,600702,1,HCM,1,18974,1011,280,17,290,33,1611,6,6,6,6,6,NA,NA,NA,NA,2011-11-27 16:51:00,0
2011-11-27 18:00:00,WIND,600702,1,HCM,1,18974,1011,270,18,260,31,1737,6,6,6,6,6,NA,NA,NA,NA,2011-11-27 17:51:00,0
2011-11-27 19:00:00,WIND,600702,1,HCM,1,18974,1011,270,18,270,32,1756,6,6,6,6,6,NA,NA,NA,NA,2011-11-27 18:51:00,0
2011-11-27 20:00:00,WIND,600702,1,HCM,1,18974,1011,270,15,260,30,1853,6,6,6,6,6,NA,NA,NA,NA,2011-11-27 19:51:00,0
2011-11-27 21:00:00,WIND,600702,1,HCM,1,18974,1011,260,15,260,25,1952,6,6,6,6,6,NA,NA,NA,NA,2011-11-27 20:54:00,0
2011-11-27 22:00:00,WIND,600702,1,HCM,1,18974,1011,250,14,250,27,2133,6,6,6,6,6,NA,NA,NA,NA,2011-11-27 21:51:00,0
2011-11-27 23:00:00,WIND,600702,1,HCM,1,18974,1011,250,16,250,27,2223,6,6,6,6,6,NA,NA,NA,NA,2011-11-27 22:51:00,0
2011-11-28 00:00:00,WIND,600702,1,HCM,1,18974,1011,250,16,250,28,2325,6,6,6,6,6,NA,NA,NA,NA,2011-11-27 23:51:00,0
2011-11-28 01:00:00,WIND,600702,1,HCM,1,18974,1011,240,17,240,32,0,6,6,6,6,6,NA,NA,NA,NA,2011-11-28 00:51:00,0
2011-11-28 02:00:00,WIND,600702,1,HCM,1,18974,1011,230,17,240,25,112,6,6,6,6,6,NA,NA,NA,NA,2011-11-28 01:51:00,0
2011-11-28 03:00:00,WIND,600702,1,HCM,1,18974,1011,220,19,220,31,225,6,6,6,6,6,NA,NA,NA,NA,2011-11-28 02:51:00,0
2011-11-28 04:00:00,WIND,600702,1,HCM,1,18974,1011,220,20,220,30,316,6,6,6,6,6,NA,NA,NA,NA,2011-11-28 03:51:00,0
2011-11-28 05:00:00,WIND,600702,1,HCM,1,18974,1011,210,23,210,32,403,6,6,6,6,6,NA,NA,NA,NA,2011-11-28 04:52:00,0
2011-11-28 06:00:00,WIND,600702,1,HCM,1,18974,1011,210,23,210,33,509,6,6,6,6,6,NA,NA,NA,NA,2011-11-28 05:52:00,0
2011-11-28 07:00:00,WIND,600702,1,HCM,1,18974,1011,210,25,200,36,558,6,6,6,6,6,NA,NA,NA,NA,2011-11-28 06:51:00,0
2011-11-28 08:00:00,WIND,600702,1,HCM,1,18974,1011,200,26,200,37,709,6,6,6,6,6,NA,NA,NA,NA,2011-11-28 07:52:00,0
2011-11-28 09:00:00,WIND,600702,1,HCM,1,18974,1011,200,28,190,39,846,6,6,6,6,6,NA,NA,NA,NA,2011-11-28 08:54:00,0
2011-11-28 10:00:00,WIND,600702,1,HCM,1,18974,1011,200,28,200,39,945,6,6,6,6,6,NA,NA,NA,NA,2011-11-28 09:51:00,0
2011-11-28 11:00:00,WIND,600702,1,HCM,1,18974,1011,200,29,190,40,1023,6,6,6,6,6,NA,NA,NA,NA,2011-11-28 10:51:00,0
2011-11-28 12:00:00,WIND,600702,1,HCM,1,18974,1011,200,30,200,40,1147,6,6,6,6,6,NA,NA,NA,NA,2011-11-28 11:51:00,0
2011-11-28 13:00:00,WIND,600702,1,HCM,1,18974,1011,190,30,190,41,1154,6,6,6,6,6,NA,NA,NA,NA,2011-11-28 12:51:00,0
2011-11-28 14:00:00,WIND,600702,1,HCM,1,18974,1011,190,32,190,42,1314,6,6,6,6,6,NA,NA,NA,NA,2011-11-28 13:52:00,0
2011-11-28 15:00:00,WIND,600702,1,HCM,1,18974,1011,200,30,200,40,1438,6,6,6,6,6,NA,NA,NA,NA,2011-11-28 14:51:00,0
2011-11-28 16:00:00,WIND,600702,1,HCM,1,18974,1011,200,27,200,40,1452,6,6,6,6,6,NA,NA,NA,NA,2011-11-28 15:51:00,0
2011-11-28 17:00:00,WIND,600702,1,HCM,1,18974,1011,200,25,210,35,1617,6,6,6,6,6,NA,NA,NA,NA,2011-11-28 16:51:00,0
2011-11-28 18:00:00,WIND,600702,1,HCM,1,18974,1011,200,24,200,35,1703,6,6,6,6,6,NA,NA,NA,NA,2011-11-28 17:51:00,0
2011-11-28 19:00:00,WIND,600702,1,HCM,1,18974,1011,200,22,200,31,1806,6,6,6,6,6,NA,NA,NA,NA,2011-11-28 18:51:00,0
2011-11-28 20:00:00,WIND,600702,1,HCM,1,18974,1011,210,22,210,29,1921,6,6,6,6,6,NA,NA,NA,NA,2011-11-28 19:51:00,0
2011-11-28 21:00:00,WIND,600702,1,HCM,1,18974,1011,220,20,210,31,2011,6,6,6,6,6,NA,NA,NA,NA,2011-11-28 20:54:00,0
2011-11-28 22:00:00,WIND,600702,1,HCM,1,18974,1011,220,16,210,27,2111,6,6,6,6,6,NA,NA,NA,NA,2011-11-28 21:51:00,0
2011-11-28 23:00:00,WIND,600702,1,HCM,1,18974,1011,210,14,210,24,2244,6,6,6,6,6,NA,NA,NA,NA,2011-11-28 22:51:00,0
2011-11-29 00:00:00,WIND,600702,1,HCM,1,18974,1011,210,13,210,19,2250,6,6,6,6,6,NA,NA,NA,NA,2011-11-28 23:51:00,0
2011-11-29 01:00:00,WIND,600702,1,HCM,1,18974,1011,200,15,200,21,49,6,6,6,6,6,NA,NA,NA,NA,2011-11-29 00:51:00,0
2011-11-29 02:00:00,WIND,600702,1,HCM,1,18974,1011,300,9,200,20,59,6,6,6,6,6,NA,NA,NA,NA,2011-11-29 01:51:00,0
2011-11-29 03:00:00,WIND,600702,1,HCM,1,18974,1011,230,13,190,27,210,6,6,6,6,6,NA,NA,NA,NA,2011-11-29 02:51:00,0
2011-11-29 04:00:00,WIND,600702,1,HCM,1,18974,1011,240,9,220,24,251,6,6,6,6,6,NA,NA,NA,NA,2011-11-29 03:51:00,0
2011-11-29 05:00:00,WIND,600702,1,HCM,1,18974,1011,220,16,210,27,432,6,6,6,6,6,NA,NA,NA,NA,2011-11-29 04:51:00,0
2011-11-29 06:00:00,WIND,600702,1,HCM,1,18974,1011,210,18,210,28,508,6,6,6,6,6,NA,NA,NA,NA,2011-11-29 05:51:00,0
2011-11-29 07:00:00,WIND,600702,1,HCM,1,18974,1011,200,19,200,29,638,6,6,6,6,6,NA,NA,NA,NA,2011-11-29 06:51:00,0
2011-11-29 08:00:00,WIND,600702,1,HCM,1,18974,1011,230,19,220,34,721,6,6,6,6,6,NA,NA,NA,NA,2011-11-29 07:51:00,0
2011-11-29 09:00:00,WIND,600702,1,HCM,1,18974,1011,270,18,270,30,835,6,6,6,6,6,NA,NA,NA,NA,2011-11-29 08:54:00,0
2011-11-29 10:00:00,WIND,600702,1,HCM,1,18974,1011,290,21,300,30,932,6,6,6,6,6,NA,NA,NA,NA,2011-11-29 09:51:00,0
2011-11-29 11:00:00,WIND,600702,1,HCM,1,18974,1011,280,17,280,27,1011,6,6,6,6,6,NA,NA,NA,NA,2011-11-29 10:51:00,0
2011-11-29 12:00:00,WIND,600702,1,HCM,1,18974,1011,290,16,300,27,1129,6,6,6,6,6,NA,NA,NA,NA,2011-11-29 11:51:00,0
2011-11-29 13:00:00,WIND,600702,1,HCM,1,18974,1011,290,16,290,40,1217,6,6,6,6,6,NA,NA,NA,NA,2011-11-29 12:51:00,0
2011-11-29 14:00:00,WIND,600702,1,HCM,1,18974,1011,290,14,310,29,1303,6,6,6,6,6,NA,NA,NA,NA,2011-11-29 13:51:00,0
2011-11-29 15:00:00,WIND,600702,1,HCM,1,18974,1011,270,21,270,35,1415,6,6,6,6,6,NA,NA,NA,NA,2011-11-29 14:51:00,0
2011-11-29 16:00:00,WIND,600702,1,HCM,1,18974,1011,260,21,260,36,1503,6,6,6,6,6,NA,NA,NA,NA,2011-11-29 15:51:00,0
2011-11-29 17:00:00,WIND,600702,1,HCM,1,18974,1011,250,20,270,38,1631,6,6,6,6,6,NA,NA,NA,NA,2011-11-29 16:51:00,0
2011-11-29 18:00:00,WIND,600702,1,HCM,1,18974,1011,250,22,260,36,1740,6,6,6,6,6,NA,NA,NA,NA,2011-11-29 17:51:00,0
2011-11-29 19:00:00,WIND,600702,1,HCM,1,18974,1011,250,24,260,36,1843,6,6,6,6,6,NA,NA,NA,NA,2011-11-29 18:51:00,0
2011-11-29 20:00:00,WIND,600702,1,HCM,1,18974,1011,270,24,270,38,1926,6,6,6,6,6,NA,NA,NA,NA,2011-11-29 19:51:00,0
2011-11-29 21:00:00,WIND,600702,1,HCM,1,18974,1011,280,21,290,44,2000,6,6,6,6,6,NA,NA,NA,NA,2011-11-29 20:54:00,0
2011-11-29 22:00:00,WIND,600702,1,HCM,1,18974,1011,280,17,270,38,2128,6,6,6,6,6,NA,NA,NA,NA,2011-11-29 21:51:00,0
2011-11-29 23:00:00,WIND,600702,1,HCM,1,18974,1011,290,22,300,39,2218,6,6,6,6,6,NA,NA,NA,NA,2011-11-29 22:51:00,0
2011-11-30 00:00:00,WIND,600702,1,HCM,1,18974,1011,280,22,280,41,2321,6,6,6,6,6,NA,NA,NA,NA,2011-11-29 23:51:00,0
2011-11-30 01:00:00,WIND,600702,1,HCM,1,18974,1011,270,21,260,34,46,6,6,6,6,6,NA,NA,NA,NA,2011-11-30 00:51:00,0
2011-11-30 02:00:00,WIND,600702,1,HCM,1,18974,1011,260,22,260,33,126,6,6,6,6,6,NA,NA,NA,NA,2011-11-30 01:51:00,0
2011-11-30 03:00:00,WIND,600702,1,HCM,1,18974,1011,260,18,270,31,215,6,6,6,6,6,NA,NA,NA,NA,2011-11-30 02:51:00,0
2011-11-30 04:00:00,WIND,600702,1,HCM,1,18974,1011,230,16,220,28,321,6,6,6,6,6,NA,NA,NA,NA,2011-11-30 03:51:00,0
2011-11-30 05:00:00,WIND,600702,1,HCM,1,18974,1011,230,18,240,35,414,6,6,6,6,6,NA,NA,NA,NA,2011-11-30 04:52:00,0
2011-11-30 06:00:00,WIND,600702,1,HCM,1,18974,1011,230,21,240,41,519,6,6,6,6,6,NA,NA,NA,NA,2011-11-30 05:51:00,0
2011-11-30 07:00:00,WIND,600702,1,HCM,1,18974,1011,230,21,240,33,551,6,6,6,6,6,NA,NA,NA,NA,2011-11-30 06:51:00,0
2011-11-30 08:00:00,WIND,600702,1,HCM,1,18974,1011,220,20,220,31,706,6,6,6,6,6,NA,NA,NA,NA,2011-11-30 07:51:00,0
2011-11-30 09:00:00,WIND,600702,1,HCM,1,18974,1011,210,20,210,30,805,6,6,6,6,6,NA,NA,NA,NA,2011-11-30 08:54:00,0
2011-11-30 10:00:00,WIND,600702,1,HCM,1,18974,1011,200,22,210,37,941,6,6,6,6,6,NA,NA,NA,NA,2011-11-30 09:51:00,0
2011-11-30 11:00:00,WIND,600702,1,HCM,1,18974,1011,200,26,200,37,1043,6,6,6,6,6,NA,NA,NA,NA,2011-11-30 10:51:00,0
2011-11-30 12:00:00,WIND,600702,1,HCM,1,18974,1011,200,28,200,39,1129,6,6,6,6,6,NA,NA,NA,NA,2011-11-30 11:51:00,0
2011-11-30 13:00:00,WIND,600702,1,HCM,1,18974,1011,190,30,190,41,1152,6,6,6,6,6,NA,NA,NA,NA,2011-11-30 12:51:00,0
2011-11-30 14:00:00,WIND,600702,1,HCM,1,18974,1011,190,33,190,47,1335,6,6,6,6,6,NA,NA,NA,NA,2011-11-30 13:51:00,0
2011-11-30 15:00:00,WIND,600702,1,HCM,1,18974,1011,190,33,190,45,1417,6,6,6,6,6,NA,NA,NA,NA,2011-11-30 14:51:00,0
2011-11-30 16:00:00,WIND,600702,1,HCM,1,18974,1011,200,31,200,49,1503,6,6,6,6,6,NA,NA,NA,NA,2011-11-30 15:51:00,0
2011-11-30 17:00:00,WIND,600702,1,HCM,1,18974,1011,200,33,200,52,1644,6,6,6,6,6,NA,NA,NA,NA,2011-11-30 16:51:00,0
2011-11-30 18:00:00,WIND,600702,1,HCM,1,18974,1011,200,34,200,52,1747,6,6,6,6,6,NA,NA,NA,NA,2011-11-30 17:51:00,0
2011-11-30 19:00:00,WIND,600702,1,HCM,1,18974,1011,200,34,210,47,1802,6,6,6,6,6,NA,NA,NA,NA,2011-11-30 18:51:00,0
2011-11-30 20:00:00,WIND,600702,1,HCM,1,18974,1011,200,37,200,54,1944,6,6,6,6,6,NA,NA,NA,NA,2011-11-30 19:51:00,0
2011-11-30 21:00:00,WIND,600702,1,HCM,1,18974,1011,190,38,190,50,2036,6,6,6,6,6,NA,NA,NA,NA,2011-11-30 20:54:00,0
2011-11-30 22:00:00,WIND,600702,1,HCM,1,18974,1011,250,27,210,52,2111,6,6,6,6,6,NA,NA,NA,NA,2011-11-30 21:51:00,0
2011-11-30 23:00:00,WIND,600702,1,HCM,1,18974,1011,280,16,280,24,2150,6,6,6,6,6,NA,NA,NA,NA,2011-11-30 22:51:00,0
2011-12-01 00:00:00,WIND,600702,1,HCM,1,18974,1011,280,20,290,37,2312,6,6,6,6,6,NA,NA,NA,NA,2011-11-30 23:51:00,0
2011-12-01 01:00:00,WIND,600702,1,HCM,1,18974,1011,290,20,280,36,2353,6,6,6,6,6,NA,NA,NA,NA,2011-12-01 00:51:00,0
2011-12-01 02:00:00,WIND,600702,1,HCM,1,18974,1011,290,25,290,37,121,6,6,6,6,6,NA,NA,NA,NA,2011-12-01 01:51:00,0
2011-12-01 03:00:00,WIND,600702,1,HCM,1,18974,1011,280,22,270,41,240,6,6,6,6,6,NA,NA,NA,NA,2011-12-01 02:51:00,0
2011-12-01 04:00:00,WIND,600702,1,HCM,1,18974,1011,280,22,280,38,349,6,6,6,6,6,NA,NA,NA,NA,2011-12-01 03:51:00,0
2011-12-01 05:00:00,WIND,600702,1,HCM,1,18974,1011,290,21,270,41,350,6,6,6,6,6,NA,NA,NA,NA,2011-12-01 04:51:00,0
2011-12-01 06:00:00,WIND,600702,1,HCM,1,18974,1011,290,17,300,30,454,6,6,6,6,6,NA,NA,NA,NA,2011-12-01 05:51:00,0
2011-12-01 07:00:00,WIND,600702,1,HCM,1,18974,1011,290,14,280,25,633,6,6,6,6,6,NA,NA,NA,NA,2011-12-01 06:51:00,0
2011-12-01 08:00:00,WIND,600702,1,HCM,1,18974,1011,300,14,290,29,737,6,6,6,6,6,NA,NA,NA,NA,2011-12-01 07:51:00,0
2011-12-01 09:00:00,WIND,600702,1,HCM,1,18974,1011,290,11,280,16,839,6,6,6,6,6,NA,NA,NA,NA,2011-12-01 08:54:00,0
2011-12-01 10:00:00,WIND,600702,1,HCM,1,18974,1011,280,8,310,18,928,6,6,6,6,6,NA,NA,NA,NA,2011-12-01 09:51:00,0
2011-12-01 11:00:00,WIND,600702,1,HCM,1,18974,1011,250,8,270,23,1039,6,6,6,6,6,NA,NA,NA,NA,2011-12-01 10:51:00,0
2011-12-01 12:00:00,WIND,600702,1,HCM,1,18974,1011,260,8,270,17,1119,6,6,6,6,6,NA,NA,NA,NA,2011-12-01 11:51:00,0
2011-12-01 13:00:00,WIND,600702,1,HCM,1,18974,1011,270,7,260,13,1216,6,6,6,6,6,NA,NA,NA,NA,2011-12-01 12:51:00,0
2011-12-01 14:00:00,WIND,600702,1,HCM,1,18974,1011,280,10,280,17,1349,6,6,6,6,6,NA,NA,NA,NA,2011-12-01 13:51:00,0
2011-12-01 15:00:00,WIND,600702,1,HCM,1,18974,1011,300,13,300,25,1449,6,6,6,6,6,NA,NA,NA,NA,2011-12-01 14:51:00,0
2011-12-01 16:00:00,WIND,600702,1,HCM,1,18974,1011,300,13,310,27,1451,6,6,6,6,6,NA,NA,NA,NA,2011-12-01 15:51:00,0
2011-12-01 17:00:00,WIND,600702,1,HCM,1,18974,1011,300,13,300,20,1613,6,6,6,6,6,NA,NA,NA,NA,2011-12-01 16:51:00,0
2011-12-01 18:00:00,WIND,600702,1,HCM,1,18974,1011,320,11,350,19,1745,6,6,6,6,6,NA,NA,NA,NA,2011-12-01 17:51:00,0
2011-12-01 19:00:00,WIND,600702,1,HCM,1,18974,1011,340,8,350,16,1752,6,6,6,6,6,NA,NA,NA,NA,2011-12-01 18:51:00,0
2011-12-01 20:00:00,WIND,600702,1,HCM,1,18974,1011,320,6,310,9,1927,6,6,6,6,6,NA,NA,NA,NA,2011-12-01 19:51:00,0
2011-12-01 21:00:00,WIND,600702,1,HCM,1,18974,1011,300,4,290,6,2015,6,6,6,6,6,NA,NA,NA,NA,2011-12-01 20:54:00,0
2011-12-01 22:00:00,WIND,600702,1,HCM,1,18974,1011,260,3,250,5,2110,6,6,6,6,6,NA,NA,NA,NA,2011-12-01 21:51:00,0
2011-12-01 23:00:00,WIND,600702,1,HCM,1,18974,1011,260,6,250,9,2248,6,6,6,6,6,NA,NA,NA,NA,2011-12-01 22:51:00,0
2011-12-02 00:00:00,WIND,600702,1,HCM,1,18974,1011,250,6,260,11,2349,6,6,6,6,6,NA,NA,NA,NA,2011-12-01 23:51:00,0
2011-12-02 01:00:00,WIND,600702,1,HCM,1,18974,1011,270,9,290,25,30,6,6,6,6,6,NA,NA,NA,NA,2011-12-02 00:51:00,0
2011-12-02 02:00:00,WIND,600702,1,HCM,1,18974,1011,290,13,320,28,113,6,6,6,6,6,NA,NA,NA,NA,2011-12-02 01:51:00,0
2011-12-02 03:00:00,WIND,600702,1,HCM,1,18974,1011,300,12,300,23,150,6,6,6,6,6,NA,NA,NA,NA,2011-12-02 02:51:00,0
2011-12-02 04:00:00,WIND,600702,1,HCM,1,18974,1011,290,13,300,21,307,6,6,6,6,6,NA,NA,NA,NA,2011-12-02 03:51:00,0
2011-12-02 05:00:00,WIND,600702,1,HCM,1,18974,1011,280,15,260,30,350,6,6,6,6,6,NA,NA,NA,NA,2011-12-02 04:51:00,0
2011-12-02 06:00:00,WIND,600702,1,HCM,1,18974,1011,270,14,270,19,508,6,6,6,6,6,NA,NA,NA,NA,2011-12-02 05:51:00,0
2011-12-02 07:00:00,WIND,600702,1,HCM,1,18974,1011,290,10,280,24,553,6,6,6,6,6,NA,NA,NA,NA,2011-12-02 06:51:00,0
2011-12-02 08:00:00,WIND,600702,1,HCM,1,18974,1011,270,11,270,21,746,6,6,6,6,6,NA,NA,NA,NA,2011-12-02 07:51:00,0
2011-12-02 09:00:00,WIND,600702,1,HCM,1,18974,1011,260,16,270,29,843,6,6,6,6,6,NA,NA,NA,NA,2011-12-02 08:53:00,0
2011-12-02 10:00:00,WIND,600702,1,HCM,1,18974,1011,240,18,260,32,855,6,6,6,6,6,NA,NA,NA,NA,2011-12-02 09:51:00,0
2011-12-02 11:00:00,WIND,600702,1,HCM,1,18974,1011,250,18,250,32,1038,6,6,6,6,6,NA,NA,NA,NA,2011-12-02 10:51:00,0
2011-12-02 12:00:00,WIND,600702,1,HCM,1,18974,1011,240,21,240,32,1149,6,6,6,6,6,NA,NA,NA,NA,2011-12-02 11:51:00,0
2011-12-02 13:00:00,WIND,600702,1,HCM,1,18974,1011,230,24,230,36,1204,6,6,6,6,6,NA,NA,NA,NA,2011-12-02 12:51:00,0
2011-12-02 14:00:00,WIND,600702,1,HCM,1,18974,1011,230,25,220,38,1327,6,6,6,6,6,NA,NA,NA,NA,2011-12-02 13:51:00,0
2011-12-02 15:00:00,WIND,600702,1,HCM,1,18974,1011,230,24,240,37,1420,6,6,6,6,6,NA,NA,NA,NA,2011-12-02 14:51:00,0
2011-12-02 16:00:00,WIND,600702,1,HCM,1,18974,1011,230,24,230,33,1511,6,6,6,6,6,NA,NA,NA,NA,2011-12-02 15:51:00,0
2011-12-02 17:00:00,WIND,600702,1,HCM,1,18974,1011,230,24,230,36,1637,6,6,6,6,6,NA,NA,NA,NA,2011-12-02 16:51:00,0
2011-12-02 18:00:00,WIND,600702,1,HCM,1,18974,1011,250,24,240,39,1657,6,6,6,6,6,NA,NA,NA,NA,2011-12-02 17:51:00,0
2011-12-02 19:00:00,WIND,600702,1,HCM,1,18974,1011,250,25,260,40,1820,6,6,6,6,6,NA,NA,NA,NA,2011-12-02 18:51:00,0
2011-12-02 20:00:00,WIND,600702,1,HCM,1,18974,1011,260,27,270,45,1935,6,6,6,6,6,NA,NA,NA,NA,2011-12-02 19:51:00,0
2011-12-02 21:00:00,WIND,600702,1,HCM,1,18974,1011,280,28,270,40,2016,6,6,6,6,6,NA,NA,NA,NA,2011-12-02 20:54:00,0
2011-12-02 22:00:00,WIND,600702,1,HCM,1,18974,1011,280,28,280,43,2051,6,6,6,6,6,NA,NA,NA,NA,2011-12-03 04:34:00,0
2011-12-02 23:00:00,WIND,600702,1,HCM,1,18974,1011,280,29,280,44,2220,6,6,6,6,6,NA,NA,NA,NA,2011-12-03 04:34:00,0
2011-12-03 00:00:00,WIND,600702,1,HCM,1,18974,1011,280,27,290,42,2252,6,6,6,6,6,NA,NA,NA,NA,2011-12-03 04:35:00,0
2011-12-03 01:00:00,WIND,600702,1,HCM,1,18974,1011,280,30,280,56,3,6,6,6,6,6,NA,NA,NA,NA,2011-12-03 04:35:00,0
2011-12-03 02:00:00,WIND,600702,1,HCM,1,18974,1011,290,31,300,54,134,6,6,6,6,6,NA,NA,NA,NA,2011-12-03 04:35:00,0
2011-12-03 03:00:00,WIND,600702,1,HCM,1,18974,1011,290,31,290,53,244,6,6,6,6,6,NA,NA,NA,NA,2011-12-03 04:36:00,0
2011-12-03 04:00:00,WIND,600702,1,HCM,1,18974,1011,300,31,300,48,321,6,6,6,6,6,NA,NA,NA,NA,2011-12-03 04:36:00,0
2011-12-03 05:00:00,WIND,600702,1,HCM,1,18974,1011,300,34,310,52,421,6,6,6,6,6,NA,NA,NA,NA,2011-12-03 04:52:00,0
2011-12-03 06:00:00,WIND,600702,1,HCM,1,18974,1011,300,32,300,50,518,6,6,6,6,6,NA,NA,NA,NA,2011-12-03 05:51:00,0
2011-12-03 07:00:00,WIND,600702,1,HCM,1,18974,1011,300,31,290,42,626,6,6,6,6,6,NA,NA,NA,NA,2011-12-03 06:51:00,0
2011-12-03 08:00:00,WIND,600702,1,HCM,1,18974,1011,300,29,290,47,706,6,6,6,6,6,NA,NA,NA,NA,2011-12-03 07:51:00,0
2011-12-03 09:00:00,WIND,600702,1,HCM,1,18974,1011,310,27,320,47,835,6,6,6,6,6,NA,NA,NA,NA,2011-12-03 08:53:00,0
2011-12-03 10:00:00,WIND,600702,1,HCM,1,18974,1011,300,21,280,36,910,6,6,6,6,6,NA,NA,NA,NA,2011-12-03 09:59:00,0
2011-12-03 11:00:00,WIND,600702,1,HCM,1,18974,1011,290,20,280,33,950,6,6,6,6,6,NA,NA,NA,NA,2011-12-03 10:51:00,0
2011-12-03 12:00:00,WIND,600702,1,HCM,1,18974,1011,280,25,290,51,1136,6,6,6,6,6,NA,NA,NA,NA,2011-12-03 12:24:00,0
2011-12-03 13:00:00,WIND,600702,1,HCM,1,18974,1011,300,25,310,42,1227,6,6,6,6,6,NA,NA,NA,NA,2011-12-03 12:51:00,0
2011-12-03 14:00:00,WIND,600702,1,HCM,1,18974,1011,300,25,300,48,1313,6,6,6,6,6,NA,NA,NA,NA,2011-12-03 13:51:00,0
2011-12-03 15:00:00,WIND,600702,1,HCM,1,18974,1011,300,28,310,42,1444,6,6,6,6,6,NA,NA,NA,NA,2011-12-03 14:51:00,0
2011-12-03 16:00:00,WIND,600702,1,HCM,1,18974,1011,300,26,300,47,1525,6,6,6,6,6,NA,NA,NA,NA,2011-12-03 15:51:00,0
2011-12-03 17:00:00,WIND,600702,1,HCM,1,18974,1011,290,27,310,43,1608,6,6,6,6,6,NA,NA,NA,NA,2011-12-03 16:51:00,0
2011-12-03 18:00:00,WIND,600702,1,HCM,1,18974,1011,310,25,290,49,1655,6,6,6,6,6,NA,NA,NA,NA,2011-12-03 17:51:00,0
2011-12-03 19:00:00,WIND,600702,1,HCM,1,18974,1011,300,26,300,40,1805,6,6,6,6,6,NA,NA,NA,NA,2011-12-03 18:51:00,0
2011-12-03 20:00:00,WIND,600702,1,HCM,1,18974,1011,290,26,290,39,1931,6,6,6,6,6,NA,NA,NA,NA,2011-12-03 19:51:00,0
2011-12-03 21:00:00,WIND,600702,1,HCM,1,18974,1011,310,27,310,42,2020,6,6,6,6,6,NA,NA,NA,NA,2011-12-03 20:54:00,0
2011-12-03 22:00:00,WIND,600702,1,HCM,1,18974,1011,310,26,320,38,2111,6,6,6,6,6,NA,NA,NA,NA,2011-12-03 21:51:00,0
2011-12-03 23:00:00,WIND,600702,1,HCM,1,18974,1011,310,24,310,36,2245,6,6,6,6,6,NA,NA,NA,NA,2011-12-03 22:51:00,0
2011-12-04 00:00:00,WIND,600702,1,HCM,1,18974,1011,300,23,310,42,2315,6,6,6,6,6,NA,NA,NA,NA,2011-12-03 23:51:00,0
2011-12-04 01:00:00,WIND,600702,1,HCM,1,18974,1011,300,21,290,34,2359,6,6,6,6,6,NA,NA,NA,NA,2011-12-04 00:51:00,0
2011-12-04 02:00:00,WIND,600702,1,HCM,1,18974,1011,310,21,320,42,51,6,6,6,6,6,NA,NA,NA,NA,2011-12-04 01:51:00,0
2011-12-04 03:00:00,WIND,600702,1,HCM,1,18974,1011,310,22,310,39,208,6,6,6,6,6,NA,NA,NA,NA,2011-12-04 02:59:00,0
2011-12-04 04:00:00,WIND,600702,1,HCM,1,18974,1011,300,23,300,47,321,6,6,6,6,6,NA,NA,NA,NA,2011-12-04 03:51:00,0
2011-12-04 05:00:00,WIND,600702,1,HCM,1,18974,1011,290,23,290,36,422,6,6,6,6,6,NA,NA,NA,NA,2011-12-04 04:51:00,0
2011-12-04 06:00:00,WIND,600702,1,HCM,1,18974,1011,300,25,300,40,509,6,6,6,6,6,NA,NA,NA,NA,2011-12-04 05:51:00,0
2011-12-04 07:00:00,WIND,600702,1,HCM,1,18974,1011,290,20,290,30,638,6,6,6,6,6,NA,NA,NA,NA,2011-12-04 06:51:00,0
2011-12-04 08:00:00,WIND,600702,1,HCM,1,18974,1011,290,24,290,34,701,6,6,6,6,6,NA,NA,NA,NA,2011-12-04 07:57:00,0
2011-12-04 09:00:00,WIND,600702,1,HCM,1,18974,1011,300,17,300,32,800,6,6,6,6,6,NA,NA,NA,NA,2011-12-04 08:54:00,0
2011-12-04 10:00:00,WIND,600702,1,HCM,1,18974,1011,290,19,300,31,905,6,6,6,6,6,NA,NA,NA,NA,2011-12-04 09:51:00,0
2011-12-04 11:00:00,WIND,600702,1,HCM,1,18974,1011,290,22,300,45,1015,6,6,6,6,6,NA,NA,NA,NA,2011-12-04 10:51:00,0
2011-12-04 12:00:00,WIND,600702,1,HCM,1,18974,1011,300,20,290,31,1106,6,6,6,6,6,NA,NA,NA,NA,2011-12-04 11:51:00,0
2011-12-04 13:00:00,WIND,600702,1,HCM,1,18974,1011,310,20,290,33,1234,6,6,6,6,6,NA,NA,NA,NA,2011-12-04 12:51:00,0
2011-12-04 14:00:00,WIND,600702,1,HCM,1,18974,1011,310,22,310,34,1335,6,6,6,6,6,NA,NA,NA,NA,2011-12-04 13:51:00,0
2011-12-04 15:00:00,WIND,600702,1,HCM,1,18974,1011,310,17,320,32,1356,6,6,6,6,6,NA,NA,NA,NA,2011-12-04 14:51:00,0
2011-12-04 16:00:00,WIND,600702,1,HCM,1,18974,1011,320,21,360,32,1539,6,6,6,6,6,NA,NA,NA,NA,2011-12-04 15:51:00,0
2011-12-04 17:00:00,WIND,600702,1,HCM,1,18974,1011,350,14,350,23,1621,6,6,6,6,6,NA,NA,NA,NA,2011-12-04 16:51:00,0
2011-12-04 18:00:00,WIND,600702,1,HCM,1,18974,1011,330,12,320,22,1724,6,6,6,6,6,NA,NA,NA,NA,2011-12-04 17:51:00,0
2011-12-04 19:00:00,WIND,600702,1,HCM,1,18974,1011,310,11,300,26,1849,6,6,6,6,6,NA,NA,NA,NA,2011-12-04 18:51:00,0
2011-12-04 20:00:00,WIND,600702,1,HCM,1,18974,1011,310,13,310,26,1851,6,6,6,6,6,NA,NA,NA,NA,2011-12-04 19:51:00,0
2011-12-04 21:00:00,WIND,600702,1,HCM,1,18974,1011,300,13,310,20,1957,6,6,6,6,6,NA,NA,NA,NA,2011-12-04 20:54:00,0
2011-12-04 22:00:00,WIND,600702,1,HCM,1,18974,1011,280,13,290,21,2052,6,6,6,6,6,NA,NA,NA,NA,2011-12-04 21:51:00,0
2011-12-04 23:00:00,WIND,600702,1,HCM,1,18974,1011,290,18,290,35,2240,6,6,6,6,6,NA,NA,NA,NA,2011-12-04 22:51:00,0
2011-12-05 00:00:00,WIND,600702,1,HCM,1,18974,1011,300,17,300,28,2251,6,6,6,6,6,NA,NA,NA,NA,2011-12-04 23:51:00,0
2011-12-05 01:00:00,WIND,600702,1,HCM,1,18974,1011,300,21,290,35,29,6,6,6,6,6,NA,NA,NA,NA,2011-12-05 00:51:00,0
2011-12-05 02:00:00,WIND,600702,1,HCM,1,18974,1011,300,17,320,32,145,6,6,6,6,6,NA,NA,NA,NA,2011-12-05 01:51:00,0
2011-12-05 03:00:00,WIND,600702,1,HCM,1,18974,1011,320,18,320,36,243,6,6,6,6,6,NA,NA,NA,NA,2011-12-05 02:51:00,0
2011-12-05 04:00:00,WIND,600702,1,HCM,1,18974,1011,310,23,320,37,256,6,6,6,6,6,NA,NA,NA,NA,2011-12-05 03:51:00,0
2011-12-05 05:00:00,WIND,600702,1,HCM,1,18974,1011,310,24,290,36,427,6,6,6,6,6,NA,NA,NA,NA,2011-12-05 04:51:00,0
2011-12-05 06:00:00,WIND,600702,1,HCM,1,18974,1011,310,26,310,37,537,6,6,6,6,6,NA,NA,NA,NA,2011-12-05 05:51:00,0
2011-12-05 07:00:00,WIND,600702,1,HCM,1,18974,1011,330,22,340,33,552,6,6,6,6,6,NA,NA,NA,NA,2011-12-05 06:51:00,0
2011-12-05 08:00:00,WIND,600702,1,HCM,1,18974,1011,320,20,310,34,748,6,6,6,6,6,NA,NA,NA,NA,2011-12-05 07:51:00,0
2011-12-05 09:00:00,WIND,600702,1,HCM,1,18974,1011,320,21,320,40,835,6,6,6,6,6,NA,NA,NA,NA,2011-12-05 08:53:00,0
2011-12-05 10:00:00,WIND,600702,1,HCM,1,18974,1011,310,18,330,32,850,6,6,6,6,6,NA,NA,NA,NA,2011-12-05 09:51:00,0
2011-12-05 11:00:00,WIND,600702,1,HCM,1,18974,1011,310,17,310,30,1002,6,6,6,6,6,NA,NA,NA,NA,2011-12-05 10:51:00,0
2011-12-05 12:00:00,WIND,600702,1,HCM,1,18974,1011,290,17,290,31,1103,6,6,6,6,6,NA,NA,NA,NA,2011-12-05 11:51:00,0
2011-12-05 13:00:00,WIND,600702,1,HCM,1,18974,1011,290,19,290,31,1247,6,6,6,6,6,NA,NA,NA,NA,2011-12-05 12:51:00,0
2011-12-05 14:00:00,WIND,600702,1,HCM,1,18974,1011,310,18,300,34,1254,6,6,6,6,6,NA,NA,NA,NA,2011-12-05 13:51:00,0
2011-12-05 15:00:00,WIND,600702,1,HCM,1,18974,1011,280,19,300,37,1400,6,6,6,6,6,NA,NA,NA,NA,2011-12-05 14:51:00,0
2011-12-05 16:00:00,WIND,600702,1,HCM,1,18974,1011,300,15,300,42,1523,6,6,6,6,6,NA,NA,NA,NA,2011-12-05 15:51:00,0
2011-12-05 17:00:00,WIND,600702,1,HCM,1,18974,1011,290,16,270,27,1646,6,6,6,6,6,NA,NA,NA,NA,2011-12-05 16:51:00,0
2011-12-05 18:00:00,WIND,600702,1,HCM,1,18974,1011,300,16,260,31,1658,6,6,6,6,6,NA,NA,NA,NA,2011-12-05 17:51:00,0
2011-12-05 19:00:00,WIND,600702,1,HCM,1,18974,1011,300,20,300,43,1826,6,6,6,6,6,NA,NA,NA,NA,2011-12-05 18:51:00,0
2011-12-05 20:00:00,WIND,600702,1,HCM,1,18974,1011,300,19,280,35,1912,6,6,6,6,6,NA,NA,NA,NA,2011-12-05 19:51:00,0
2011-12-05 21:00:00,WIND,600702,1,HCM,1,18974,1011,300,16,300,26,2006,6,6,6,6,6,NA,NA,NA,NA,2011-12-05 20:54:00,0
2011-12-05 22:00:00,WIND,600702,1,HCM,1,18974,1011,310,19,320,29,2130,6,6,6,6,6,NA,NA,NA,NA,2011-12-05 21:51:00,0
2011-12-05 23:00:00,WIND,600702,1,HCM,1,18974,1011,310,17,320,29,2246,6,6,6,6,6,NA,NA,NA,NA,2011-12-05 22:51:00,0
2011-12-06 00:00:00,WIND,600702,1,HCM,1,18974,1011,320,16,320,27,2254,6,6,6,6,6,NA,NA,NA,NA,2011-12-05 23:51:00,0
2011-12-06 01:00:00,WIND,600702,1,HCM,1,18974,1011,10,13,360,33,2353,6,6,6,6,6,NA,NA,NA,NA,2011-12-06 00:51:00,0
2011-12-06 02:00:00,WIND,600702,1,HCM,1,18974,1011,300,6,300,13,145,6,6,6,6,6,NA,NA,NA,NA,2011-12-06 01:51:00,0
2011-12-06 03:00:00,WIND,600702,1,HCM,1,18974,1011,330,13,340,22,242,6,6,6,6,6,NA,NA,NA,NA,2011-12-06 02:51:00,0
2011-12-06 04:00:00,WIND,600702,1,HCM,1,18974,1011,330,17,340,25,329,6,6,6,6,6,NA,NA,NA,NA,2011-12-06 03:51:00,0
2011-12-06 05:00:00,WIND,600702,1,HCM,1,18974,1011,330,18,340,29,408,6,6,6,6,6,NA,NA,NA,NA,2011-12-06 04:51:00,0
2011-12-06 06:00:00,WIND,600702,1,HCM,1,18974,1011,320,17,330,26,515,6,6,6,6,6,NA,NA,NA,NA,2011-12-06 05:51:00,0
2011-12-06 07:00:00,WIND,600702,1,HCM,1,18974,1011,320,14,320,20,609,6,6,6,6,6,NA,NA,NA,NA,2011-12-06 06:51:00,0
2011-12-06 08:00:00,WIND,600702,1,HCM,1,18974,1011,320,11,330,17,719,6,6,6,6,6,NA,NA,NA,NA,2011-12-06 07:51:00,0
2011-12-06 09:00:00,WIND,600702,1,HCM,1,18974,1011,310,9,320,15,832,6,6,6,6,6,NA,NA,NA,NA,2011-12-06 08:54:00,0
2011-12-06 10:00:00,WIND,600702,1,HCM,1,18974,1011,300,7,310,12,852,6,6,6,6,6,NA,NA,NA,NA,2011-12-06 09:51:00,0
2011-12-06 11:00:00,WIND,600702,1,HCM,1,18974,1011,260,3,290,7,954,6,6,6,6,6,NA,NA,NA,NA,2011-12-06 10:51:00,0
2011-12-06 12:00:00,WIND,600702,1,HCM,1,18974,1011,220,10,240,23,1131,6,6,6,6,6,NA,NA,NA,NA,2011-12-06 11:51:00,0
2011-12-06 13:00:00,WIND,600702,1,HCM,1,18974,1011,220,9,220,16,1238,6,6,6,6,6,NA,NA,NA,NA,2011-12-06 12:51:00,0
2011-12-06 14:00:00,WIND,600702,1,HCM,1,18974,1011,220,10,220,17,1323,6,6,6,6,6,NA,NA,NA,NA,2011-12-06 13:51:00,0
2011-12-06 15:00:00,WIND,600702,1,HCM,1,18974,1011,240,13,250,26,1407,6,6,6,6,6,NA,NA,NA,NA,2011-12-06 14:54:00,0
2011-12-06 16:00:00,WIND,600702,1,HCM,1,18974,1011,250,12,260,23,1524,6,6,6,6,6,NA,NA,NA,NA,2011-12-06 15:51:00,0
2011-12-06 17:00:00,WIND,600702,1,HCM,1,18974,1011,260,14,260,20,1611,6,6,6,6,6,NA,NA,NA,NA,2011-12-06 16:51:00,0
2011-12-06 18:00:00,WIND,600702,1,HCM,1,18974,1011,240,12,240,19,1711,6,6,6,6,6,NA,NA,NA,NA,2011-12-06 17:51:00,0
2011-12-06 19:00:00,WIND,600702,1,HCM,1,18974,1011,220,11,220,19,1849,6,6,6,6,6,NA,NA,NA,NA,2011-12-06 18:51:00,0
2011-12-06 20:00:00,WIND,600702,1,HCM,1,18974,1011,230,13,250,26,1922,6,6,6,6,6,NA,NA,NA,NA,2011-12-06 19:51:00,0
2011-12-06 21:00:00,WIND,600702,1,HCM,1,18974,1011,280,17,270,32,2007,6,6,6,6,6,NA,NA,NA,NA,2011-12-06 20:54:00,0
2011-12-06 22:00:00,WIND,600702,1,HCM,1,18974,1011,290,22,280,38,2141,6,6,6,6,6,NA,NA,NA,NA,2011-12-06 21:51:00,0
2011-12-06 23:00:00,WIND,600702,1,HCM,1,18974,1011,280,28,290,43,2159,6,6,6,6,6,NA,NA,NA,NA,2011-12-06 22:51:00,0
2011-12-07 00:00:00,WIND,600702,1,HCM,1,18974,1011,270,30,280,53,2312,6,6,6,6,6,NA,NA,NA,NA,2011-12-06 23:51:00,0
2011-12-07 01:00:00,WIND,600702,1,HCM,1,18974,1011,270,32,260,54,2350,6,6,6,6,6,NA,NA,NA,NA,2011-12-07 00:51:00,0
2011-12-07 02:00:00,WIND,600702,1,HCM,1,18974,1011,270,36,270,60,128,6,6,6,6,6,NA,NA,NA,NA,2011-12-07 01:51:00,0
2011-12-07 03:00:00,WIND,600702,1,HCM,1,18974,1011,280,37,280,56,223,6,6,6,6,6,NA,NA,NA,NA,2011-12-07 02:51:00,0
2011-12-07 04:00:00,WIND,600702,1,HCM,1,18974,1011,310,35,310,56,344,6,6,6,6,6,NA,NA,NA,NA,2011-12-07 03:51:00,0
2011-12-07 05:00:00,WIND,600702,1,HCM,1,18974,1011,320,44,320,64,420,6,6,6,6,6,NA,NA,NA,NA,2011-12-07 04:51:00,0
2011-12-07 06:00:00,WIND,600702,1,HCM,1,18974,1011,320,35,320,51,503,6,6,6,6,6,NA,NA,NA,NA,2011-12-07 05:51:00,0
2011-12-07 07:00:00,WIND,600702,1,HCM,1,18974,1011,320,31,300,47,620,6,6,6,6,6,NA,NA,NA,NA,2011-12-07 06:51:00,0
2011-12-07 08:00:00,WIND,600702,1,HCM,1,18974,1011,320,28,310,42,708,6,6,6,6,6,NA,NA,NA,NA,2011-12-07 07:51:00,0
2011-12-07 09:00:00,WIND,600702,1,HCM,1,18974,1011,300,26,300,39,801,6,6,6,6,6,NA,NA,NA,NA,2011-12-07 09:00:00,0
2011-12-07 10:00:00,WIND,600702,1,HCM,1,18974,1011,300,20,300,31,946,6,6,6,6,6,NA,NA,NA,NA,2011-12-07 09:51:00,0
2011-12-07 11:00:00,WIND,600702,1,HCM,1,18974,1011,310,19,300,35,950,6,6,6,6,6,NA,NA,NA,NA,2011-12-07 10:51:00,0
2011-12-07 12:00:00,WIND,600702,1,HCM,1,18974,1011,330,19,300,40,1050,6,6,6,6,6,NA,NA,NA,NA,2011-12-07 11:51:00,0
2011-12-07 13:00:00,WIND,600702,1,HCM,1,18974,1011,320,23,300,40,1228,6,6,6,6,6,NA,NA,NA,NA,2011-12-07 12:52:00,0
2011-12-07 14:00:00,WIND,600702,1,HCM,1,18974,1011,310,20,310,40,1310,6,6,6,6,6,NA,NA,NA,NA,2011-12-07 13:51:00,0
2011-12-07 15:00:00,WIND,600702,1,HCM,1,18974,1011,310,18,320,34,1416,6,6,6,6,6,NA,NA,NA,NA,2011-12-07 14:51:00,0
2011-12-07 16:00:00,WIND,600702,1,HCM,1,18974,1011,290,21,290,36,1517,6,6,6,6,6,NA,NA,NA,NA,2011-12-07 15:51:00,0
2011-12-07 17:00:00,WIND,600702,1,HCM,1,18974,1011,300,22,300,32,1610,6,6,6,6,6,NA,NA,NA,NA,2011-12-07 16:51:00,0
2011-12-07 18:00:00,WIND,600702,1,HCM,1,18974,1011,290,22,290,42,1656,6,6,6,6,6,NA,NA,NA,NA,2011-12-07 17:51:00,0
2011-12-07 19:00:00,WIND,600702,1,HCM,1,18974,1011,290,24,300,45,1833,6,6,6,6,6,NA,NA,NA,NA,2011-12-07 18:51:00,0
2011-12-07 20:00:00,WIND,600702,1,HCM,1,18974,1011,290,18,290,29,1917,6,6,6,6,6,NA,NA,NA,NA,2011-12-07 19:51:00,0
2011-12-07 21:00:00,WIND,600702,1,HCM,1,18974,1011,290,14,300,23,2016,6,6,6,6,6,NA,NA,NA,NA,2011-12-07 20:54:00,0
2011-12-07 22:00:00,WIND,600702,1,HCM,1,18974,1011,270,11,250,18,2121,6,6,6,6,6,NA,NA,NA,NA,2011-12-07 21:52:00,0
2011-12-07 23:00:00,WIND,600702,1,HCM,1,18974,1011,270,15,270,23,2207,6,6,6,6,6,NA,NA,NA,NA,2011-12-07 22:51:00,0
2011-12-08 00:00:00,WIND,600702,1,HCM,1,18974,1011,250,11,270,18,2301,6,6,6,6,6,NA,NA,NA,NA,2011-12-07 23:51:00,0
2011-12-08 01:00:00,WIND,600702,1,HCM,1,18974,1011,230,11,230,20,23,6,6,6,6,6,NA,NA,NA,NA,2011-12-08 00:51:00,0
2011-12-08 02:00:00,WIND,600702,1,HCM,1,18974,1011,210,12,230,21,103,6,6,6,6,6,NA,NA,NA,NA,2011-12-08 01:51:00,0
2011-12-08 03:00:00,WIND,600702,1,HCM,1,18974,1011,190,20,190,34,246,6,6,6,6,6,NA,NA,NA,NA,2011-12-08 02:51:00,0
2011-12-08 04:00:00,WIND,600702,1,HCM,1,18974,1011,180,30,180,40,324,6,6,6,6,6,NA,NA,NA,NA,2011-12-08 03:51:00,0
2011-12-08 05:00:00,WIND,600702,1,HCM,1,18974,1011,180,33,170,46,430,6,6,6,6,6,NA,NA,NA,NA,2011-12-08 04:51:00,0
2011-12-08 06:00:00,WIND,600702,1,HCM,1,18974,1011,200,34,200,46,526,6,6,6,6,6,NA,NA,NA,NA,2011-12-08 05:51:00,0
2011-12-08 07:00:00,WIND,600702,1,HCM,1,18974,1011,220,31,220,46,643,6,6,6,6,6,NA,NA,NA,NA,2011-12-08 06:51:00,0
2011-12-08 08:00:00,WIND,600702,1,HCM,1,18974,1011,220,32,220,46,658,6,6,6,6,6,NA,NA,NA,NA,2011-12-08 07:51:00,0
2011-12-08 09:00:00,WIND,600702,1,HCM,1,18974,1011,240,38,240,64,840,6,6,6,6,6,NA,NA,NA,NA,2011-12-08 08:54:00,0
2011-12-08 10:00:00,WIND,600702,1,HCM,1,18974,1011,240,44,250,68,936,6,6,6,6,6,NA,NA,NA,NA,2011-12-08 09:53:00,0
2011-12-08 11:00:00,WIND,600702,1,HCM,1,18974,1011,260,51,250,77,1042,6,6,6,6,6,NA,NA,NA,NA,2011-12-08 10:51:00,0
2011-12-08 12:00:00,WIND,600702,1,HCM,1,18974,1011,260,53,270,79,1125,6,6,6,6,6,NA,NA,NA,NA,2011-12-08 11:51:00,0
2011-12-08 13:00:00,WIND,600702,1,HCM,1,18974,1011,270,51,270,75,1218,6,6,6,6,6,NA,NA,NA,NA,2011-12-08 14:40:00,0
2011-12-08 14:00:00,WIND,600702,1,HCM,1,18974,1011,270,54,270,75,1330,6,6,6,6,6,NA,NA,NA,NA,2011-12-08 14:41:00,0
2011-12-08 15:00:00,WIND,600702,1,HCM,1,18974,1011,280,51,280,78,1408,6,6,6,6,6,NA,NA,NA,NA,2011-12-08 14:51:00,0
2011-12-08 16:00:00,WIND,600702,1,HCM,1,18974,1011,290,51,290,70,1504,6,6,6,6,6,NA,NA,NA,NA,2011-12-08 23:03:00,0
2011-12-08 17:00:00,WIND,600702,1,HCM,1,18974,1011,290,48,290,69,1603,6,6,6,6,6,NA,NA,NA,NA,2011-12-08 23:04:00,0
2011-12-08 18:00:00,WIND,600702,1,HCM,1,18974,1011,290,45,290,66,1702,6,6,6,6,6,NA,NA,NA,NA,2011-12-08 23:15:00,0
2011-12-08 19:00:00,WIND,600702,1,HCM,1,18974,1011,300,33,290,56,1806,6,6,6,6,6,NA,NA,NA,NA,2011-12-08 23:15:00,0
2011-12-08 20:00:00,WIND,600702,1,HCM,1,18974,1011,320,27,320,42,1919,6,6,6,6,6,NA,NA,NA,NA,2011-12-08 23:34:00,0
2011-12-08 21:00:00,WIND,600702,1,HCM,1,18974,1011,310,26,300,37,2041,6,6,6,6,6,NA,NA,NA,NA,2011-12-08 23:36:00,0
2011-12-08 22:00:00,WIND,600702,1,HCM,1,18974,1011,300,26,300,40,2101,6,6,6,6,6,NA,NA,NA,NA,2011-12-08 23:36:00,0
2011-12-08 23:00:00,WIND,600702,1,HCM,1,18974,1011,320,24,340,33,2200,6,6,6,6,6,NA,NA,NA,NA,2011-12-08 23:36:00,0
2011-12-09 00:00:00,WIND,600702,1,HCM,1,18974,1011,330,20,330,30,2306,6,6,6,6,6,NA,NA,NA,NA,2011-12-08 23:51:00,0
2011-12-09 01:00:00,WIND,600702,1,HCM,1,18974,1011,330,16,330,25,2351,6,6,6,6,6,NA,NA,NA,NA,2011-12-09 00:51:00,0
2011-12-09 02:00:00,WIND,600702,1,HCM,1,18974,1011,350,15,360,20,121,6,6,6,6,6,NA,NA,NA,NA,2011-12-09 01:51:00,0
2011-12-09 03:00:00,WIND,600702,1,HCM,1,18974,1011,310,12,350,20,205,6,6,6,6,6,NA,NA,NA,NA,2011-12-09 02:51:00,0
2011-12-09 04:00:00,WIND,600702,1,HCM,1,18974,1011,280,14,310,30,349,6,6,6,6,6,NA,NA,NA,NA,2011-12-09 03:51:00,0
2011-12-09 05:00:00,WIND,600702,1,HCM,1,18974,1011,310,18,310,33,358,6,6,6,6,6,NA,NA,NA,NA,2011-12-09 04:51:00,0
2011-12-09 06:00:00,WIND,600702,1,HCM,1,18974,1011,290,9,300,15,450,6,6,6,6,6,NA,NA,NA,NA,2011-12-09 05:51:00,0
2011-12-09 07:00:00,WIND,600702,1,HCM,1,18974,1011,290,8,300,15,613,6,6,6,6,6,NA,NA,NA,NA,2011-12-09 06:51:00,0
2011-12-09 08:00:00,WIND,600702,1,HCM,1,18974,1011,300,8,330,17,713,6,6,6,6,6,NA,NA,NA,NA,2011-12-09 07:51:00,0
2011-12-09 09:00:00,WIND,600702,1,HCM,1,18974,1011,40,8,310,15,751,6,6,6,6,6,NA,NA,NA,NA,2011-12-09 08:54:00,0
2011-12-09 10:00:00,WIND,600702,1,HCM,1,18974,1011,60,9,60,20,935,6,6,6,6,6,NA,NA,NA,NA,2011-12-09 09:52:00,0
2011-12-09 11:00:00,WIND,600702,1,HCM,1,18974,1011,40,10,50,17,1004,6,6,6,6,6,NA,NA,NA,NA,2011-12-09 10:51:00,0
2011-12-09 12:00:00,WIND,600702,1,HCM,1,18974,1011,20,14,20,20,1122,6,6,6,6,6,NA,NA,NA,NA,2011-12-09 11:51:00,0
2011-12-09 13:00:00,WIND,600702,1,HCM,1,18974,1011,10,11,20,21,1223,6,6,6,6,6,NA,NA,NA,NA,2011-12-09 12:51:00,0
2011-12-09 14:00:00,WIND,600702,1,HCM,1,18974,1011,320,7,320,15,1340,6,6,6,6,6,NA,NA,NA,NA,2011-12-09 13:51:00,0
2011-12-09 15:00:00,WIND,600702,1,HCM,1,18974,1011,270,6,310,9,1350,6,6,6,6,6,NA,NA,NA,NA,2011-12-09 14:51:00,0
2011-12-09 16:00:00,WIND,600702,1,HCM,1,18974,1011,260,6,270,15,1536,6,6,6,6,6,NA,NA,NA,NA,2011-12-09 15:51:00,0
2011-12-09 17:00:00,WIND,600702,1,HCM,1,18974,1011,330,10,300,23,1625,6,6,6,6,6,NA,NA,NA,NA,2011-12-09 16:51:00,0
2011-12-09 18:00:00,WIND,600702,1,HCM,1,18974,1011,300,6,350,11,1650,6,6,6,6,6,NA,NA,NA,NA,2011-12-09 17:51:00,0
2011-12-09 19:00:00,WIND,600702,1,HCM,1,18974,1011,290,9,270,18,1804,6,6,6,6,6,NA,NA,NA,NA,2011-12-09 18:51:00,0
2011-12-09 20:00:00,WIND,600702,1,HCM,1,18974,1011,280,2,320,8,1850,6,6,6,6,6,NA,NA,NA,NA,2011-12-09 19:51:00,0
2011-12-09 21:00:00,WIND,600702,1,HCM,1,18974,1011,350,3,320,8,2041,6,6,6,6,6,NA,NA,NA,NA,2011-12-09 20:53:00,0
2011-12-09 22:00:00,WIND,600702,1,HCM,1,18974,1011,50,3,360,5,2052,6,6,6,6,6,NA,NA,NA,NA,2011-12-09 21:51:00,0
2011-12-09 23:00:00,WIND,600702,1,HCM,1,18974,1011,180,2,210,5,2232,6,6,6,6,6,NA,NA,NA,NA,2011-12-09 22:51:00,0
2011-12-10 00:00:00,WIND,600702,1,HCM,1,18974,1011,230,3,190,4,2349,6,6,6,6,6,NA,NA,NA,NA,2011-12-09 23:51:00,0
2011-12-10 01:00:00,WIND,600702,1,HCM,1,18974,1011,210,5,230,9,40,6,6,6,6,6,NA,NA,NA,NA,2011-12-10 00:51:00,0
2011-12-10 02:00:00,WIND,600702,1,HCM,1,18974,1011,230,4,220,7,104,6,6,6,6,6,NA,NA,NA,NA,2011-12-10 01:51:00,0
2011-12-10 03:00:00,WIND,600702,1,HCM,1,18974,1011,280,4,290,7,225,6,6,6,6,6,NA,NA,NA,NA,2011-12-10 02:51:00,0
2011-12-10 04:00:00,WIND,600702,1,HCM,1,18974,1011,300,6,310,9,339,6,6,6,6,6,NA,NA,NA,NA,2011-12-10 03:51:00,0
2011-12-10 05:00:00,WIND,600702,1,HCM,1,18974,1011,340,6,350,10,430,6,6,6,6,6,NA,NA,NA,NA,2011-12-10 04:51:00,0
2011-12-10 06:00:00,WIND,600702,1,HCM,1,18974,1011,360,7,340,9,459,6,6,6,6,6,NA,NA,NA,NA,2011-12-10 05:51:00,0
2011-12-10 07:00:00,WIND,600702,1,HCM,1,18974,1011,350,5,350,8,639,6,6,6,6,6,NA,NA,NA,NA,2011-12-10 06:51:00,0
2011-12-10 08:00:00,WIND,600702,1,HCM,1,18974,1011,70,6,70,9,707,6,6,6,6,6,NA,NA,NA,NA,2011-12-10 07:51:00,0
2011-12-10 09:00:00,WIND,600702,1,HCM,1,18974,1011,120,4,90,5,750,6,6,6,6,6,NA,NA,NA,NA,2011-12-10 08:54:00,0
2011-12-10 10:00:00,WIND,600702,1,HCM,1,18974,1011,130,3,170,4,946,6,6,6,6,6,NA,NA,NA,NA,2011-12-10 09:51:00,0
2011-12-10 11:00:00,WIND,600702,1,HCM,1,18974,1011,260,3,220,9,1006,6,6,6,6,6,NA,NA,NA,NA,2011-12-10 10:51:00,0
2011-12-10 12:00:00,WIND,600702,1,HCM,1,18974,1011,180,5,210,7,1148,6,6,6,6,6,NA,NA,NA,NA,2011-12-10 11:51:00,0
2011-12-10 13:00:00,WIND,600702,1,HCM,1,18974,1011,210,5,210,8,1152,6,6,6,6,6,NA,NA,NA,NA,2011-12-10 12:51:00,0
2011-12-10 14:00:00,WIND,600702,1,HCM,1,18974,1011,240,8,270,18,1338,6,6,6,6,6,NA,NA,NA,NA,2011-12-10 13:51:00,0
2011-12-10 15:00:00,WIND,600702,1,HCM,1,18974,1011,240,10,220,15,1447,6,6,6,6,6,NA,NA,NA,NA,2011-12-10 14:51:00,0
2011-12-10 16:00:00,WIND,600702,1,HCM,1,18974,1011,220,13,210,21,1541,6,6,6,6,6,NA,NA,NA,NA,2011-12-10 15:51:00,0
2011-12-10 17:00:00,WIND,600702,1,HCM,1,18974,1011,220,16,220,27,1644,6,6,6,6,6,NA,NA,NA,NA,2011-12-10 16:51:00,0
2011-12-10 18:00:00,WIND,600702,1,HCM,1,18974,1011,210,20,200,31,1749,6,6,6,6,6,NA,NA,NA,NA,2011-12-10 17:51:00,0
2011-12-10 19:00:00,WIND,600702,1,HCM,1,18974,1011,200,24,200,34,1845,6,6,6,6,6,NA,NA,NA,NA,2011-12-10 18:51:00,0
2011-12-10 20:00:00,WIND,600702,1,HCM,1,18974,1011,200,26,210,36,1934,6,6,6,6,6,NA,NA,NA,NA,2011-12-10 19:51:00,0
2011-12-10 21:00:00,WIND,600702,1,HCM,1,18974,1011,220,24,210,37,2009,6,6,6,6,6,NA,NA,NA,NA,2011-12-10 20:54:00,0
2011-12-10 22:00:00,WIND,600702,1,HCM,1,18974,1011,260,12,250,18,2122,6,6,6,6,6,NA,NA,NA,NA,2011-12-10 21:51:00,0
2011-12-10 23:00:00,WIND,600702,1,HCM,1,18974,1011,250,12,260,17,2151,6,6,6,6,6,NA,NA,NA,NA,2011-12-10 22:51:00,0
2011-12-11 00:00:00,WIND,600702,1,HCM,1,18974,1011,260,13,260,21,2341,6,6,6,6,6,NA,NA,NA,NA,2011-12-10 23:51:00,0
2011-12-11 01:00:00,WIND,600702,1,HCM,1,18974,1011,260,16,260,28,2359,6,6,6,6,6,NA,NA,NA,NA,2011-12-11 00:51:00,0
2011-12-11 02:00:00,WIND,600702,1,HCM,1,18974,1011,250,14,260,23,110,6,6,6,6,6,NA,NA,NA,NA,2011-12-11 01:51:00,0
2011-12-11 03:00:00,WIND,600702,1,HCM,1,18974,1011,250,14,260,27,235,6,6,6,6,6,NA,NA,NA,NA,2011-12-11 02:51:00,0
2011-12-11 04:00:00,WIND,600702,1,HCM,1,18974,1011,260,10,280,19,329,6,6,6,6,6,NA,NA,NA,NA,2011-12-11 03:51:00,0
2011-12-11 05:00:00,WIND,600702,1,HCM,1,18974,1011,250,11,250,18,425,6,6,6,6,6,NA,NA,NA,NA,2011-12-11 04:52:00,0
2011-12-11 06:00:00,WIND,600702,1,HCM,1,18974,1011,260,15,230,31,458,6,6,6,6,6,NA,NA,NA,NA,2011-12-11 05:51:00,0
2011-12-11 07:00:00,WIND,600702,1,HCM,1,18974,1011,260,15,260,23,559,6,6,6,6,6,NA,NA,NA,NA,2011-12-11 06:51:00,0
2011-12-11 08:00:00,WIND,600702,1,HCM,1,18974,1011,250,15,260,26,652,6,6,6,6,6,NA,NA,NA,NA,2011-12-11 07:51:00,0
2011-12-11 09:00:00,WIND,600702,1,HCM,1,18974,1011,260,18,260,32,812,6,6,6,6,6,NA,NA,NA,NA,2011-12-11 08:54:00,0
2011-12-11 10:00:00,WIND,600702,1,HCM,1,18974,1011,260,14,260,21,907,6,6,6,6,6,NA,NA,NA,NA,2011-12-11 09:51:00,0
2011-12-11 11:00:00,WIND,600702,1,HCM,1,18974,1011,240,13,230,21,1034,6,6,6,6,6,NA,NA,NA,NA,2011-12-11 10:51:00,0
2011-12-11 12:00:00,WIND,600702,1,HCM,1,18974,1011,240,16,230,27,1133,6,6,6,6,6,NA,NA,NA,NA,2011-12-11 11:51:00,0
2011-12-11 13:00:00,WIND,600702,1,HCM,1,18974,1011,240,15,230,25,1159,6,6,6,6,6,NA,NA,NA,NA,2011-12-11 12:51:00,0
2011-12-11 14:00:00,WIND,600702,1,HCM,1,18974,1011,240,16,250,25,1303,6,6,6,6,6,NA,NA,NA,NA,2011-12-11 13:51:00,0
2011-12-11 15:00:00,WIND,600702,1,HCM,1,18974,1011,240,16,250,23,1358,6,6,6,6,6,NA,NA,NA,NA,2011-12-11 14:51:00,0
2011-12-11 16:00:00,WIND,600702,1,HCM,1,18974,1011,230,15,240,24,1451,6,6,6,6,6,NA,NA,NA,NA,2011-12-11 15:51:00,0
2011-12-11 17:00:00,WIND,600702,1,HCM,1,18974,1011,220,13,230,25,1623,6,6,6,6,6,NA,NA,NA,NA,2011-12-11 16:51:00,0
2011-12-11 18:00:00,WIND,600702,1,HCM,1,18974,1011,230,16,230,24,1737,6,6,6,6,6,NA,NA,NA,NA,2011-12-11 17:51:00,0
2011-12-11 19:00:00,WIND,600702,1,HCM,1,18974,1011,230,15,220,23,1833,6,6,6,6,6,NA,NA,NA,NA,2011-12-11 18:51:00,0
2011-12-11 20:00:00,WIND,600702,1,HCM,1,18974,1011,230,18,240,36,1924,6,6,6,6,6,NA,NA,NA,NA,2011-12-11 19:51:00,0
2011-12-11 21:00:00,WIND,600702,1,HCM,1,18974,1011,220,18,230,29,2036,6,6,6,6,6,NA,NA,NA,NA,2011-12-11 20:54:00,0
2011-12-11 22:00:00,WIND,600702,1,HCM,1,18974,1011,220,22,250,42,2146,6,6,6,6,6,NA,NA,NA,NA,2011-12-11 21:51:00,0
2011-12-11 23:00:00,WIND,600702,1,HCM,1,18974,1011,240,21,250,37,2152,6,6,6,6,6,NA,NA,NA,NA,2011-12-11 22:51:00,0
2011-12-12 00:00:00,WIND,600702,1,HCM,1,18974,1011,270,17,270,32,2322,6,6,6,6,6,NA,NA,NA,NA,2011-12-11 23:51:00,0
2011-12-12 01:00:00,WIND,600702,1,HCM,1,18974,1011,280,17,280,34,43,6,6,6,6,6,NA,NA,NA,NA,2011-12-12 00:51:00,0
2011-12-12 02:00:00,WIND,600702,1,HCM,1,18974,1011,290,21,270,31,53,6,6,6,6,6,NA,NA,NA,NA,2011-12-12 01:51:00,0
2011-12-12 03:00:00,WIND,600702,1,HCM,1,18974,1011,280,15,270,27,221,6,6,6,6,6,NA,NA,NA,NA,2011-12-12 02:51:00,0
2011-12-12 04:00:00,WIND,600702,1,HCM,1,18974,1011,280,18,270,26,307,6,6,6,6,6,NA,NA,NA,NA,2011-12-12 03:51:00,0
2011-12-12 05:00:00,WIND,600702,1,HCM,1,18974,1011,270,18,280,28,351,6,6,6,6,6,NA,NA,NA,NA,2011-12-12 04:51:00,0
2011-12-12 06:00:00,WIND,600702,1,HCM,1,18974,1011,280,17,280,28,512,6,6,6,6,6,NA,NA,NA,NA,2011-12-12 05:51:00,0
2011-12-12 07:00:00,WIND,600702,1,HCM,1,18974,1011,290,18,300,34,643,6,6,6,6,6,NA,NA,NA,NA,2011-12-12 06:51:00,0
2011-12-12 08:00:00,WIND,600702,1,HCM,1,18974,1011,280,13,290,34,651,6,6,6,6,6,NA,NA,NA,NA,2011-12-12 07:51:00,0
2011-12-12 09:00:00,WIND,600702,1,HCM,1,18974,1011,280,18,270,27,812,6,6,6,6,6,NA,NA,NA,NA,2011-12-12 08:54:00,0
2011-12-12 10:00:00,WIND,600702,1,HCM,1,18974,1011,270,14,270,20,851,6,6,6,6,6,NA,NA,NA,NA,2011-12-12 09:51:00,0
2011-12-12 11:00:00,WIND,600702,1,HCM,1,18974,1011,270,9,260,21,952,6,6,6,6,6,NA,NA,NA,NA,2011-12-12 10:51:00,0
2011-12-12 12:00:00,WIND,600702,1,HCM,1,18974,1011,250,12,230,17,1147,6,6,6,6,6,NA,NA,NA,NA,2011-12-12 11:51:00,0
2011-12-12 13:00:00,WIND,600702,1,HCM,1,18974,1011,230,10,220,17,1241,6,6,6,6,6,NA,NA,NA,NA,2011-12-12 12:51:00,0
2011-12-12 14:00:00,WIND,600702,1,HCM,1,18974,1011,200,17,190,29,1345,6,6,6,6,6,NA,NA,NA,NA,2011-12-12 13:51:00,0
2011-12-12 15:00:00,WIND,600702,1,HCM,1,18974,1011,190,24,180,32,1434,6,6,6,6,6,NA,NA,NA,NA,2011-12-12 14:51:00,0
2011-12-12 16:00:00,WIND,600702,1,HCM,1,18974,1011,180,28,170,39,1548,6,6,6,6,6,NA,NA,NA,NA,2011-12-12 15:51:00,0
2011-12-12 17:00:00,WIND,600702,1,HCM,1,18974,1011,170,32,160,45,1647,6,6,6,6,6,NA,NA,NA,NA,2011-12-12 18:31:00,0
2011-12-12 18:00:00,WIND,600702,1,HCM,1,18974,1011,160,36,160,48,1731,6,6,6,6,6,NA,NA,NA,NA,2011-12-12 18:34:00,0
2011-12-12 19:00:00,WIND,600702,1,HCM,1,18974,1011,170,34,170,45,1820,6,6,6,6,6,NA,NA,NA,NA,2011-12-12 18:51:00,0
2011-12-12 20:00:00,WIND,600702,1,HCM,1,18974,1011,180,32,190,44,1909,6,6,6,6,6,NA,NA,NA,NA,2011-12-12 19:51:00,0
2011-12-12 21:00:00,WIND,600702,1,HCM,1,18974,1011,200,24,200,37,2003,6,6,6,6,6,NA,NA,NA,NA,2011-12-12 20:53:00,0
2011-12-12 22:00:00,WIND,600702,1,HCM,1,18974,1011,220,21,240,44,2132,6,6,6,6,6,NA,NA,NA,NA,2011-12-12 21:51:00,0
2011-12-12 23:00:00,WIND,600702,1,HCM,1,18974,1011,240,18,250,38,2224,6,6,6,6,6,NA,NA,NA,NA,2011-12-12 22:51:00,0
2011-12-13 00:00:00,WIND,600702,1,HCM,1,18974,1011,250,20,250,33,2312,6,6,6,6,6,NA,NA,NA,NA,2011-12-12 23:51:00,0
2011-12-13 01:00:00,WIND,600702,1,HCM,1,18974,1011,250,19,260,40,22,6,6,6,6,6,NA,NA,NA,NA,2011-12-13 00:51:00,0
2011-12-13 02:00:00,WIND,600702,1,HCM,1,18974,1011,240,20,220,34,118,6,6,6,6,6,NA,NA,NA,NA,2011-12-13 01:51:00,0
2011-12-13 03:00:00,WIND,600702,1,HCM,1,18974,1011,250,23,250,38,209,6,6,6,6,6,NA,NA,NA,NA,2011-12-13 02:51:00,0
2011-12-13 04:00:00,WIND,600702,1,HCM,1,18974,1011,230,17,240,29,349,6,6,6,6,6,NA,NA,NA,NA,2011-12-13 03:51:00,0
2011-12-13 05:00:00,WIND,600702,1,HCM,1,18974,1011,240,25,240,40,422,6,6,6,6,6,NA,NA,NA,NA,2011-12-13 04:51:00,0
2011-12-13 06:00:00,WIND,600702,1,HCM,1,18974,1011,230,21,230,36,512,6,6,6,6,6,NA,NA,NA,NA,2011-12-13 05:51:00,0
2011-12-13 07:00:00,WIND,600702,1,HCM,1,18974,1011,240,22,240,44,553,6,6,6,6,6,NA,NA,NA,NA,2011-12-13 06:51:00,0
2011-12-13 08:00:00,WIND,600702,1,HCM,1,18974,1011,240,32,240,47,650,6,6,6,6,6,NA,NA,NA,NA,2011-12-13 07:51:00,0
2011-12-13 09:00:00,WIND,600702,1,HCM,1,18974,1011,230,34,240,50,846,6,6,6,6,6,NA,NA,NA,NA,2011-12-13 08:54:00,0
2011-12-13 10:00:00,WIND,600702,1,HCM,1,18974,1011,220,36,220,53,912,6,6,6,6,6,NA,NA,NA,NA,2011-12-13 09:51:00,0
2011-12-13 11:00:00,WIND,600702,1,HCM,1,18974,1011,230,38,230,58,1018,6,6,6,6,6,NA,NA,NA,NA,2011-12-13 10:51:00,0
2011-12-13 12:00:00,WIND,600702,1,HCM,1,18974,1011,230,37,220,56,1056,6,6,6,6,6,NA,NA,NA,NA,2011-12-13 11:51:00,0
2011-12-13 13:00:00,WIND,600702,1,HCM,1,18974,1011,240,40,240,60,1216,6,6,6,6,6,NA,NA,NA,NA,2011-12-13 12:51:00,0
2011-12-13 14:00:00,WIND,600702,1,HCM,1,18974,1011,250,42,260,62,1331,6,6,6,6,6,NA,NA,NA,NA,2011-12-13 13:51:00,0
2011-12-13 15:00:00,WIND,600702,1,HCM,1,18974,1011,260,40,250,57,1353,6,6,6,6,6,NA,NA,NA,NA,2011-12-13 14:51:00,0
2011-12-13 16:00:00,WIND,600702,1,HCM,1,18974,1011,280,32,280,48,1452,6,6,6,6,6,NA,NA,NA,NA,2011-12-13 15:51:00,0
2011-12-13 17:00:00,WIND,600702,1,HCM,1,18974,1011,290,27,280,43,1555,6,6,6,6,6,NA,NA,NA,NA,2011-12-13 16:51:00,0
2011-12-13 18:00:00,WIND,600702,1,HCM,1,18974,1011,280,22,290,32,1650,6,6,6,6,6,NA,NA,NA,NA,2011-12-13 17:51:00,0
2011-12-13 19:00:00,WIND,600702,1,HCM,1,18974,1011,280,15,290,26,1808,6,6,6,6,6,NA,NA,NA,NA,2011-12-13 18:51:00,0
2011-12-13 20:00:00,WIND,600702,1,HCM,1,18974,1011,280,18,270,28,1945,6,6,6,6,6,NA,NA,NA,NA,2011-12-13 19:51:00,0
2011-12-13 21:00:00,WIND,600702,1,HCM,1,18974,1011,280,22,270,38,2001,6,6,6,6,6,NA,NA,NA,NA,2011-12-13 20:54:00,0
2011-12-13 22:00:00,WIND,600702,1,HCM,1,18974,1011,270,24,270,37,2147,6,6,6,6,6,NA,NA,NA,NA,2011-12-13 21:51:00,0
2011-12-13 23:00:00,WIND,600702,1,HCM,1,18974,1011,280,24,260,37,2158,6,6,6,6,6,NA,NA,NA,NA,2011-12-13 22:51:00,0
2011-12-14 00:00:00,WIND,600702,1,HCM,1,18974,1011,300,24,320,34,2341,6,6,6,6,6,NA,NA,NA,NA,2011-12-13 23:51:00,0
2011-12-14 01:00:00,WIND,600702,1,HCM,1,18974,1011,310,21,290,34,48,6,6,6,6,6,NA,NA,NA,NA,2011-12-14 00:51:00,0
2011-12-14 02:00:00,WIND,600702,1,HCM,1,18974,1011,290,24,280,36,127,6,6,6,6,6,NA,NA,NA,NA,2011-12-14 01:51:00,0
2011-12-14 03:00:00,WIND,600702,1,HCM,1,18974,1011,280,23,280,38,225,6,6,6,6,6,NA,NA,NA,NA,2011-12-14 02:51:00,0
2011-12-14 04:00:00,WIND,600702,1,HCM,1,18974,1011,290,22,290,33,335,6,6,6,6,6,NA,NA,NA,NA,2011-12-14 03:51:00,0
2011-12-14 05:00:00,WIND,600702,1,HCM,1,18974,1011,290,22,290,34,423,6,6,6,6,6,NA,NA,NA,NA,2011-12-14 04:51:00,0
2011-12-14 06:00:00,WIND,600702,1,HCM,1,18974,1011,300,21,300,32,511,6,6,6,6,6,NA,NA,NA,NA,2011-12-14 05:51:00,0
2011-12-14 07:00:00,WIND,600702,1,HCM,1,18974,1011,290,19,290,29,615,6,6,6,6,6,NA,NA,NA,NA,2011-12-14 06:51:00,0
2011-12-14 08:00:00,WIND,600702,1,HCM,1,18974,1011,290,18,290,35,703,6,6,6,6,6,NA,NA,NA,NA,2011-12-14 07:51:00,0
2011-12-14 09:00:00,WIND,600702,1,HCM,1,18974,1011,290,18,290,26,801,6,6,6,6,6,NA,NA,NA,NA,2011-12-14 08:54:00,0
2011-12-14 10:00:00,WIND,600702,1,HCM,1,18974,1011,290,17,300,28,948,6,6,6,6,6,NA,NA,NA,NA,2011-12-14 09:51:00,0
2011-12-14 11:00:00,WIND,600702,1,HCM,1,18974,1011,290,14,280,24,1033,6,6,6,6,6,NA,NA,NA,NA,2011-12-14 10:51:00,0
2011-12-14 12:00:00,WIND,600702,1,HCM,1,18974,1011,280,19,280,28,1141,6,6,6,6,6,NA,NA,NA,NA,2011-12-14 11:54:00,0
2011-12-14 13:00:00,WIND,600702,1,HCM,1,18974,1011,290,21,290,34,1230,6,6,6,6,6,NA,NA,NA,NA,2011-12-14 12:51:00,0
2011-12-14 14:00:00,WIND,600702,1,HCM,1,18974,1011,270,22,270,33,1329,6,6,6,6,6,NA,NA,NA,NA,2011-12-14 13:51:00,0
2011-12-14 15:00:00,WIND,600702,1,HCM,1,18974,1011,270,23,270,33,1401,6,6,6,6,6,NA,NA,NA,NA,2011-12-14 14:51:00,0
2011-12-14 16:00:00,WIND,600702,1,HCM,1,18974,1011,270,23,270,32,1503,6,6,6,6,6,NA,NA,NA,NA,2011-12-14 15:51:00,0
2011-12-14 17:00:00,WIND,600702,1,HCM,1,18974,1011,260,21,260,31,1633,6,6,6,6,6,NA,NA,NA,NA,2011-12-14 16:52:00,0
2011-12-14 18:00:00,WIND,600702,1,HCM,1,18974,1011,260,17,280,26,1719,6,6,6,6,6,NA,NA,NA,NA,2011-12-14 17:51:00,0
2011-12-14 19:00:00,WIND,600702,1,HCM,1,18974,1011,270,19,270,29,1809,6,6,6,6,6,NA,NA,NA,NA,2011-12-14 18:51:00,0
2011-12-14 20:00:00,WIND,600702,1,HCM,1,18974,1011,260,17,260,32,1852,6,6,6,6,6,NA,NA,NA,NA,2011-12-14 19:51:00,0
2011-12-14 21:00:00,WIND,600702,1,HCM,1,18974,1011,250,16,240,24,1952,6,6,6,6,6,NA,NA,NA,NA,2011-12-14 20:54:00,0
2011-12-14 22:00:00,WIND,600702,1,HCM,1,18974,1011,260,12,260,20,2149,6,6,6,6,6,NA,NA,NA,NA,2011-12-14 21:51:00,0
2011-12-14 23:00:00,WIND,600702,1,HCM,1,18974,1011,270,17,270,29,2209,6,6,6,6,6,NA,NA,NA,NA,2011-12-14 22:51:00,0
2011-12-15 00:00:00,WIND,600702,1,HCM,1,18974,1011,240,13,260,20,2258,6,6,6,6,6,NA,NA,NA,NA,2011-12-14 23:51:00,0
2011-12-15 01:00:00,WIND,600702,1,HCM,1,18974,1011,250,15,260,30,5,6,6,6,6,6,NA,NA,NA,NA,2011-12-15 00:51:00,0
2011-12-15 02:00:00,WIND,600702,1,HCM,1,18974,1011,240,6,240,14,50,6,6,6,6,6,NA,NA,NA,NA,2011-12-15 01:51:00,0
2011-12-15 03:00:00,WIND,600702,1,HCM,1,18974,1011,360,6,360,9,213,6,6,6,6,6,NA,NA,NA,NA,2011-12-15 02:51:00,0
2011-12-15 04:00:00,WIND,600702,1,HCM,1,18974,1011,10,9,10,13,304,6,6,6,6,6,NA,NA,NA,NA,2011-12-15 03:51:00,0
2011-12-15 05:00:00,WIND,600702,1,HCM,1,18974,1011,350,9,10,17,447,6,6,6,6,6,NA,NA,NA,NA,2011-12-15 04:51:00,0
2011-12-15 06:00:00,WIND,600702,1,HCM,1,18974,1011,340,9,10,16,450,6,6,6,6,6,NA,NA,NA,NA,2011-12-15 05:51:00,0
2011-12-15 07:00:00,WIND,600702,1,HCM,1,18974,1011,330,7,340,13,550,6,6,6,6,6,NA,NA,NA,NA,2011-12-15 06:51:00,0
2011-12-15 08:00:00,WIND,600702,1,HCM,1,18974,1011,340,6,340,9,651,6,6,6,6,6,NA,NA,NA,NA,2011-12-15 07:51:00,0
2011-12-15 09:00:00,WIND,600702,1,HCM,1,18974,1011,360,6,10,11,818,6,6,6,6,6,NA,NA,NA,NA,2011-12-15 08:54:00,0
2011-12-15 10:00:00,WIND,600702,1,HCM,1,18974,1011,110,2,210,5,944,6,6,6,6,6,NA,NA,NA,NA,2011-12-15 09:51:00,0
2011-12-15 11:00:00,WIND,600702,1,HCM,1,18974,1011,250,4,310,15,1037,6,6,6,6,6,NA,NA,NA,NA,2011-12-15 10:51:00,0
2011-12-15 12:00:00,WIND,600702,1,HCM,1,18974,1011,260,4,220,8,1124,6,6,6,6,6,NA,NA,NA,NA,2011-12-15 11:51:00,0
2011-12-15 13:00:00,WIND,600702,1,HCM,1,18974,1011,270,8,330,13,1247,6,6,6,6,6,NA,NA,NA,NA,2011-12-15 12:51:00,0
2011-12-15 14:00:00,WIND,600702,1,HCM,1,18974,1011,340,4,340,9,1250,6,6,6,6,6,NA,NA,NA,NA,2011-12-15 13:51:00,0
2011-12-15 15:00:00,WIND,600702,1,HCM,1,18974,1011,210,4,230,9,1449,6,6,6,6,6,NA,NA,NA,NA,2011-12-15 14:51:00,0
2011-12-15 16:00:00,WIND,600702,1,HCM,1,18974,1011,210,8,210,13,1514,6,6,6,6,6,NA,NA,NA,NA,2011-12-15 15:51:00,0
2011-12-15 17:00:00,WIND,600702,1,HCM,1,18974,1011,170,7,170,10,1643,6,6,6,6,6,NA,NA,NA,NA,2011-12-15 16:51:00,0
2011-12-15 18:00:00,WIND,600702,1,HCM,1,18974,1011,150,9,150,16,1743,6,6,6,6,6,NA,NA,NA,NA,2011-12-15 17:51:00,0
2011-12-15 19:00:00,WIND,600702,1,HCM,1,18974,1011,210,5,150,10,1805,6,6,6,6,6,NA,NA,NA,NA,2011-12-15 18:51:00,0
2011-12-15 20:00:00,WIND,600702,1,HCM,1,18974,1011,70,5,130,9,1923,6,6,6,6,6,NA,NA,NA,NA,2011-12-15 19:51:00,0
2011-12-15 21:00:00,WIND,600702,1,HCM,1,18974,1011,140,5,180,12,2049,6,6,6,6,6,NA,NA,NA,NA,2011-12-15 20:54:00,0
2011-12-15 22:00:00,WIND,600702,1,HCM,1,18974,1011,210,8,230,13,2147,6,6,6,6,6,NA,NA,NA,NA,2011-12-15 21:51:00,0
2011-12-15 23:00:00,WIND,600702,1,HCM,1,18974,1011,240,8,250,12,2151,6,6,6,6,6,NA,NA,NA,NA,2011-12-15 22:51:00,0
2011-12-16 00:00:00,WIND,600702,1,HCM,1,18974,1011,250,5,240,9,2250,6,6,6,6,6,NA,NA,NA,NA,2011-12-15 23:51:00,0
2011-12-16 01:00:00,WIND,600702,1,HCM,1,18974,1011,270,12,270,20,10,6,6,6,6,6,NA,NA,NA,NA,2011-12-16 00:51:00,0
2011-12-16 02:00:00,WIND,600702,1,HCM,1,18974,1011,280,13,290,24,120,6,6,6,6,6,NA,NA,NA,NA,2011-12-16 01:51:00,0
2011-12-16 03:00:00,WIND,600702,1,HCM,1,18974,1011,280,11,280,18,153,6,6,6,6,6,NA,NA,NA,NA,2011-12-16 02:51:00,0
2011-12-16 04:00:00,WIND,600702,1,HCM,1,18974,1011,300,12,300,19,315,6,6,6,6,6,NA,NA,NA,NA,2011-12-16 03:51:00,0
2011-12-16 05:00:00,WIND,600702,1,HCM,1,18974,1011,290,9,280,18,358,6,6,6,6,6,NA,NA,NA,NA,2011-12-16 04:51:00,0
2011-12-16 06:00:00,WIND,600702,1,HCM,1,18974,1011,300,5,290,10,452,6,6,6,6,6,NA,NA,NA,NA,2011-12-16 05:51:00,0
2011-12-16 07:00:00,WIND,600702,1,HCM,1,18974,1011,280,4,250,9,620,6,6,6,6,6,NA,NA,NA,NA,2011-12-16 06:51:00,0
2011-12-16 08:00:00,WIND,600702,1,HCM,1,18974,1011,140,5,100,10,726,6,6,6,6,6,NA,NA,NA,NA,2011-12-16 07:51:00,0
2011-12-16 09:00:00,WIND,600702,1,HCM,1,18974,1011,130,9,140,13,830,6,6,6,6,6,NA,NA,NA,NA,2011-12-16 08:54:00,0
2011-12-16 10:00:00,WIND,600702,1,HCM,1,18974,1011,110,7,130,11,858,6,6,6,6,6,NA,NA,NA,NA,2011-12-16 09:51:00,0
2011-12-16 11:00:00,WIND,600702,1,HCM,1,18974,1011,60,8,60,12,1020,6,6,6,6,6,NA,NA,NA,NA,2011-12-16 10:51:00,0
2011-12-16 12:00:00,WIND,600702,1,HCM,1,18974,1011,60,4,60,7,1126,6,6,6,6,6,NA,NA,NA,NA,2011-12-16 11:51:00,0
2011-12-16 13:00:00,WIND,600702,1,HCM,1,18974,1011,30,8,10,12,1224,6,6,6,6,6,NA,NA,NA,NA,2011-12-16 12:51:00,0
2011-12-16 14:00:00,WIND,600702,1,HCM,1,18974,1011,360,8,10,12,1304,6,6,6,6,6,NA,NA,NA,NA,2011-12-16 13:51:00,0
2011-12-16 15:00:00,WIND,600702,1,HCM,1,18974,1011,360,9,350,15,1421,6,6,6,6,6,NA,NA,NA,NA,2011-12-16 14:51:00,0
2011-12-16 16:00:00,WIND,600702,1,HCM,1,18974,1011,360,10,20,14,1527,6,6,6,6,6,NA,NA,NA,NA,2011-12-16 15:51:00,0
2011-12-16 17:00:00,WIND,600702,1,HCM,1,18974,1011,360,11,350,15,1619,6,6,6,6,6,NA,NA,NA,NA,2011-12-16 16:51:00,0
2011-12-16 18:00:00,WIND,600702,1,HCM,1,18974,1011,10,10,360,14,1707,6,6,6,6,6,NA,NA,NA,NA,2011-12-16 17:51:00,0
2011-12-16 19:00:00,WIND,600702,1,HCM,1,18974,1011,350,9,350,13,1814,6,6,6,6,6,NA,NA,NA,NA,2011-12-16 18:51:00,0
2011-12-16 20:00:00,WIND,600702,1,HCM,1,18974,1011,340,9,340,16,1928,6,6,6,6,6,NA,NA,NA,NA,2011-12-16 19:51:00,0
2011-12-16 21:00:00,WIND,600702,1,HCM,1,18974,1011,310,14,300,25,2032,6,6,6,6,6,NA,NA,NA,NA,2011-12-16 20:54:00,0
2011-12-16 22:00:00,WIND,600702,1,HCM,1,18974,1011,300,13,310,24,2105,6,6,6,6,6,NA,NA,NA,NA,2011-12-16 21:51:00,0
2011-12-16 23:00:00,WIND,600702,1,HCM,1,18974,1011,290,10,300,19,2237,6,6,6,6,6,NA,NA,NA,NA,2011-12-16 23:03:00,0
2011-12-17 00:00:00,WIND,600702,1,HCM,1,18974,1011,260,7,290,11,2255,6,6,6,6,6,NA,NA,NA,NA,2011-12-16 23:51:00,0
2011-12-17 01:00:00,WIND,600702,1,HCM,1,18974,1011,300,11,300,25,11,6,6,6,6,6,NA,NA,NA,NA,2011-12-17 00:51:00,0
2011-12-17 02:00:00,WIND,600702,1,HCM,1,18974,1011,310,9,320,17,148,6,6,6,6,6,NA,NA,NA,NA,2011-12-17 01:51:00,0
2011-12-17 03:00:00,WIND,600702,1,HCM,1,18974,1011,340,16,350,25,157,6,6,6,6,6,NA,NA,NA,NA,2011-12-17 02:51:00,0
2011-12-17 04:00:00,WIND,600702,1,HCM,1,18974,1011,350,14,350,25,257,6,6,6,6,6,NA,NA,NA,NA,2011-12-17 03:51:00,0
2011-12-17 05:00:00,WIND,600702,1,HCM,1,18974,1011,330,13,340,24,440,6,6,6,6,6,NA,NA,NA,NA,2011-12-17 04:51:00,0
2011-12-17 06:00:00,WIND,600702,1,HCM,1,18974,1011,340,19,320,27,516,6,6,6,6,6,NA,NA,NA,NA,2011-12-17 05:51:00,0
2011-12-17 07:00:00,WIND,600702,1,HCM,1,18974,1011,350,18,340,25,604,6,6,6,6,6,NA,NA,NA,NA,2011-12-17 06:51:00,0
2011-12-17 08:00:00,WIND,600702,1,HCM,1,18974,1011,360,18,20,31,737,6,6,6,6,6,NA,NA,NA,NA,2011-12-17 07:51:00,0
2011-12-17 09:00:00,WIND,600702,1,HCM,1,18974,1011,10,16,30,25,751,6,6,6,6,6,NA,NA,NA,NA,2011-12-17 08:54:00,0
2011-12-17 10:00:00,WIND,600702,1,HCM,1,18974,1011,360,17,360,28,916,6,6,6,6,6,NA,NA,NA,NA,2011-12-17 09:51:00,0
2011-12-17 11:00:00,WIND,600702,1,HCM,1,18974,1011,350,13,320,20,1049,6,6,6,6,6,NA,NA,NA,NA,2011-12-17 10:51:00,0
2011-12-17 12:00:00,WIND,600702,1,HCM,1,18974,1011,320,15,310,24,1053,6,6,6,6,6,NA,NA,NA,NA,2011-12-17 11:51:00,0
2011-12-17 13:00:00,WIND,600702,1,HCM,1,18974,1011,330,15,360,25,1230,6,6,6,6,6,NA,NA,NA,NA,2011-12-17 12:51:00,0
2011-12-17 14:00:00,WIND,600702,1,HCM,1,18974,1011,350,16,360,25,1307,6,6,6,6,6,NA,NA,NA,NA,2011-12-17 13:51:00,0
2011-12-17 15:00:00,WIND,600702,1,HCM,1,18974,1011,350,13,350,19,1401,6,6,6,6,6,NA,NA,NA,NA,2011-12-17 14:51:00,0
2011-12-17 16:00:00,WIND,600702,1,HCM,1,18974,1011,330,13,330,23,1523,6,6,6,6,6,NA,NA,NA,NA,2011-12-17 15:51:00,0
2011-12-17 17:00:00,WIND,600702,1,HCM,1,18974,1011,330,11,330,20,1647,6,6,6,6,6,NA,NA,NA,NA,2011-12-17 16:51:00,0
2011-12-17 18:00:00,WIND,600702,1,HCM,1,18974,1011,350,13,320,27,1652,6,6,6,6,6,NA,NA,NA,NA,2011-12-17 17:51:00,0
2011-12-17 19:00:00,WIND,600702,1,HCM,1,18974,1011,330,5,330,8,1839,6,6,6,6,6,NA,NA,NA,NA,2011-12-17 18:51:00,0
2011-12-17 20:00:00,WIND,600702,1,HCM,1,18974,1011,300,3,340,6,1856,6,6,6,6,6,NA,NA,NA,NA,2011-12-17 19:51:00,0
2011-12-17 21:00:00,WIND,600702,1,HCM,1,18974,1011,260,4,270,12,2043,6,6,6,6,6,NA,NA,NA,NA,2011-12-17 20:54:00,0
2011-12-17 22:00:00,WIND,600702,1,HCM,1,18974,1011,320,7,330,11,2124,6,6,6,6,6,NA,NA,NA,NA,2011-12-17 21:51:00,0
2011-12-17 23:00:00,WIND,600702,1,HCM,1,18974,1011,290,7,280,22,2221,6,6,6,6,6,NA,NA,NA,NA,2011-12-17 22:51:00,0
2011-12-18 00:00:00,WIND,600702,1,HCM,1,18974,1011,300,14,300,25,2349,6,6,6,6,6,NA,NA,NA,NA,2011-12-17 23:51:00,0
2011-12-18 01:00:00,WIND,600702,1,HCM,1,18974,1011,330,15,350,27,2354,6,6,6,6,6,NA,NA,NA,NA,2011-12-18 00:51:00,0
2011-12-18 02:00:00,WIND,600702,1,HCM,1,18974,1011,340,17,340,26,116,6,6,6,6,6,NA,NA,NA,NA,2011-12-18 01:51:00,0
2011-12-18 03:00:00,WIND,600702,1,HCM,1,18974,1011,350,16,360,26,151,6,6,6,6,6,NA,NA,NA,NA,2011-12-18 02:51:00,0
2011-12-18 04:00:00,WIND,600702,1,HCM,1,18974,1011,350,15,350,21,311,6,6,6,6,6,NA,NA,NA,NA,2011-12-18 03:51:00,0
2011-12-18 05:00:00,WIND,600702,1,HCM,1,18974,1011,350,15,350,21,445,6,6,6,6,6,NA,NA,NA,NA,2011-12-18 04:51:00,0
2011-12-18 06:00:00,WIND,600702,1,HCM,1,18974,1011,350,15,350,20,533,6,6,6,6,6,NA,NA,NA,NA,2011-12-18 05:51:00,0
2011-12-18 07:00:00,WIND,600702,1,HCM,1,18974,1011,350,13,350,20,554,6,6,6,6,6,NA,NA,NA,NA,2011-12-18 06:51:00,0
2011-12-18 08:00:00,WIND,600702,1,HCM,1,18974,1011,350,9,340,15,652,6,6,6,6,6,NA,NA,NA,NA,2011-12-18 07:51:00,0
2011-12-18 09:00:00,WIND,600702,1,HCM,1,18974,1011,320,7,330,9,759,6,6,6,6,6,NA,NA,NA,NA,2011-12-18 08:54:00,0
2011-12-18 10:00:00,WIND,600702,1,HCM,1,18974,1011,310,5,330,8,929,6,6,6,6,6,NA,NA,NA,NA,2011-12-18 09:51:00,0
2011-12-18 11:00:00,WIND,600702,1,HCM,1,18974,1011,300,5,300,14,1049,6,6,6,6,6,NA,NA,NA,NA,2011-12-18 10:51:00,0
2011-12-18 12:00:00,WIND,600702,1,HCM,1,18974,1011,300,10,310,16,1141,6,6,6,6,6,NA,NA,NA,NA,2011-12-18 11:51:00,0
2011-12-18 13:00:00,WIND,600702,1,HCM,1,18974,1011,310,11,320,19,1218,6,6,6,6,6,NA,NA,NA,NA,2011-12-18 12:51:00,0
2011-12-18 14:00:00,WIND,600702,1,HCM,1,18974,1011,320,12,330,19,1302,6,6,6,6,6,NA,NA,NA,NA,2011-12-18 13:51:00,0
2011-12-18 15:00:00,WIND,600702,1,HCM,1,18974,1011,320,12,320,21,1407,6,6,6,6,6,NA,NA,NA,NA,2011-12-18 14:51:00,0
2011-12-18 16:00:00,WIND,600702,1,HCM,1,18974,1011,350,11,350,17,1455,6,6,6,6,6,NA,NA,NA,NA,2011-12-18 15:51:00,0
2011-12-18 17:00:00,WIND,600702,1,HCM,1,18974,1011,320,8,310,12,1550,6,6,6,6,6,NA,NA,NA,NA,2011-12-18 16:51:00,0
2011-12-18 18:00:00,WIND,600702,1,HCM,1,18974,1011,300,8,320,15,1729,6,6,6,6,6,NA,NA,NA,NA,2011-12-18 17:51:00,0
2011-12-18 19:00:00,WIND,600702,1,HCM,1,18974,1011,310,7,330,12,1755,6,6,6,6,6,NA,NA,NA,NA,2011-12-18 18:51:00,0
2011-12-18 20:00:00,WIND,600702,1,HCM,1,18974,1011,320,7,320,9,1924,6,6,6,6,6,NA,NA,NA,NA,2011-12-18 19:51:00,0
2011-12-18 21:00:00,WIND,600702,1,HCM,1,18974,1011,340,4,340,7,1951,6,6,6,6,6,NA,NA,NA,NA,2011-12-18 20:54:00,0
2011-12-18 22:00:00,WIND,600702,1,HCM,1,18974,1011,300,2,340,3,2050,6,6,6,6,6,NA,NA,NA,NA,2011-12-18 21:51:00,0
2011-12-18 23:00:00,WIND,600702,1,HCM,1,18974,1011,180,2,170,3,2234,6,6,6,6,6,NA,NA,NA,NA,2011-12-18 22:51:00,0
2011-12-19 00:00:00,WIND,600702,1,HCM,1,18974,1011,170,4,190,6,2347,6,6,6,6,6,NA,NA,NA,NA,2011-12-18 23:51:00,0
2011-12-19 01:00:00,WIND,600702,1,HCM,1,18974,1011,200,5,200,8,39,6,6,6,6,6,NA,NA,NA,NA,2011-12-19 00:51:00,0
2011-12-19 02:00:00,WIND,600702,1,HCM,1,18974,1011,190,7,210,13,147,6,6,6,6,6,NA,NA,NA,NA,2011-12-19 01:51:00,0
2011-12-19 03:00:00,WIND,600702,1,HCM,1,18974,1011,210,8,210,13,201,6,6,6,6,6,NA,NA,NA,NA,2011-12-19 02:51:00,0
2011-12-19 04:00:00,WIND,600702,1,HCM,1,18974,1011,190,13,190,18,311,6,6,6,6,6,NA,NA,NA,NA,2011-12-19 03:51:00,0
2011-12-19 05:00:00,WIND,600702,1,HCM,1,18974,1011,190,13,190,24,445,6,6,6,6,6,NA,NA,NA,NA,2011-12-19 04:51:00,0
2011-12-19 06:00:00,WIND,600702,1,HCM,1,18974,1011,190,20,190,27,522,6,6,6,6,6,NA,NA,NA,NA,2011-12-19 05:51:00,0
2011-12-19 07:00:00,WIND,600702,1,HCM,1,18974,1011,180,21,180,27,631,6,6,6,6,6,NA,NA,NA,NA,2011-12-19 06:51:00,0
2011-12-19 08:00:00,WIND,600702,1,HCM,1,18974,1011,180,20,180,27,731,6,6,6,6,6,NA,NA,NA,NA,2011-12-19 07:51:00,0
2011-12-19 09:00:00,WIND,600702,1,HCM,1,18974,1011,190,20,190,28,843,6,6,6,6,6,NA,NA,NA,NA,2011-12-19 08:54:00,0
2011-12-19 10:00:00,WIND,600702,1,HCM,1,18974,1011,280,19,290,31,947,6,6,6,6,6,NA,NA,NA,NA,2011-12-19 09:51:00,0
2011-12-19 11:00:00,WIND,600702,1,HCM,1,18974,1011,300,23,300,35,957,6,6,6,6,6,NA,NA,NA,NA,2011-12-19 10:51:00,0
2011-12-19 12:00:00,WIND,600702,1,HCM,1,18974,1011,300,19,300,26,1109,6,6,6,6,6,NA,NA,NA,NA,2011-12-19 11:51:00,0
2011-12-19 13:00:00,WIND,600702,1,HCM,1,18974,1011,300,21,300,30,1246,6,6,6,6,6,NA,NA,NA,NA,2011-12-19 12:52:00,0
2011-12-19 14:00:00,WIND,600702,1,HCM,1,18974,1011,300,22,300,32,1335,6,6,6,6,6,NA,NA,NA,NA,2011-12-19 13:58:00,0
2011-12-19 15:00:00,WIND,600702,1,HCM,1,18974,1011,300,22,300,32,1411,6,6,6,6,6,NA,NA,NA,NA,2011-12-19 14:51:00,0
2011-12-19 16:00:00,WIND,600702,1,HCM,1,18974,1011,300,21,300,31,1549,6,6,6,6,6,NA,NA,NA,NA,2011-12-19 15:51:00,0
2011-12-19 17:00:00,WIND,600702,1,HCM,1,18974,1011,300,21,290,31,1550,6,6,6,6,6,NA,NA,NA,NA,2011-12-19 16:53:00,0
2011-12-19 18:00:00,WIND,600702,1,HCM,1,18974,1011,300,20,310,33,1726,6,6,6,6,6,NA,NA,NA,NA,2011-12-19 17:51:00,0
2011-12-19 19:00:00,WIND,600702,1,HCM,1,18974,1011,310,21,310,33,1813,6,6,6,6,6,NA,NA,NA,NA,2011-12-19 18:51:00,0
2011-12-19 20:00:00,WIND,600702,1,HCM,1,18974,1011,310,20,300,31,1946,6,6,6,6,6,NA,NA,NA,NA,2011-12-19 19:51:00,0
2011-12-19 21:00:00,WIND,600702,1,HCM,1,18974,1011,310,23,300,39,2018,6,6,6,6,6,NA,NA,NA,NA,2011-12-19 20:54:00,0
2011-12-19 22:00:00,WIND,600702,1,HCM,1,18974,1011,310,22,320,32,2122,6,6,6,6,6,NA,NA,NA,NA,2011-12-19 21:51:00,0
2011-12-19 23:00:00,WIND,600702,1,HCM,1,18974,1011,320,20,320,36,2202,6,6,6,6,6,NA,NA,NA,NA,2011-12-19 22:54:00,0
2011-12-20 00:00:00,WIND,600702,1,HCM,1,18974,1011,320,20,320,31,2347,6,6,6,6,6,NA,NA,NA,NA,2011-12-19 23:51:00,0
2011-12-20 01:00:00,WIND,600702,1,HCM,1,18974,1011,320,22,320,31,2352,6,6,6,6,6,NA,NA,NA,NA,2011-12-20 00:54:00,0
2011-12-20 02:00:00,WIND,600702,1,HCM,1,18974,1011,320,21,320,33,51,6,6,6,6,6,NA,NA,NA,NA,2011-12-20 01:52:00,0
2011-12-20 03:00:00,WIND,600702,1,HCM,1,18974,1011,320,19,320,26,203,6,6,6,6,6,NA,NA,NA,NA,2011-12-20 02:51:00,0
2011-12-20 04:00:00,WIND,600702,1,HCM,1,18974,1011,320,18,330,27,346,6,6,6,6,6,NA,NA,NA,NA,2011-12-20 03:51:00,0
2011-12-20 05:00:00,WIND,600702,1,HCM,1,18974,1011,310,15,320,23,355,6,6,6,6,6,NA,NA,NA,NA,2011-12-20 04:51:00,0
2011-12-20 06:00:00,WIND,600702,1,HCM,1,18974,1011,310,15,310,34,500,6,6,6,6,6,NA,NA,NA,NA,2011-12-20 05:51:00,0
2011-12-20 07:00:00,WIND,600702,1,HCM,1,18974,1011,320,13,320,20,643,6,6,6,6,6,NA,NA,NA,NA,2011-12-20 06:51:00,0
2011-12-20 08:00:00,WIND,600702,1,HCM,1,18974,1011,310,13,300,20,746,6,6,6,6,6,NA,NA,NA,NA,2011-12-20 07:51:00,0
2011-12-20 09:00:00,WIND,600702,1,HCM,1,18974,1011,300,11,300,18,807,6,6,6,6,6,NA,NA,NA,NA,2011-12-20 08:54:00,0
2011-12-20 10:00:00,WIND,600702,1,HCM,1,18974,1011,310,13,310,23,921,6,6,6,6,6,NA,NA,NA,NA,2011-12-20 10:06:00,0
2011-12-20 11:00:00,WIND,600702,1,HCM,1,18974,1011,290,8,300,13,1010,6,6,6,6,6,NA,NA,NA,NA,2011-12-20 10:51:00,0
2011-12-20 12:00:00,WIND,600702,1,HCM,1,18974,1011,280,9,280,21,1105,6,6,6,6,6,NA,NA,NA,NA,2011-12-20 11:51:00,0
2011-12-20 13:00:00,WIND,600702,1,HCM,1,18974,1011,270,10,270,16,1211,6,6,6,6,6,NA,NA,NA,NA,2011-12-20 12:54:00,0
2011-12-20 14:00:00,WIND,600702,1,HCM,1,18974,1011,280,10,260,18,1339,6,6,6,6,6,NA,NA,NA,NA,2011-12-20 13:51:00,0
2011-12-20 15:00:00,WIND,600702,1,HCM,1,18974,1011,290,8,270,14,1350,6,6,6,6,6,NA,NA,NA,NA,2011-12-20 14:59:00,0
2011-12-20 16:00:00,WIND,600702,1,HCM,1,18974,1011,280,8,270,14,1506,6,6,6,6,6,NA,NA,NA,NA,2011-12-20 15:51:00,0
2011-12-20 17:00:00,WIND,600702,1,HCM,1,18974,1011,260,9,260,15,1612,6,6,6,6,6,NA,NA,NA,NA,2011-12-20 16:51:00,0
2011-12-20 18:00:00,WIND,600702,1,HCM,1,18974,1011,250,6,250,12,1701,6,6,6,6,6,NA,NA,NA,NA,2011-12-20 17:51:00,0
2011-12-20 19:00:00,WIND,600702,1,HCM,1,18974,1011,210,4,210,7,1811,6,6,6,6,6,NA,NA,NA,NA,2011-12-20 18:51:00,0
2011-12-20 20:00:00,WIND,600702,1,HCM,1,18974,1011,210,4,220,7,1949,6,6,6,6,6,NA,NA,NA,NA,2011-12-20 19:51:00,0
2011-12-20 21:00:00,WIND,600702,1,HCM,1,18974,1011,210,5,220,7,2005,6,6,6,6,6,NA,NA,NA,NA,2011-12-20 20:53:00,0
2011-12-20 22:00:00,WIND,600702,1,HCM,1,18974,1011,180,7,190,12,2147,6,6,6,6,6,NA,NA,NA,NA,2011-12-20 21:51:00,0
2011-12-20 23:00:00,WIND,600702,1,HCM,1,18974,1011,180,11,180,15,2226,6,6,6,6,6,NA,NA,NA,NA,2011-12-20 22:51:00,0
2011-12-21 00:00:00,WIND,600702,1,HCM,1,18974,1011,180,13,190,18,2341,6,6,6,6,6,NA,NA,NA,NA,2011-12-20 23:52:00,0
2011-12-21 01:00:00,WIND,600702,1,HCM,1,18974,1011,160,13,150,17,48,6,6,6,6,6,NA,NA,NA,NA,2011-12-21 00:51:00,0
2011-12-21 02:00:00,WIND,600702,1,HCM,1,18974,1011,150,14,140,19,143,6,6,6,6,6,NA,NA,NA,NA,2011-12-21 01:51:00,0
2011-12-21 03:00:00,WIND,600702,1,HCM,1,18974,1011,150,14,150,19,157,6,6,6,6,6,NA,NA,NA,NA,2011-12-21 02:51:00,0
2011-12-21 04:00:00,WIND,600702,1,HCM,1,18974,1011,170,13,160,19,348,6,6,6,6,6,NA,NA,NA,NA,2011-12-21 03:51:00,0
2011-12-21 05:00:00,WIND,600702,1,HCM,1,18974,1011,240,11,280,18,441,6,6,6,6,6,NA,NA,NA,NA,2011-12-21 04:51:00,0
2011-12-21 06:00:00,WIND,600702,1,HCM,1,18974,1011,270,15,280,21,516,6,6,6,6,6,NA,NA,NA,NA,2011-12-21 05:51:00,0
2011-12-21 07:00:00,WIND,600702,1,HCM,1,18974,1011,270,17,270,25,630,6,6,6,6,6,NA,NA,NA,NA,2011-12-21 07:31:00,0
2011-12-21 08:00:00,WIND,600702,1,HCM,1,18974,1011,260,17,270,26,655,6,6,6,6,6,NA,NA,NA,NA,2011-12-21 07:51:00,0
2011-12-21 09:00:00,WIND,600702,1,HCM,1,18974,1011,260,16,260,25,832,6,6,6,6,6,NA,NA,NA,NA,2011-12-21 08:54:00,0
2011-12-21 10:00:00,WIND,600702,1,HCM,1,18974,1011,250,17,240,24,918,6,6,6,6,6,NA,NA,NA,NA,2011-12-21 09:51:00,0
2011-12-21 11:00:00,WIND,600702,1,HCM,1,18974,1011,250,19,240,26,1031,6,6,6,6,6,NA,NA,NA,NA,2011-12-21 10:51:00,0
2011-12-21 12:00:00,WIND,600702,1,HCM,1,18974,1011,250,18,240,25,1123,6,6,6,6,6,NA,NA,NA,NA,2011-12-21 11:51:00,0
2011-12-21 13:00:00,WIND,600702,1,HCM,1,18974,1011,250,19,260,28,1243,6,6,6,6,6,NA,NA,NA,NA,2011-12-21 12:51:00,0
2011-12-21 14:00:00,WIND,600702,1,HCM,1,18974,1011,250,18,260,27,1304,6,6,6,6,6,NA,NA,NA,NA,2011-12-21 13:51:00,0
2011-12-21 15:00:00,WIND,600702,1,HCM,1,18974,1011,250,18,260,26,1448,6,6,6,6,6,NA,NA,NA,NA,2011-12-21 14:51:00,0
2011-12-21 16:00:00,WIND,600702,1,HCM,1,18974,1011,260,19,260,27,1452,6,6,6,6,6,NA,NA,NA,NA,2011-12-21 15:58:00,0
2011-12-21 17:00:00,WIND,600702,1,HCM,1,18974,1011,260,19,260,27,1618,6,6,6,6,6,NA,NA,NA,NA,2011-12-21 16:51:00,0
2011-12-21 18:00:00,WIND,600702,1,HCM,1,18974,1011,250,20,250,27,1728,6,6,6,6,6,NA,NA,NA,NA,2011-12-21 17:51:00,0
2011-12-21 19:00:00,WIND,600702,1,HCM,1,18974,1011,250,21,260,28,1752,6,6,6,6,6,NA,NA,NA,NA,2011-12-21 18:51:00,0
2011-12-21 20:00:00,WIND,600702,1,HCM,1,18974,1011,250,24,250,33,1948,6,6,6,6,6,NA,NA,NA,NA,2011-12-21 19:51:00,0
2011-12-21 21:00:00,WIND,600702,1,HCM,1,18974,1011,250,25,250,36,2021,6,6,6,6,6,NA,NA,NA,NA,2011-12-21 20:54:00,0
2011-12-21 22:00:00,WIND,600702,1,HCM,1,18974,1011,250,22,260,34,2052,6,6,6,6,6,NA,NA,NA,NA,2011-12-21 22:46:00,0
2011-12-21 23:00:00,WIND,600702,1,HCM,1,18974,1011,260,21,260,29,2156,6,6,6,6,6,NA,NA,NA,NA,2011-12-21 22:52:00,0
2011-12-22 00:00:00,WIND,600702,1,HCM,1,18974,1011,260,19,250,27,2300,6,6,6,6,6,NA,NA,NA,NA,2011-12-21 23:51:00,0
2011-12-22 01:00:00,WIND,600702,1,HCM,1,18974,1011,250,18,250,26,2353,6,6,6,6,6,NA,NA,NA,NA,2011-12-22 00:51:00,0
2011-12-22 02:00:00,WIND,600702,1,HCM,1,18974,1011,250,17,250,24,101,6,6,6,6,6,NA,NA,NA,NA,2011-12-22 01:51:00,0
2011-12-22 03:00:00,WIND,600702,1,HCM,1,18974,1011,260,16,260,23,151,6,6,6,6,6,NA,NA,NA,NA,2011-12-22 02:51:00,0
2011-12-22 04:00:00,WIND,600702,1,HCM,1,18974,1011,250,16,250,23,332,6,6,6,6,6,NA,NA,NA,NA,2011-12-22 03:51:00,0
2011-12-22 05:00:00,WIND,600702,1,HCM,1,18974,1011,250,17,240,24,442,6,6,6,6,6,NA,NA,NA,NA,2011-12-22 04:51:00,0
2011-12-22 06:00:00,WIND,600702,1,HCM,1,18974,1011,250,18,250,25,528,6,6,6,6,6,NA,NA,NA,NA,2011-12-22 05:51:00,0
2011-12-22 07:00:00,WIND,600702,1,HCM,1,18974,1011,240,18,250,26,604,6,6,6,6,6,NA,NA,NA,NA,2011-12-22 06:51:00,0
2011-12-22 08:00:00,WIND,600702,1,HCM,1,18974,1011,240,19,240,28,748,6,6,6,6,6,NA,NA,NA,NA,2011-12-22 07:51:00,0
2011-12-22 09:00:00,WIND,600702,1,HCM,1,18974,1011,240,18,240,27,829,6,6,6,6,6,NA,NA,NA,NA,2011-12-22 08:54:00,0
2011-12-22 10:00:00,WIND,600702,1,HCM,1,18974,1011,230,19,230,27,938,6,6,6,6,6,NA,NA,NA,NA,2011-12-22 09:51:00,0
2011-12-22 11:00:00,WIND,600702,1,HCM,1,18974,1011,230,21,230,32,1011,6,6,6,6,6,NA,NA,NA,NA,2011-12-22 10:51:00,0
2011-12-22 12:00:00,WIND,600702,1,HCM,1,18974,1011,220,20,220,30,1145,6,6,6,6,6,NA,NA,NA,NA,2011-12-22 11:51:00,0
2011-12-22 13:00:00,WIND,600702,1,HCM,1,18974,1011,220,22,220,32,1235,6,6,6,6,6,NA,NA,NA,NA,2011-12-22 12:51:00,0
2011-12-22 14:00:00,WIND,600702,1,HCM,1,18974,1011,220,23,220,34,1343,6,6,6,6,6,NA,NA,NA,NA,2011-12-22 13:51:00,0
2011-12-22 15:00:00,WIND,600702,1,HCM,1,18974,1011,220,25,220,38,1444,6,6,6,6,6,NA,NA,NA,NA,2011-12-22 14:51:00,0
2011-12-22 16:00:00,WIND,600702,1,HCM,1,18974,1011,220,24,220,35,1457,6,6,6,6,6,NA,NA,NA,NA,2011-12-22 15:51:00,0
2011-12-22 17:00:00,WIND,600702,1,HCM,1,18974,1011,210,24,210,35,1614,6,6,6,6,6,NA,NA,NA,NA,2011-12-22 16:51:00,0
2011-12-22 18:00:00,WIND,600702,1,HCM,1,18974,1011,220,25,210,36,1715,6,6,6,6,6,NA,NA,NA,NA,2011-12-22 17:51:00,0
2011-12-22 19:00:00,WIND,600702,1,HCM,1,18974,1011,220,26,220,38,1807,6,6,6,6,6,NA,NA,NA,NA,2011-12-22 18:51:00,0
2011-12-22 20:00:00,WIND,600702,1,HCM,1,18974,1011,220,26,220,37,1938,6,6,6,6,6,NA,NA,NA,NA,2011-12-22 19:51:00,0
2011-12-22 21:00:00,WIND,600702,1,HCM,1,18974,1011,220,27,220,40,2002,6,6,6,6,6,NA,NA,NA,NA,2011-12-22 20:54:00,0
2011-12-22 22:00:00,WIND,600702,1,HCM,1,18974,1011,240,21,220,36,2050,6,6,6,6,6,NA,NA,NA,NA,2011-12-22 21:51:00,0
2011-12-22 23:00:00,WIND,600702,1,HCM,1,18974,1011,260,17,260,25,2247,6,6,6,6,6,NA,NA,NA,NA,2011-12-22 22:51:00,0
2011-12-23 00:00:00,WIND,600702,1,HCM,1,18974,1011,260,17,270,27,2309,6,6,6,6,6,NA,NA,NA,NA,2011-12-22 23:51:00,0
2011-12-23 01:00:00,WIND,600702,1,HCM,1,18974,1011,270,17,270,25,13,6,6,6,6,6,NA,NA,NA,NA,2011-12-23 00:51:00,0
2011-12-23 02:00:00,WIND,600702,1,HCM,1,18974,1011,270,19,280,30,131,6,6,6,6,6,NA,NA,NA,NA,2011-12-23 01:51:00,0
2011-12-23 03:00:00,WIND,600702,1,HCM,1,18974,1011,280,19,270,27,242,6,6,6,6,6,NA,NA,NA,NA,2011-12-23 02:51:00,0
2011-12-23 04:00:00,WIND,600702,1,HCM,1,18974,1011,280,16,300,33,325,6,6,6,6,6,NA,NA,NA,NA,2011-12-23 03:51:00,0
2011-12-23 05:00:00,WIND,600702,1,HCM,1,18974,1011,270,15,270,25,424,6,6,6,6,6,NA,NA,NA,NA,2011-12-23 04:51:00,0
2011-12-23 06:00:00,WIND,600702,1,HCM,1,18974,1011,270,15,280,21,452,6,6,6,6,6,NA,NA,NA,NA,2011-12-23 05:51:00,0
2011-12-23 07:00:00,WIND,600702,1,HCM,1,18974,1011,280,16,300,25,632,6,6,6,6,6,NA,NA,NA,NA,2011-12-23 06:51:00,0
2011-12-23 08:00:00,WIND,600702,1,HCM,1,18974,1011,290,18,290,32,747,6,6,6,6,6,NA,NA,NA,NA,2011-12-23 07:51:00,0
2011-12-23 09:00:00,WIND,600702,1,HCM,1,18974,1011,290,13,300,27,752,6,6,6,6,6,NA,NA,NA,NA,2011-12-23 08:54:00,0
2011-12-23 10:00:00,WIND,600702,1,HCM,1,18974,1011,280,13,290,33,918,6,6,6,6,6,NA,NA,NA,NA,2011-12-23 09:51:00,0
2011-12-23 11:00:00,WIND,600702,1,HCM,1,18974,1011,280,13,290,34,1048,6,6,6,6,6,NA,NA,NA,NA,2011-12-23 10:52:00,0
2011-12-23 12:00:00,WIND,600702,1,HCM,1,18974,1011,290,16,290,31,1050,6,6,6,6,6,NA,NA,NA,NA,2011-12-23 11:51:00,0
2011-12-23 13:00:00,WIND,600702,1,HCM,1,18974,1011,290,20,290,30,1237,6,6,6,6,6,NA,NA,NA,NA,2011-12-23 12:51:00,0
2011-12-23 14:00:00,WIND,600702,1,HCM,1,18974,1011,300,19,300,30,1335,6,6,6,6,6,NA,NA,NA,NA,2011-12-23 13:51:00,0
2011-12-23 15:00:00,WIND,600702,1,HCM,1,18974,1011,290,16,300,25,1448,6,6,6,6,6,NA,NA,NA,NA,2011-12-23 14:51:00,0
2011-12-23 16:00:00,WIND,600702,1,HCM,1,18974,1011,310,21,310,35,1529,6,6,6,6,6,NA,NA,NA,NA,2011-12-23 15:51:00,0
2011-12-23 17:00:00,WIND,600702,1,HCM,1,18974,1011,320,19,310,31,1607,6,6,6,6,6,NA,NA,NA,NA,2011-12-23 16:51:00,0
2011-12-23 18:00:00,WIND,600702,1,HCM,1,18974,1011,320,18,310,31,1716,6,6,6,6,6,NA,NA,NA,NA,2011-12-23 17:51:00,0
2011-12-23 19:00:00,WIND,600702,1,HCM,1,18974,1011,310,20,300,28,1823,6,6,6,6,6,NA,NA,NA,NA,2011-12-23 18:51:00,0
2011-12-23 20:00:00,WIND,600702,1,HCM,1,18974,1011,300,20,300,33,1911,6,6,6,6,6,NA,NA,NA,NA,2011-12-23 19:51:00,0
2011-12-23 21:00:00,WIND,600702,1,HCM,1,18974,1011,300,19,290,27,2011,6,6,6,6,6,NA,NA,NA,NA,2011-12-23 20:53:00,0
2011-12-23 22:00:00,WIND,600702,1,HCM,1,18974,1011,290,17,290,24,2143,6,6,6,6,6,NA,NA,NA,NA,2011-12-23 21:51:00,0
2011-12-23 23:00:00,WIND,600702,1,HCM,1,18974,1011,290,16,300,31,2207,6,6,6,6,6,NA,NA,NA,NA,2011-12-23 22:51:00,0
2011-12-24 00:00:00,WIND,600702,1,HCM,1,18974,1011,280,14,300,23,2250,6,6,6,6,6,NA,NA,NA,NA,2011-12-23 23:51:00,0
2011-12-24 01:00:00,WIND,600702,1,HCM,1,18974,1011,260,13,270,21,2,6,6,6,6,6,NA,NA,NA,NA,2011-12-24 00:51:00,0
2011-12-24 02:00:00,WIND,600702,1,HCM,1,18974,1011,260,15,250,28,136,6,6,6,6,6,NA,NA,NA,NA,2011-12-24 01:51:00,0
2011-12-24 03:00:00,WIND,600702,1,HCM,1,18974,1011,250,17,250,24,217,6,6,6,6,6,NA,NA,NA,NA,2011-12-24 02:51:00,0
2011-12-24 04:00:00,WIND,600702,1,HCM,1,18974,1011,240,17,250,26,345,6,6,6,6,6,NA,NA,NA,NA,2011-12-24 03:51:00,0
2011-12-24 05:00:00,WIND,600702,1,HCM,1,18974,1011,240,18,230,26,420,6,6,6,6,6,NA,NA,NA,NA,2011-12-24 04:51:00,0
2011-12-24 06:00:00,WIND,600702,1,HCM,1,18974,1011,240,21,250,37,501,6,6,6,6,6,NA,NA,NA,NA,2011-12-24 05:51:00,0
2011-12-24 07:00:00,WIND,600702,1,HCM,1,18974,1011,240,24,230,36,644,6,6,6,6,6,NA,NA,NA,NA,2011-12-24 06:51:00,0
2011-12-24 08:00:00,WIND,600702,1,HCM,1,18974,1011,230,23,240,34,706,6,6,6,6,6,NA,NA,NA,NA,2011-12-24 07:51:00,0
2011-12-24 09:00:00,WIND,600702,1,HCM,1,18974,1011,230,26,220,40,819,6,6,6,6,6,NA,NA,NA,NA,2011-12-24 08:54:00,0
2011-12-24 10:00:00,WIND,600702,1,HCM,1,18974,1011,230,27,230,40,942,6,6,6,6,6,NA,NA,NA,NA,2011-12-24 09:51:00,0
2011-12-24 11:00:00,WIND,600702,1,HCM,1,18974,1011,230,29,230,41,955,6,6,6,6,6,NA,NA,NA,NA,2011-12-24 10:51:00,0
2011-12-24 12:00:00,WIND,600702,1,HCM,1,18974,1011,230,28,230,45,1120,6,6,6,6,6,NA,NA,NA,NA,2011-12-24 11:51:00,0
2011-12-24 13:00:00,WIND,600702,1,HCM,1,18974,1011,240,29,230,42,1206,6,6,6,6,6,NA,NA,NA,NA,2011-12-24 12:51:00,0
2011-12-24 14:00:00,WIND,600702,1,HCM,1,18974,1011,240,28,250,39,1340,6,6,6,6,6,NA,NA,NA,NA,2011-12-24 13:52:00,0
2011-12-24 15:00:00,WIND,600702,1,HCM,1,18974,1011,240,27,240,38,1414,6,6,6,6,6,NA,NA,NA,NA,2011-12-24 14:51:00,0
2011-12-24 16:00:00,WIND,600702,1,HCM,1,18974,1011,250,26,250,37,1458,6,6,6,6,6,NA,NA,NA,NA,2011-12-24 15:51:00,0
2011-12-24 17:00:00,WIND,600702,1,HCM,1,18974,1011,260,24,260,32,1616,6,6,6,6,6,NA,NA,NA,NA,2011-12-24 16:51:00,0
2011-12-24 18:00:00,WIND,600702,1,HCM,1,18974,1011,270,21,280,33,1701,6,6,6,6,6,NA,NA,NA,NA,2011-12-24 17:51:00,0
2011-12-24 19:00:00,WIND,600702,1,HCM,1,18974,1011,260,18,260,25,1834,6,6,6,6,6,NA,NA,NA,NA,2011-12-24 18:52:00,0
2011-12-24 20:00:00,WIND,600702,1,HCM,1,18974,1011,270,17,270,26,1913,6,6,6,6,6,NA,NA,NA,NA,2011-12-24 19:51:00,0
2011-12-24 21:00:00,WIND,600702,1,HCM,1,18974,1011,270,15,260,22,2039,6,6,6,6,6,NA,NA,NA,NA,2011-12-24 20:54:00,0
2011-12-24 22:00:00,WIND,600702,1,HCM,1,18974,1011,260,14,270,21,2117,6,6,6,6,6,NA,NA,NA,NA,2011-12-24 21:51:00,0
2011-12-24 23:00:00,WIND,600702,1,HCM,1,18974,1011,260,12,260,19,2224,6,6,6,6,6,NA,NA,NA,NA,2011-12-24 22:51:00,0
2011-12-25 00:00:00,WIND,600702,1,HCM,1,18974,1011,240,11,230,16,2345,6,6,6,6,6,NA,NA,NA,NA,2011-12-24 23:51:00,0
2011-12-25 01:00:00,WIND,600702,1,HCM,1,18974,1011,240,14,250,22,21,6,6,6,6,6,NA,NA,NA,NA,2011-12-25 00:51:00,0
2011-12-25 02:00:00,WIND,600702,1,HCM,1,18974,1011,230,14,230,28,146,6,6,6,6,6,NA,NA,NA,NA,2011-12-25 01:51:00,0
2011-12-25 03:00:00,WIND,600702,1,HCM,1,18974,1011,240,15,240,29,154,6,6,6,6,6,NA,NA,NA,NA,2011-12-25 02:51:00,0
2011-12-25 04:00:00,WIND,600702,1,HCM,1,18974,1011,220,16,230,27,339,6,6,6,6,6,NA,NA,NA,NA,2011-12-25 03:51:00,0
2011-12-25 05:00:00,WIND,600702,1,HCM,1,18974,1011,230,23,230,34,421,6,6,6,6,6,NA,NA,NA,NA,2011-12-25 04:51:00,0
2011-12-25 06:00:00,WIND,600702,1,HCM,1,18974,1011,230,24,230,34,544,6,6,6,6,6,NA,NA,NA,NA,2011-12-25 05:51:00,0
2011-12-25 07:00:00,WIND,600702,1,HCM,1,18974,1011,230,27,230,38,636,6,6,6,6,6,NA,NA,NA,NA,2011-12-25 06:51:00,0
2011-12-25 08:00:00,WIND,600702,1,HCM,1,18974,1011,230,29,230,42,749,6,6,6,6,6,NA,NA,NA,NA,2011-12-25 07:51:00,0
2011-12-25 09:00:00,WIND,600702,1,HCM,1,18974,1011,230,31,240,47,849,6,6,6,6,6,NA,NA,NA,NA,2011-12-25 08:54:00,0
2011-12-25 10:00:00,WIND,600702,1,HCM,1,18974,1011,240,32,230,47,945,6,6,6,6,6,NA,NA,NA,NA,2011-12-25 09:51:00,0
2011-12-25 11:00:00,WIND,600702,1,HCM,1,18974,1011,230,32,230,45,1021,6,6,6,6,6,NA,NA,NA,NA,2011-12-25 10:51:00,0
2011-12-25 12:00:00,WIND,600702,1,HCM,1,18974,1011,230,30,240,43,1102,6,6,6,6,6,NA,NA,NA,NA,2011-12-25 11:51:00,0
2011-12-25 13:00:00,WIND,600702,1,HCM,1,18974,1011,240,30,240,42,1236,6,6,6,6,6,NA,NA,NA,NA,2011-12-25 12:51:00,0
2011-12-25 14:00:00,WIND,600702,1,HCM,1,18974,1011,240,29,240,41,1326,6,6,6,6,6,NA,NA,NA,NA,2011-12-25 13:51:00,0
2011-12-25 15:00:00,WIND,600702,1,HCM,1,18974,1011,250,27,250,40,1355,6,6,6,6,6,NA,NA,NA,NA,2011-12-25 14:51:00,0
2011-12-25 16:00:00,WIND,600702,1,HCM,1,18974,1011,250,27,250,42,1519,6,6,6,6,6,NA,NA,NA,NA,2011-12-25 15:51:00,0
2011-12-25 17:00:00,WIND,600702,1,HCM,1,18974,1011,260,22,260,35,1551,6,6,6,6,6,NA,NA,NA,NA,2011-12-25 16:51:00,0
2011-12-25 18:00:00,WIND,600702,1,HCM,1,18974,1011,260,18,260,28,1703,6,6,6,6,6,NA,NA,NA,NA,2011-12-25 17:51:00,0
2011-12-25 19:00:00,WIND,600702,1,HCM,1,18974,1011,260,15,260,22,1814,6,6,6,6,6,NA,NA,NA,NA,2011-12-25 18:51:00,0
2011-12-25 20:00:00,WIND,600702,1,HCM,1,18974,1011,260,12,260,20,1932,6,6,6,6,6,NA,NA,NA,NA,2011-12-25 19:51:00,0
2011-12-25 21:00:00,WIND,600702,1,HCM,1,18974,1011,250,13,240,21,2016,6,6,6,6,6,NA,NA,NA,NA,2011-12-25 20:54:00,0
2011-12-25 22:00:00,WIND,600702,1,HCM,1,18974,1011,230,11,230,23,2148,6,6,6,6,6,NA,NA,NA,NA,2011-12-25 21:51:00,0
2011-12-25 23:00:00,WIND,600702,1,HCM,1,18974,1011,230,23,230,36,2248,6,6,6,6,6,NA,NA,NA,NA,2011-12-25 22:51:00,0
2011-12-26 00:00:00,WIND,600702,1,HCM,1,18974,1011,230,27,240,39,2347,6,6,6,6,6,NA,NA,NA,NA,2011-12-25 23:51:00,0
2011-12-26 01:00:00,WIND,600702,1,HCM,1,18974,1011,230,27,240,39,8,6,6,6,6,6,NA,NA,NA,NA,2011-12-26 00:51:00,0
2011-12-26 02:00:00,WIND,600702,1,HCM,1,18974,1011,230,25,230,37,125,6,6,6,6,6,NA,NA,NA,NA,2011-12-26 01:51:00,0
2011-12-26 03:00:00,WIND,600702,1,HCM,1,18974,1011,230,27,220,37,231,6,6,6,6,6,NA,NA,NA,NA,2011-12-26 02:51:00,0
2011-12-26 04:00:00,WIND,600702,1,HCM,1,18974,1011,230,27,230,38,343,6,6,6,6,6,NA,NA,NA,NA,2011-12-26 03:51:00,0
2011-12-26 05:00:00,WIND,600702,1,HCM,1,18974,1011,230,29,220,43,402,6,6,6,6,6,NA,NA,NA,NA,2011-12-26 04:51:00,0
2011-12-26 06:00:00,WIND,600702,1,HCM,1,18974,1011,220,31,220,45,547,6,6,6,6,6,NA,NA,NA,NA,2011-12-26 05:51:00,0
2011-12-26 07:00:00,WIND,600702,1,HCM,1,18974,1011,230,31,230,45,555,6,6,6,6,6,NA,NA,NA,NA,2011-12-26 06:51:00,0
2011-12-26 08:00:00,WIND,600702,1,HCM,1,18974,1011,220,32,220,46,742,6,6,6,6,6,NA,NA,NA,NA,2011-12-26 07:51:00,0
2011-12-26 09:00:00,WIND,600702,1,HCM,1,18974,1011,220,34,220,51,839,6,6,6,6,6,NA,NA,NA,NA,2011-12-26 08:55:00,0
2011-12-26 10:00:00,WIND,600702,1,HCM,1,18974,1011,220,33,220,47,938,6,6,6,6,6,NA,NA,NA,NA,2011-12-26 09:51:00,0
2011-12-26 11:00:00,WIND,600702,1,HCM,1,18974,1011,220,33,220,49,1044,6,6,6,6,6,NA,NA,NA,NA,2011-12-26 10:51:00,0
2011-12-26 12:00:00,WIND,600702,1,HCM,1,18974,1011,220,34,210,53,1137,6,6,6,6,6,NA,NA,NA,NA,2011-12-26 11:51:00,0
2011-12-26 13:00:00,WIND,600702,1,HCM,1,18974,1011,220,34,220,49,1155,6,6,6,6,6,NA,NA,NA,NA,2011-12-26 12:51:00,0
2011-12-26 14:00:00,WIND,600702,1,HCM,1,18974,1011,220,35,220,49,1328,6,6,6,6,6,NA,NA,NA,NA,2011-12-26 13:51:00,0
2011-12-26 15:00:00,WIND,600702,1,HCM,1,18974,1011,220,34,220,50,1357,6,6,6,6,6,NA,NA,NA,NA,2011-12-26 14:51:00,0
2011-12-26 16:00:00,WIND,600702,1,HCM,1,18974,1011,230,33,230,48,1512,6,6,6,6,6,NA,NA,NA,NA,2011-12-26 15:51:00,0
2011-12-26 17:00:00,WIND,600702,1,HCM,1,18974,1011,230,33,240,47,1632,6,6,6,6,6,NA,NA,NA,NA,2011-12-26 16:51:00,0
2011-12-26 18:00:00,WIND,600702,1,HCM,1,18974,1011,270,25,240,47,1657,6,6,6,6,6,NA,NA,NA,NA,2011-12-26 17:51:00,0
2011-12-26 19:00:00,WIND,600702,1,HCM,1,18974,1011,290,19,290,27,1820,6,6,6,6,6,NA,NA,NA,NA,2011-12-26 18:51:00,0
2011-12-26 20:00:00,WIND,600702,1,HCM,1,18974,1011,290,19,290,27,1906,6,6,6,6,6,NA,NA,NA,NA,2011-12-26 19:51:00,0
2011-12-26 21:00:00,WIND,600702,1,HCM,1,18974,1011,290,16,290,26,2044,6,6,6,6,6,NA,NA,NA,NA,2011-12-26 20:54:00,0
2011-12-26 22:00:00,WIND,600702,1,HCM,1,18974,1011,290,16,280,26,2108,6,6,6,6,6,NA,NA,NA,NA,2011-12-26 21:51:00,0
2011-12-26 23:00:00,WIND,600702,1,HCM,1,18974,1011,290,15,300,31,2234,6,6,6,6,6,NA,NA,NA,NA,2011-12-26 22:51:00,0
2011-12-27 00:00:00,WIND,600702,1,HCM,1,18974,1011,290,17,300,25,2322,6,6,6,6,6,NA,NA,NA,NA,2011-12-26 23:51:00,0
2011-12-27 01:00:00,WIND,600702,1,HCM,1,18974,1011,310,17,320,25,1,6,6,6,6,6,NA,NA,NA,NA,2011-12-27 00:51:00,0
2011-12-27 02:00:00,WIND,600702,1,HCM,1,18974,1011,310,14,310,22,55,6,6,6,6,6,NA,NA,NA,NA,2011-12-27 01:51:00,0
2011-12-27 03:00:00,WIND,600702,1,HCM,1,18974,1011,300,13,300,18,211,6,6,6,6,6,NA,NA,NA,NA,2011-12-27 02:51:00,0
2011-12-27 04:00:00,WIND,600702,1,HCM,1,18974,1011,300,10,300,17,258,6,6,6,6,6,NA,NA,NA,NA,2011-12-27 03:51:00,0
2011-12-27 05:00:00,WIND,600702,1,HCM,1,18974,1011,300,7,300,13,402,6,6,6,6,6,NA,NA,NA,NA,2011-12-27 04:51:00,0
2011-12-27 06:00:00,WIND,600702,1,HCM,1,18974,1011,290,5,270,7,450,6,6,6,6,6,NA,NA,NA,NA,2011-12-27 05:51:00,0
2011-12-27 07:00:00,WIND,600702,1,HCM,1,18974,1011,270,4,270,6,615,6,6,6,6,6,NA,NA,NA,NA,2011-12-27 06:51:00,0
2011-12-27 08:00:00,WIND,600702,1,HCM,1,18974,1011,260,3,260,5,654,6,6,6,6,6,NA,NA,NA,NA,2011-12-27 07:51:00,0
2011-12-27 09:00:00,WIND,600702,1,HCM,1,18974,1011,130,2,110,5,844,6,6,6,6,6,NA,NA,NA,NA,2011-12-27 08:53:00,0
2011-12-27 10:00:00,WIND,600702,1,HCM,1,18974,1011,130,8,150,16,949,6,6,6,6,6,NA,NA,NA,NA,2011-12-27 09:51:00,0
2011-12-27 11:00:00,WIND,600702,1,HCM,1,18974,1011,150,14,160,22,1047,6,6,6,6,6,NA,NA,NA,NA,2011-12-27 10:51:00,0
2011-12-27 12:00:00,WIND,600702,1,HCM,1,18974,1011,160,20,150,27,1127,6,6,6,6,6,NA,NA,NA,NA,2011-12-27 11:51:00,0
2011-12-27 13:00:00,WIND,600702,1,HCM,1,18974,1011,160,23,160,31,1209,6,6,6,6,6,NA,NA,NA,NA,2011-12-27 12:51:00,0
2011-12-27 14:00:00,WIND,600702,1,HCM,1,18974,1011,150,25,160,33,1307,6,6,6,6,6,NA,NA,NA,NA,2011-12-27 13:52:00,0
2011-12-27 15:00:00,WIND,600702,1,HCM,1,18974,1011,170,26,170,36,1425,6,6,6,6,6,NA,NA,NA,NA,2011-12-27 14:52:00,0
2011-12-27 16:00:00,WIND,600702,1,HCM,1,18974,1011,180,25,170,34,1453,6,6,6,6,6,NA,NA,NA,NA,2011-12-27 15:51:00,0
2011-12-27 17:00:00,WIND,600702,1,HCM,1,18974,1011,180,24,180,33,1637,6,6,6,6,6,NA,NA,NA,NA,2011-12-27 16:51:00,0
2011-12-27 18:00:00,WIND,600702,1,HCM,1,18974,1011,180,24,180,32,1744,6,6,6,6,6,NA,NA,NA,NA,2011-12-27 17:51:00,0
2011-12-27 19:00:00,WIND,600702,1,HCM,1,18974,1011,180,26,190,35,1801,6,6,6,6,6,NA,NA,NA,NA,2011-12-27 18:51:00,0
2011-12-27 20:00:00,WIND,600702,1,HCM,1,18974,1011,180,26,170,38,1948,6,6,6,6,6,NA,NA,NA,NA,2011-12-27 19:52:00,0
2011-12-27 21:00:00,WIND,600702,1,HCM,1,18974,1011,180,28,180,39,2035,6,6,6,6,6,NA,NA,NA,NA,2011-12-27 20:54:00,0
2011-12-27 22:00:00,WIND,600702,1,HCM,1,18974,1011,180,29,190,39,2129,6,6,6,6,6,NA,NA,NA,NA,2011-12-27 23:30:00,0
2011-12-27 23:00:00,WIND,600702,1,HCM,1,18974,1011,190,32,190,43,2221,6,6,6,6,6,NA,NA,NA,NA,2011-12-27 23:30:00,0
2011-12-28 00:00:00,WIND,600702,1,HCM,1,18974,1011,190,31,190,44,2251,6,6,6,6,6,NA,NA,NA,NA,2011-12-27 23:51:00,0
2011-12-28 01:00:00,WIND,600702,1,HCM,1,18974,1011,210,25,200,40,16,6,6,6,6,6,NA,NA,NA,NA,2011-12-28 01:54:00,0
2011-12-28 02:00:00,WIND,600702,1,HCM,1,18974,1011,230,23,220,37,107,6,6,6,6,6,NA,NA,NA,NA,2011-12-28 01:55:00,0
2011-12-28 03:00:00,WIND,600702,1,HCM,1,18974,1011,230,25,230,40,231,6,6,6,6,6,NA,NA,NA,NA,2011-12-28 02:51:00,0
2011-12-28 04:00:00,WIND,600702,1,HCM,1,18974,1011,230,30,240,47,344,6,6,6,6,6,NA,NA,NA,NA,2011-12-28 05:08:00,0
2011-12-28 05:00:00,WIND,600702,1,HCM,1,18974,1011,230,33,230,50,445,6,6,6,6,6,NA,NA,NA,NA,2011-12-28 05:08:00,0
2011-12-28 06:00:00,WIND,600702,1,HCM,1,18974,1011,230,35,230,51,548,6,6,6,6,6,NA,NA,NA,NA,2011-12-28 05:51:00,0
2011-12-28 07:00:00,WIND,600702,1,HCM,1,18974,1011,230,37,230,56,606,6,6,6,6,6,NA,NA,NA,NA,2011-12-28 06:51:00,0
2011-12-28 08:00:00,WIND,600702,1,HCM,1,18974,1011,240,38,240,54,651,6,6,6,6,6,NA,NA,NA,NA,2011-12-28 07:51:00,0
2011-12-28 09:00:00,WIND,600702,1,HCM,1,18974,1011,260,39,260,60,830,6,6,6,6,6,NA,NA,NA,NA,2011-12-28 08:59:00,0
2011-12-28 10:00:00,WIND,600702,1,HCM,1,18974,1011,270,40,280,57,936,6,6,6,6,6,NA,NA,NA,NA,2011-12-28 10:37:00,0
2011-12-28 11:00:00,WIND,600702,1,HCM,1,18974,1011,270,42,270,61,1009,6,6,6,6,6,NA,NA,NA,NA,2011-12-28 10:51:00,0
2011-12-28 12:00:00,WIND,600702,1,HCM,1,18974,1011,280,42,270,58,1127,6,6,6,6,6,NA,NA,NA,NA,2011-12-28 11:51:00,0
2011-12-28 13:00:00,WIND,600702,1,HCM,1,18974,1011,280,44,290,62,1246,6,6,6,6,6,NA,NA,NA,NA,2011-12-28 12:51:00,0
2011-12-28 14:00:00,WIND,600702,1,HCM,1,18974,1011,290,46,300,67,1344,6,6,6,6,6,NA,NA,NA,NA,2011-12-28 14:43:00,0
2011-12-28 15:00:00,WIND,600702,1,HCM,1,18974,1011,300,48,300,69,1418,6,6,6,6,6,NA,NA,NA,NA,2011-12-28 14:51:00,0
2011-12-28 16:00:00,WIND,600702,1,HCM,1,18974,1011,310,46,310,67,1458,6,6,6,6,6,NA,NA,NA,NA,2011-12-28 15:53:00,0
2011-12-28 17:00:00,WIND,600702,1,HCM,1,18974,1011,310,44,310,66,1550,6,6,6,6,6,NA,NA,NA,NA,2011-12-28 16:51:00,0
2011-12-28 18:00:00,WIND,600702,1,HCM,1,18974,1011,310,41,300,58,1740,6,6,6,6,6,NA,NA,NA,NA,2011-12-28 17:51:00,0
2011-12-28 19:00:00,WIND,600702,1,HCM,1,18974,1011,310,40,320,56,1819,6,6,6,6,6,NA,NA,NA,NA,2011-12-28 18:51:00,0
2011-12-28 20:00:00,WIND,600702,1,HCM,1,18974,1011,310,33,320,45,1909,6,6,6,6,6,NA,NA,NA,NA,2011-12-28 19:51:00,0
2011-12-28 21:00:00,WIND,600702,1,HCM,1,18974,1011,310,30,320,46,2008,6,6,6,6,6,NA,NA,NA,NA,2011-12-28 20:54:00,0
2011-12-28 22:00:00,WIND,600702,1,HCM,1,18974,1011,310,28,300,42,2056,6,6,6,6,6,NA,NA,NA,NA,2011-12-28 21:51:00,0
2011-12-28 23:00:00,WIND,600702,1,HCM,1,18974,1011,300,26,300,39,2150,6,6,6,6,6,NA,NA,NA,NA,2011-12-28 22:51:00,0
2011-12-29 00:00:00,WIND,600702,1,HCM,1,18974,1011,300,22,280,35,2334,6,6,6,6,6,NA,NA,NA,NA,2011-12-28 23:51:00,0
2011-12-29 01:00:00,WIND,600702,1,HCM,1,18974,1011,290,20,270,32,25,6,6,6,6,6,NA,NA,NA,NA,2011-12-29 00:51:00,0
2011-12-29 02:00:00,WIND,600702,1,HCM,1,18974,1011,290,15,280,32,149,6,6,6,6,6,NA,NA,NA,NA,2011-12-29 01:51:00,0
2011-12-29 03:00:00,WIND,600702,1,HCM,1,18974,1011,300,17,300,26,238,6,6,6,6,6,NA,NA,NA,NA,2011-12-29 02:51:00,0
2011-12-29 04:00:00,WIND,600702,1,HCM,1,18974,1011,300,20,280,32,346,6,6,6,6,6,NA,NA,NA,NA,2011-12-29 03:51:00,0
2011-12-29 05:00:00,WIND,600702,1,HCM,1,18974,1011,300,20,300,33,359,6,6,6,6,6,NA,NA,NA,NA,2011-12-29 04:51:00,0
2011-12-29 06:00:00,WIND,600702,1,HCM,1,18974,1011,300,13,320,23,453,6,6,6,6,6,NA,NA,NA,NA,2011-12-29 05:52:00,0
2011-12-29 07:00:00,WIND,600702,1,HCM,1,18974,1011,290,21,310,36,623,6,6,6,6,6,NA,NA,NA,NA,2011-12-29 06:51:00,0
2011-12-29 08:00:00,WIND,600702,1,HCM,1,18974,1011,290,21,290,32,739,6,6,6,6,6,NA,NA,NA,NA,2011-12-29 07:51:00,0
2011-12-29 09:00:00,WIND,600702,1,HCM,1,18974,1011,290,24,300,50,814,6,6,6,6,6,NA,NA,NA,NA,2011-12-29 08:55:00,0
2011-12-29 10:00:00,WIND,600702,1,HCM,1,18974,1011,300,27,290,43,930,6,6,6,6,6,NA,NA,NA,NA,2011-12-29 09:51:00,0
2011-12-29 11:00:00,WIND,600702,1,HCM,1,18974,1011,310,31,310,52,1018,6,6,6,6,6,NA,NA,NA,NA,2011-12-29 10:51:00,0
2011-12-29 12:00:00,WIND,600702,1,HCM,1,18974,1011,310,32,300,53,1119,6,6,6,6,6,NA,NA,NA,NA,2011-12-29 11:51:00,0
2011-12-29 13:00:00,WIND,600702,1,HCM,1,18974,1011,310,30,320,55,1220,6,6,6,6,6,NA,NA,NA,NA,2011-12-29 12:51:00,0
2011-12-29 14:00:00,WIND,600702,1,HCM,1,18974,1011,310,32,320,50,1339,6,6,6,6,6,NA,NA,NA,NA,2011-12-29 13:52:00,0
2011-12-29 15:00:00,WIND,600702,1,HCM,1,18974,1011,310,31,320,51,1433,6,6,6,6,6,NA,NA,NA,NA,2011-12-29 14:51:00,0
2011-12-29 16:00:00,WIND,600702,1,HCM,1,18974,1011,310,28,320,53,1506,6,6,6,6,6,NA,NA,NA,NA,2011-12-29 15:51:00,0
2011-12-29 17:00:00,WIND,600702,1,HCM,1,18974,1011,310,29,320,43,1553,6,6,6,6,6,NA,NA,NA,NA,2011-12-29 16:51:00,0
2011-12-29 18:00:00,WIND,600702,1,HCM,1,18974,1011,320,30,320,53,1727,6,6,6,6,6,NA,NA,NA,NA,2011-12-29 17:51:00,0
2011-12-29 19:00:00,WIND,600702,1,HCM,1,18974,1011,310,27,310,42,1808,6,6,6,6,6,NA,NA,NA,NA,2011-12-29 18:51:00,0
2011-12-29 20:00:00,WIND,600702,1,HCM,1,18974,1011,320,27,320,37,1944,6,6,6,6,6,NA,NA,NA,NA,2011-12-29 19:51:00,0
2011-12-29 21:00:00,WIND,600702,1,HCM,1,18974,1011,330,24,320,35,2005,6,6,6,6,6,NA,NA,NA,NA,2011-12-29 20:54:00,0
2011-12-29 22:00:00,WIND,600702,1,HCM,1,18974,1011,310,22,300,34,2112,6,6,6,6,6,NA,NA,NA,NA,2011-12-29 21:51:00,0
2011-12-29 23:00:00,WIND,600702,1,HCM,1,18974,1011,320,20,320,30,2226,6,6,6,6,6,NA,NA,NA,NA,2011-12-29 22:51:00,0
2011-12-30 00:00:00,WIND,600702,1,HCM,1,18974,1011,330,20,340,31,2257,6,6,6,6,6,NA,NA,NA,NA,2011-12-29 23:51:00,0
2011-12-30 01:00:00,WIND,600702,1,HCM,1,18974,1011,330,17,320,26,27,6,6,6,6,6,NA,NA,NA,NA,2011-12-30 00:51:00,0
2011-12-30 02:00:00,WIND,600702,1,HCM,1,18974,1011,330,16,330,30,105,6,6,6,6,6,NA,NA,NA,NA,2011-12-30 01:51:00,0
2011-12-30 03:00:00,WIND,600702,1,HCM,1,18974,1011,320,14,320,22,216,6,6,6,6,6,NA,NA,NA,NA,2011-12-30 02:51:00,0
2011-12-30 04:00:00,WIND,600702,1,HCM,1,18974,1011,320,9,320,14,327,6,6,6,6,6,NA,NA,NA,NA,2011-12-30 03:51:00,0
2011-12-30 05:00:00,WIND,600702,1,HCM,1,18974,1011,320,8,320,13,436,6,6,6,6,6,NA,NA,NA,NA,2011-12-30 04:51:00,0
2011-12-30 06:00:00,WIND,600702,1,HCM,1,18974,1011,280,6,290,13,500,6,6,6,6,6,NA,NA,NA,NA,2011-12-30 05:51:00,0
2011-12-30 07:00:00,WIND,600702,1,HCM,1,18974,1011,270,6,290,9,614,6,6,6,6,6,NA,NA,NA,NA,2011-12-30 06:51:00,0
2011-12-30 08:00:00,WIND,600702,1,HCM,1,18974,1011,240,5,250,8,707,6,6,6,6,6,NA,NA,NA,NA,2011-12-30 07:51:00,0
2011-12-30 09:00:00,WIND,600702,1,HCM,1,18974,1011,240,7,250,12,817,6,6,6,6,6,NA,NA,NA,NA,2011-12-30 08:54:00,0
2011-12-30 10:00:00,WIND,600702,1,HCM,1,18974,1011,200,8,190,13,946,6,6,6,6,6,NA,NA,NA,NA,2011-12-30 09:51:00,0
2011-12-30 11:00:00,WIND,600702,1,HCM,1,18974,1011,180,15,160,21,1049,6,6,6,6,6,NA,NA,NA,NA,2011-12-30 10:51:00,0
2011-12-30 12:00:00,WIND,600702,1,HCM,1,18974,1011,170,22,160,31,1146,6,6,6,6,6,NA,NA,NA,NA,2011-12-30 11:51:00,0
2011-12-30 13:00:00,WIND,600702,1,HCM,1,18974,1011,170,26,180,34,1242,6,6,6,6,6,NA,NA,NA,NA,2011-12-30 12:51:00,0
2011-12-30 14:00:00,WIND,600702,1,HCM,1,18974,1011,180,25,180,33,1321,6,6,6,6,6,NA,NA,NA,NA,2011-12-30 13:51:00,0
2011-12-30 15:00:00,WIND,600702,1,HCM,1,18974,1011,190,19,190,29,1350,6,6,6,6,6,NA,NA,NA,NA,2011-12-30 14:51:00,0
2011-12-30 16:00:00,WIND,600702,1,HCM,1,18974,1011,240,15,240,22,1518,6,6,6,6,6,NA,NA,NA,NA,2011-12-30 15:51:00,0
2011-12-30 17:00:00,WIND,600702,1,HCM,1,18974,1011,250,16,250,22,1612,6,6,6,6,6,NA,NA,NA,NA,2011-12-30 16:51:00,0
2011-12-30 18:00:00,WIND,600702,1,HCM,1,18974,1011,260,18,260,26,1743,6,6,6,6,6,NA,NA,NA,NA,2011-12-30 17:51:00,0
2011-12-30 19:00:00,WIND,600702,1,HCM,1,18974,1011,260,20,260,27,1823,6,6,6,6,6,NA,NA,NA,NA,2011-12-30 18:51:00,0
2011-12-30 20:00:00,WIND,600702,1,HCM,1,18974,1011,260,19,260,27,1853,6,6,6,6,6,NA,NA,NA,NA,2011-12-30 19:51:00,0
2011-12-30 21:00:00,WIND,600702,1,HCM,1,18974,1011,270,21,280,29,1958,6,6,6,6,6,NA,NA,NA,NA,2011-12-30 20:54:00,0
2011-12-30 22:00:00,WIND,600702,1,HCM,1,18974,1011,270,18,280,25,2136,6,6,6,6,6,NA,NA,NA,NA,2011-12-30 21:51:00,0
2011-12-30 23:00:00,WIND,600702,1,HCM,1,18974,1011,270,17,270,26,2218,6,6,6,6,6,NA,NA,NA,NA,2011-12-30 22:51:00,0
2011-12-31 00:00:00,WIND,600702,1,HCM,1,18974,1011,270,19,270,28,2310,6,6,6,6,6,NA,NA,NA,NA,2011-12-30 23:51:00,0
2011-12-31 01:00:00,WIND,600702,1,HCM,1,18974,1011,280,18,280,27,20,6,6,6,6,6,NA,NA,NA,NA,2011-12-31 00:51:00,0
2011-12-31 02:00:00,WIND,600702,1,HCM,1,18974,1011,270,15,270,24,119,6,6,6,6,6,NA,NA,NA,NA,2011-12-31 01:51:00,0
2011-12-31 03:00:00,WIND,600702,1,HCM,1,18974,1011,280,15,280,25,245,6,6,6,6,6,NA,NA,NA,NA,2011-12-31 02:51:00,0
2011-12-31 04:00:00,WIND,600702,1,HCM,1,18974,1011,270,16,270,25,332,6,6,6,6,6,NA,NA,NA,NA,2011-12-31 03:51:00,0
2011-12-31 05:00:00,WIND,600702,1,HCM,1,18974,1011,260,12,280,20,355,6,6,6,6,6,NA,NA,NA,NA,2011-12-31 04:51:00,0
2011-12-31 06:00:00,WIND,600702,1,HCM,1,18974,1011,250,10,250,16,535,6,6,6,6,6,NA,NA,NA,NA,2011-12-31 05:51:00,0
2011-12-31 07:00:00,WIND,600702,1,HCM,1,18974,1011,220,11,220,19,648,6,6,6,6,6,NA,NA,NA,NA,2011-12-31 06:51:00,0
2011-12-31 08:00:00,WIND,600702,1,HCM,1,18974,1011,210,12,190,19,749,6,6,6,6,6,NA,NA,NA,NA,2011-12-31 07:51:00,0
2011-12-31 09:00:00,WIND,600702,1,HCM,1,18974,1011,210,17,210,27,824,6,6,6,6,6,NA,NA,NA,NA,2011-12-31 08:54:00,0
2011-12-31 10:00:00,WIND,600702,1,HCM,1,18974,1011,220,19,220,29,919,6,6,6,6,6,NA,NA,NA,NA,2011-12-31 09:51:00,0
2011-12-31 11:00:00,WIND,600702,1,HCM,1,18974,1011,230,19,230,28,1026,6,6,6,6,6,NA,NA,NA,NA,2011-12-31 10:51:00,0
2011-12-31 12:00:00,WIND,600702,1,HCM,1,18974,1011,230,19,240,27,1054,6,6,6,6,6,NA,NA,NA,NA,2011-12-31 11:51:00,0
2011-12-31 13:00:00,WIND,600702,1,HCM,1,18974,1011,230,19,230,27,1214,6,6,6,6,6,NA,NA,NA,NA,2011-12-31 12:51:00,0
2011-12-31 14:00:00,WIND,600702,1,HCM,1,18974,1011,240,19,240,30,1339,6,6,6,6,6,NA,NA,NA,NA,2011-12-31 13:51:00,0
2011-12-31 15:00:00,WIND,600702,1,HCM,1,18974,1011,240,19,250,27,1442,6,6,6,6,6,NA,NA,NA,NA,2011-12-31 14:51:00,0
2011-12-31 16:00:00,WIND,600702,1,HCM,1,18974,1011,240,17,250,25,1454,6,6,6,6,6,NA,NA,NA,NA,2011-12-31 15:51:00,0
2011-12-31 17:00:00,WIND,600702,1,HCM,1,18974,1011,240,16,230,22,1631,6,6,6,6,6,NA,NA,NA,NA,2011-12-31 16:51:00,0
2011-12-31 18:00:00,WIND,600702,1,HCM,1,18974,1011,240,17,230,28,1742,6,6,6,6,6,NA,NA,NA,NA,2011-12-31 17:51:00,0
2011-12-31 19:00:00,WIND,600702,1,HCM,1,18974,1011,240,20,240,30,1757,6,6,6,6,6,NA,NA,NA,NA,2011-12-31 18:51:00,0
2011-12-31 20:00:00,WIND,600702,1,HCM,1,18974,1011,240,20,240,32,1853,6,6,6,6,6,NA,NA,NA,NA,2011-12-31 19:51:00,0
2011-12-31 21:00:00,WIND,600702,1,HCM,1,18974,1011,230,21,230,34,2035,6,6,6,6,6,NA,NA,NA,NA,2011-12-31 20:53:00,0
2011-12-31 22:00:00,WIND,600702,1,HCM,1,18974,1011,230,20,230,35,2125,6,6,6,6,6,NA,NA,NA,NA,2011-12-31 21:51:00,0
2011-12-31 23:00:00,WIND,600702,1,HCM,1,18974,1011,230,20,230,32,2243,6,6,6,6,6,NA,NA,NA,NA,2011-12-31 22:51:00,0
end data
