Conventions,G,BADC-CSV,1
title,G,uk-mean-wind-obs
source,G,Met Office MIDAS database
creator,G,Met Office
activity,G,Met Office MIDAS Open: UK Land Surface Stations Data
feature_type,G,point series
collection_name,G,midas-open
collection_version_number,G,dataset-version-202207
history,G,Created 2022-07-29
last_revised_date,G,2022-07-29
observation_station,G,tiree
historic_county_name,G,argyll-in-strathclyde-region
midas_station_id,G,18974
location,G,56.500,-6.881
height,G,9,m
date_valid,G,2019-01-01 00:00:00,2019-12-31 23:59:59
midas_qc_version_number,G,1
comments,G,The midas_qc_version_number indicates if the data are original received message (0) or current best version (1)
comments,G,This file contains station observations
comments,G,missing values are identified with the missing data flag
missing_value,G,NA
coordinate_variable,ob_end_time,t
long_name,ob_end_time,Date at end of observation period,s
type,ob_end_time,char
comments,ob_end_time,Date and time (YYYY-MM-DD HH:MM:SS) at the end of the observation period
long_name,id,station identifier,1
type,id,char
comments,id,a station may have more than one id assigned to it designated by the id_type
long_name,id_type,identifier type,1
type,id_type,char
comments,id_type,a station may have more than one id assigned to it defined by id_type
long_name,ob_hour_count,Observation hour count,hours
type,ob_hour_count,int
long_name,version_num,midas qc version number,1
type,version_num,int
comments,version_num,The midas_qc_version_number indicates if the data are original received message (0) or current best version (1)
long_name,met_domain_name,message type,1
type,met_domain_name,char
comments,met_domain_name,message type (see MIDAS documentation)
long_name,src_id,unique source identifier or station site number,1
type,src_id,int
comments,src_id,unique source identifier or station site number
long_name,rec_st_ind,state indicator for the record,1
type,rec_st_ind,int
comments,rec_st_ind,state indicator for the current stage in the life of the record (see MIDAS documentation)
long_name,mean_wind_dir,Mean wind direciton,deg true
type,mean_wind_dir,int
long_name,mean_wind_speed,Mean wind speed,knots
type,mean_wind_speed,float
long_name,max_gust_dir,Direction of maximum wind gust,deg true
type,max_gust_dir,int
long_name,max_gust_speed,Speed of maximum wind gust,knots
type,max_gust_speed,float
long_name,max_gust_ctime,Clock time of maximum gust HHMM,s
type,max_gust_ctime,char
long_name,mean_wind_dir_q,QC code: Mean wind direction,1
type,mean_wind_dir_q,int
long_name,mean_wind_speed_q,QC code: Mean wind speed,1
type,mean_wind_speed_q,int
long_name,max_gust_dir_q,QC code: Direction of maximum wind gust,1
type,max_gust_dir_q,int
long_name,max_gust_speed_q,QC code: Speed of maximum wind gust,1
type,max_gust_speed_q,int
long_name,max_gust_ctime_q,QC code: Clock time of maximum gust HHMM,1
type,max_gust_ctime_q,int
long_name,mean_wind_dir_j,Descriptor: Mean wind direction,1
type,mean_wind_dir_j,char
long_name,mean_wind_speed_j,Descriptor: Mean wind speed,1
type,mean_wind_speed_j,char
long_name,max_gust_dir_j,Descriptor: Direction of maximum wind gust,1
type,max_gust_dir_j,char
long_name,max_gust_speed_j,Descriptor: Speed of maximum wind gust,1
type,max_gust_speed_j,char
long_name,meto_stmp_time,Met Office receipt stamp time,s
type,meto_stmp_time,char
comments,meto_stmp_time,Met Office receipt stampe time in format (YYYY-MM-DD HH:MM:SS)
long_name,midas_stmp_etime,Elapsed time to storage in MIDAS,minutes
type,midas_stmp_etime,int
data
ob_end_time,id_type,id,ob_hour_count,met_domain_name,version_num,src_id,rec_st_ind,mean_wind_dir,mean_wind_speed,max_gust_dir,max_gust_speed,max_gust_ctime,mean_wind_dir_q,mean_wind_speed_q,max_gust_dir_q,max_gust_speed_q,max_gust_ctime_q,mean_wind_dir_j,mean_wind_speed_j,max_gust_dir_j,max_gust_speed_j,meto_stmp_time,midas_stmp_etime
2019-01-01 00:00:00,WIND,600702,1,HCM,1,18974,1011,310,14,300,20,2341,6,6,6,6,6,NA,NA,NA,NA,2018-12-31 23:53:00,0
2019-01-01 01:00:00,WIND,600702,1,HCM,1,18974,1011,320,15,320,22,34,6,6,6,6,6,NA,NA,NA,NA,2019-01-01 00:53:00,0
2019-01-01 02:00:00,WIND,600702,1,HCM,1,18974,1011,310,14,330,21,56,6,6,6,6,6,NA,NA,NA,NA,2019-01-01 01:52:00,0
2019-01-01 03:00:00,WIND,600702,1,HCM,1,18974,1011,320,14,310,19,214,6,6,6,6,6,NA,NA,NA,NA,2019-01-01 02:53:00,0
2019-01-01 04:00:00,WIND,600702,1,HCM,1,18974,1011,320,14,320,21,323,6,6,6,6,6,NA,NA,NA,NA,2019-01-01 03:53:00,0
2019-01-01 05:00:00,WIND,600702,1,HCM,1,18974,1011,320,14,310,22,357,6,6,6,6,6,NA,NA,NA,NA,2019-01-01 04:53:00,0
2019-01-01 06:00:00,WIND,600702,1,HCM,1,18974,1011,330,16,340,24,528,6,6,6,6,6,NA,NA,NA,NA,2019-01-01 05:54:00,0
2019-01-01 07:00:00,WIND,600702,1,HCM,1,18974,1011,340,15,350,23,558,6,6,6,6,6,NA,NA,NA,NA,2019-01-01 06:53:00,0
2019-01-01 08:00:00,WIND,600702,1,HCM,1,18974,1011,350,14,350,21,705,6,6,6,6,6,NA,NA,NA,NA,2019-01-01 07:53:00,0
2019-01-01 09:00:00,WIND,600702,1,HCM,1,18974,1011,350,13,350,21,813,6,6,6,6,6,NA,NA,NA,NA,2019-01-01 08:54:00,0
2019-01-01 10:00:00,WIND,600702,1,HCM,1,18974,1011,340,13,330,19,856,6,6,6,6,6,NA,NA,NA,NA,2019-01-01 09:53:00,0
2019-01-01 11:00:00,WIND,600702,1,HCM,1,18974,1011,360,12,360,18,955,6,6,6,6,6,NA,NA,NA,NA,2019-01-01 10:52:00,0
2019-01-01 12:00:00,WIND,600702,1,HCM,1,18974,1011,20,11,20,17,1105,6,6,6,6,6,NA,NA,NA,NA,2019-01-01 11:53:00,0
2019-01-01 13:00:00,WIND,600702,1,HCM,1,18974,1011,20,12,20,17,1213,6,6,6,6,6,NA,NA,NA,NA,2019-01-01 12:53:00,0
2019-01-01 14:00:00,WIND,600702,1,HCM,1,18974,1011,20,11,10,17,1253,6,6,6,6,6,NA,NA,NA,NA,2019-01-01 13:53:00,0
2019-01-01 15:00:00,WIND,600702,1,HCM,1,18974,1011,20,11,20,15,1424,6,6,6,6,6,NA,NA,NA,NA,2019-01-01 14:53:00,0
2019-01-01 16:00:00,WIND,600702,1,HCM,1,18974,1011,20,10,20,14,1531,6,6,6,6,6,NA,NA,NA,NA,2019-01-01 15:53:00,0
2019-01-01 17:00:00,WIND,600702,1,HCM,1,18974,1011,10,11,360,16,1643,6,6,6,6,6,NA,NA,NA,NA,2019-01-01 16:53:00,0
2019-01-01 18:00:00,WIND,600702,1,HCM,1,18974,1011,10,12,10,16,1727,6,6,6,6,6,NA,NA,NA,NA,2019-01-01 17:53:00,0
2019-01-01 19:00:00,WIND,600702,1,HCM,1,18974,1011,20,10,360,14,1750,6,6,6,6,6,NA,NA,NA,NA,2019-01-01 18:52:00,0
2019-01-01 20:00:00,WIND,600702,1,HCM,1,18974,1011,30,8,20,12,1850,6,6,6,6,6,NA,NA,NA,NA,2019-01-01 19:53:00,0
2019-01-01 21:00:00,WIND,600702,1,HCM,1,18974,1011,60,8,60,11,2019,6,6,6,6,6,NA,NA,NA,NA,2019-01-01 20:54:00,0
2019-01-01 22:00:00,WIND,600702,1,HCM,1,18974,1011,60,9,60,12,2113,6,6,6,6,6,NA,NA,NA,NA,2019-01-01 21:52:00,0
2019-01-01 23:00:00,WIND,600702,1,HCM,1,18974,1011,50,7,50,9,2154,6,6,6,6,6,NA,NA,NA,NA,2019-01-01 22:56:00,0
2019-01-02 00:00:00,WIND,600702,1,HCM,1,18974,1011,50,8,50,9,2326,6,6,6,6,6,NA,NA,NA,NA,2019-01-01 23:54:00,0
2019-01-02 01:00:00,WIND,600702,1,HCM,1,18974,1011,70,5,80,8,15,6,6,6,6,6,NA,NA,NA,NA,2019-01-02 00:53:00,0
2019-01-02 02:00:00,WIND,600702,1,HCM,1,18974,1011,90,3,90,6,54,6,6,6,6,6,NA,NA,NA,NA,2019-01-02 01:53:00,0
2019-01-02 03:00:00,WIND,600702,1,HCM,1,18974,1011,100,5,120,8,240,6,6,6,6,6,NA,NA,NA,NA,2019-01-02 02:53:00,0
2019-01-02 04:00:00,WIND,600702,1,HCM,1,18974,1011,130,7,120,12,347,6,6,6,6,6,NA,NA,NA,NA,2019-01-02 03:51:00,0
2019-01-02 05:00:00,WIND,600702,1,HCM,1,18974,1011,130,9,130,12,420,6,6,6,6,6,NA,NA,NA,NA,2019-01-02 04:53:00,0
2019-01-02 06:00:00,WIND,600702,1,HCM,1,18974,1011,120,8,120,13,502,6,6,6,6,6,NA,NA,NA,NA,2019-01-02 05:53:00,0
2019-01-02 07:00:00,WIND,600702,1,HCM,1,18974,1011,120,9,120,13,628,6,6,6,6,6,NA,NA,NA,NA,2019-01-02 06:53:00,0
2019-01-02 08:00:00,WIND,600702,1,HCM,1,18974,1011,120,9,120,13,700,6,6,6,6,6,NA,NA,NA,NA,2019-01-02 07:52:00,0
2019-01-02 09:00:00,WIND,600702,1,HCM,1,18974,1011,120,9,130,13,815,6,6,6,6,6,NA,NA,NA,NA,2019-01-02 08:54:00,0
2019-01-02 10:00:00,WIND,600702,1,HCM,1,18974,1011,130,12,140,18,949,6,6,6,6,6,NA,NA,NA,NA,2019-01-02 09:51:00,0
2019-01-02 11:00:00,WIND,600702,1,HCM,1,18974,1011,130,15,130,21,1020,6,6,6,6,6,NA,NA,NA,NA,2019-01-02 10:51:00,0
2019-01-02 12:00:00,WIND,600702,1,HCM,1,18974,1011,150,15,140,21,1111,6,6,6,6,6,NA,NA,NA,NA,2019-01-02 11:51:00,0
2019-01-02 13:00:00,WIND,600702,1,HCM,1,18974,1011,160,14,150,19,1229,6,6,6,6,6,NA,NA,NA,NA,2019-01-02 12:51:00,0
2019-01-02 14:00:00,WIND,600702,1,HCM,1,18974,1011,170,14,170,19,1313,6,6,6,6,6,NA,NA,NA,NA,2019-01-02 13:51:00,0
2019-01-02 15:00:00,WIND,600702,1,HCM,1,18974,1011,170,14,160,20,1436,6,6,6,6,6,NA,NA,NA,NA,2019-01-02 14:51:00,0
2019-01-02 16:00:00,WIND,600702,1,HCM,1,18974,1011,190,11,180,16,1453,6,6,6,6,6,NA,NA,NA,NA,2019-01-02 15:51:00,0
2019-01-02 17:00:00,WIND,600702,1,HCM,1,18974,1011,190,12,180,17,1554,6,6,6,6,6,NA,NA,NA,NA,2019-01-02 16:51:00,0
2019-01-02 18:00:00,WIND,600702,1,HCM,1,18974,1011,190,12,180,18,1745,6,6,6,6,6,NA,NA,NA,NA,2019-01-02 17:51:00,0
2019-01-02 19:00:00,WIND,600702,1,HCM,1,18974,1011,180,14,180,19,1826,6,6,6,6,6,NA,NA,NA,NA,2019-01-02 18:51:00,0
2019-01-02 20:00:00,WIND,600702,1,HCM,1,18974,1011,170,15,180,20,1903,6,6,6,6,6,NA,NA,NA,NA,2019-01-02 19:51:00,0
2019-01-02 21:00:00,WIND,600702,1,HCM,1,18974,1011,170,14,170,19,2033,6,6,6,6,6,NA,NA,NA,NA,2019-01-02 20:53:00,0
2019-01-02 22:00:00,WIND,600702,1,HCM,1,18974,1011,170,13,170,18,2145,6,6,6,6,6,NA,NA,NA,NA,2019-01-02 21:51:00,0
2019-01-02 23:00:00,WIND,600702,1,HCM,1,18974,1011,180,12,170,17,2244,6,6,6,6,6,NA,NA,NA,NA,2019-01-02 22:51:00,0
2019-01-03 00:00:00,WIND,600702,1,HCM,1,18974,1011,200,8,190,16,2254,6,6,6,6,6,NA,NA,NA,NA,2019-01-02 23:51:00,0
2019-01-03 01:00:00,WIND,600702,1,HCM,1,18974,1011,190,8,180,14,18,6,6,6,6,6,NA,NA,NA,NA,2019-01-03 00:51:00,0
2019-01-03 02:00:00,WIND,600702,1,HCM,1,18974,1011,190,11,180,16,142,6,6,6,6,6,NA,NA,NA,NA,2019-01-03 01:51:00,0
2019-01-03 03:00:00,WIND,600702,1,HCM,1,18974,1011,180,12,170,16,246,6,6,6,6,6,NA,NA,NA,NA,2019-01-03 02:51:00,0
2019-01-03 04:00:00,WIND,600702,1,HCM,1,18974,1011,170,13,170,17,305,6,6,6,6,6,NA,NA,NA,NA,2019-01-03 03:51:00,0
2019-01-03 05:00:00,WIND,600702,1,HCM,1,18974,1011,170,14,170,18,413,6,6,6,6,6,NA,NA,NA,NA,2019-01-03 04:51:00,0
2019-01-03 06:00:00,WIND,600702,1,HCM,1,18974,1011,180,12,160,17,546,6,6,6,6,6,NA,NA,NA,NA,2019-01-03 05:51:00,0
2019-01-03 07:00:00,WIND,600702,1,HCM,1,18974,1011,150,13,160,17,552,6,6,6,6,6,NA,NA,NA,NA,2019-01-03 06:51:00,0
2019-01-03 08:00:00,WIND,600702,1,HCM,1,18974,1011,150,11,150,16,715,6,6,6,6,6,NA,NA,NA,NA,2019-01-03 07:51:00,0
2019-01-03 09:00:00,WIND,600702,1,HCM,1,18974,1011,160,12,170,16,820,6,6,6,6,6,NA,NA,NA,NA,2019-01-03 08:53:00,0
2019-01-03 10:00:00,WIND,600702,1,HCM,1,18974,1011,160,11,160,16,909,6,6,6,6,6,NA,NA,NA,NA,2019-01-03 09:51:00,0
2019-01-03 11:00:00,WIND,600702,1,HCM,1,18974,1011,190,9,180,14,1018,6,6,6,6,6,NA,NA,NA,NA,2019-01-03 10:54:00,0
2019-01-03 12:00:00,WIND,600702,1,HCM,1,18974,1011,180,12,180,21,1125,6,6,6,6,6,NA,NA,NA,NA,2019-01-03 11:52:00,0
2019-01-03 13:00:00,WIND,600702,1,HCM,1,18974,1011,190,12,180,19,1228,6,6,6,6,6,NA,NA,NA,NA,2019-01-03 12:51:00,0
2019-01-03 14:00:00,WIND,600702,1,HCM,1,18974,1011,180,14,180,19,1327,6,6,6,6,6,NA,NA,NA,NA,2019-01-03 13:53:00,0
2019-01-03 15:00:00,WIND,600702,1,HCM,1,18974,1011,180,13,180,18,1421,6,6,6,6,6,NA,NA,NA,NA,2019-01-03 14:53:00,0
2019-01-03 16:00:00,WIND,600702,1,HCM,1,18974,1011,190,13,180,19,1509,6,6,6,6,6,NA,NA,NA,NA,2019-01-03 15:52:00,0
2019-01-03 17:00:00,WIND,600702,1,HCM,1,18974,1011,180,12,190,19,1557,6,6,6,6,6,NA,NA,NA,NA,2019-01-03 16:52:00,0
2019-01-03 18:00:00,WIND,600702,1,HCM,1,18974,1011,190,11,180,17,1719,6,6,6,6,6,NA,NA,NA,NA,2019-01-03 17:51:00,0
2019-01-03 19:00:00,WIND,600702,1,HCM,1,18974,1011,200,8,200,11,1750,6,6,6,6,6,NA,NA,NA,NA,2019-01-03 18:51:00,0
2019-01-03 20:00:00,WIND,600702,1,HCM,1,18974,1011,190,8,190,11,1930,6,6,6,6,6,NA,NA,NA,NA,2019-01-03 19:51:00,0
2019-01-03 21:00:00,WIND,600702,1,HCM,1,18974,1011,190,8,170,13,2003,6,6,6,6,6,NA,NA,NA,NA,2019-01-03 20:54:00,0
2019-01-03 22:00:00,WIND,600702,1,HCM,1,18974,1011,190,9,180,13,2100,6,6,6,6,6,NA,NA,NA,NA,2019-01-03 21:51:00,0
2019-01-03 23:00:00,WIND,600702,1,HCM,1,18974,1011,180,10,190,15,2210,6,6,6,6,6,NA,NA,NA,NA,2019-01-03 22:51:00,0
2019-01-04 00:00:00,WIND,600702,1,HCM,1,18974,1011,180,11,180,15,2338,6,6,6,6,6,NA,NA,NA,NA,2019-01-03 23:51:00,0
2019-01-04 01:00:00,WIND,600702,1,HCM,1,18974,1011,180,12,190,17,43,6,6,6,6,6,NA,NA,NA,NA,2019-01-04 00:51:00,0
2019-01-04 02:00:00,WIND,600702,1,HCM,1,18974,1011,190,11,190,16,107,6,6,6,6,6,NA,NA,NA,NA,2019-01-04 01:52:00,0
2019-01-04 03:00:00,WIND,600702,1,HCM,1,18974,1011,200,9,210,14,216,6,6,6,6,6,NA,NA,NA,NA,2019-01-04 02:51:00,0
2019-01-04 04:00:00,WIND,600702,1,HCM,1,18974,1011,200,10,200,16,304,6,6,6,6,6,NA,NA,NA,NA,2019-01-04 03:52:00,0
2019-01-04 05:00:00,WIND,600702,1,HCM,1,18974,1011,220,10,230,15,429,6,6,6,6,6,NA,NA,NA,NA,2019-01-04 04:51:00,0
2019-01-04 06:00:00,WIND,600702,1,HCM,1,18974,1011,220,12,220,17,534,6,6,6,6,6,NA,NA,NA,NA,2019-01-04 05:51:00,0
2019-01-04 07:00:00,WIND,600702,1,HCM,1,18974,1011,220,11,220,19,619,6,6,6,6,6,NA,NA,NA,NA,2019-01-04 06:51:00,0
2019-01-04 08:00:00,WIND,600702,1,HCM,1,18974,1011,210,10,230,17,711,6,6,6,6,6,NA,NA,NA,NA,2019-01-04 07:51:00,0
2019-01-04 09:00:00,WIND,600702,1,HCM,1,18974,1011,210,10,210,15,836,6,6,6,6,6,NA,NA,NA,NA,2019-01-04 08:53:00,0
2019-01-04 10:00:00,WIND,600702,1,HCM,1,18974,1011,200,9,200,14,938,6,6,6,6,6,NA,NA,NA,NA,2019-01-04 09:51:00,0
2019-01-04 11:00:00,WIND,600702,1,HCM,1,18974,1011,210,9,220,14,1027,6,6,6,6,6,NA,NA,NA,NA,2019-01-04 10:51:00,0
2019-01-04 12:00:00,WIND,600702,1,HCM,1,18974,1011,200,10,210,17,1114,6,6,6,6,6,NA,NA,NA,NA,2019-01-04 11:51:00,0
2019-01-04 13:00:00,WIND,600702,1,HCM,1,18974,1011,210,9,220,16,1241,6,6,6,6,6,NA,NA,NA,NA,2019-01-04 12:51:00,0
2019-01-04 14:00:00,WIND,600702,1,HCM,1,18974,1011,220,9,220,14,1319,6,6,6,6,6,NA,NA,NA,NA,2019-01-04 13:51:00,0
2019-01-04 15:00:00,WIND,600702,1,HCM,1,18974,1011,220,8,220,15,1427,6,6,6,6,6,NA,NA,NA,NA,2019-01-04 14:52:00,0
2019-01-04 16:00:00,WIND,600702,1,HCM,1,18974,1011,210,7,220,14,1548,6,6,6,6,6,NA,NA,NA,NA,2019-01-04 15:51:00,0
2019-01-04 17:00:00,WIND,600702,1,HCM,1,18974,1011,220,6,240,12,1604,6,6,6,6,6,NA,NA,NA,NA,2019-01-04 16:51:00,0
2019-01-04 18:00:00,WIND,600702,1,HCM,1,18974,1011,210,6,230,10,1715,6,6,6,6,6,NA,NA,NA,NA,2019-01-04 17:51:00,0
2019-01-04 19:00:00,WIND,600702,1,HCM,1,18974,1011,200,6,190,9,1759,6,6,6,6,6,NA,NA,NA,NA,2019-01-04 18:51:00,0
2019-01-04 20:00:00,WIND,600702,1,HCM,1,18974,1011,200,6,190,11,1948,6,6,6,6,6,NA,NA,NA,NA,2019-01-04 19:51:00,0
2019-01-04 21:00:00,WIND,600702,1,HCM,1,18974,1011,190,6,190,12,2035,6,6,6,6,6,NA,NA,NA,NA,2019-01-04 20:54:00,0
2019-01-04 22:00:00,WIND,600702,1,HCM,1,18974,1011,200,8,200,12,2132,6,6,6,6,6,NA,NA,NA,NA,2019-01-04 21:51:00,0
2019-01-04 23:00:00,WIND,600702,1,HCM,1,18974,1011,210,8,220,15,2239,6,6,6,6,6,NA,NA,NA,NA,2019-01-04 22:51:00,0
2019-01-05 00:00:00,WIND,600702,1,HCM,1,18974,1011,210,10,210,15,2326,6,6,6,6,6,NA,NA,NA,NA,2019-01-04 23:51:00,0
2019-01-05 01:00:00,WIND,600702,1,HCM,1,18974,1011,200,9,200,14,2352,6,6,6,6,6,NA,NA,NA,NA,2019-01-05 00:51:00,0
2019-01-05 02:00:00,WIND,600702,1,HCM,1,18974,1011,190,9,190,14,144,6,6,6,6,6,NA,NA,NA,NA,2019-01-05 01:51:00,0
2019-01-05 03:00:00,WIND,600702,1,HCM,1,18974,1011,190,11,190,15,202,6,6,6,6,6,NA,NA,NA,NA,2019-01-05 02:51:00,0
2019-01-05 04:00:00,WIND,600702,1,HCM,1,18974,1011,190,11,180,17,317,6,6,6,6,6,NA,NA,NA,NA,2019-01-05 03:51:00,0
2019-01-05 05:00:00,WIND,600702,1,HCM,1,18974,1011,200,9,200,13,438,6,6,6,6,6,NA,NA,NA,NA,2019-01-05 04:51:00,0
2019-01-05 06:00:00,WIND,600702,1,HCM,1,18974,1011,190,9,180,13,529,6,6,6,6,6,NA,NA,NA,NA,2019-01-05 05:51:00,0
2019-01-05 07:00:00,WIND,600702,1,HCM,1,18974,1011,190,9,190,13,601,6,6,6,6,6,NA,NA,NA,NA,2019-01-05 06:51:00,0
2019-01-05 08:00:00,WIND,600702,1,HCM,1,18974,1011,190,9,180,15,655,6,6,6,6,6,NA,NA,NA,NA,2019-01-05 07:51:00,0
2019-01-05 09:00:00,WIND,600702,1,HCM,1,18974,1011,190,10,190,15,844,6,6,6,6,6,NA,NA,NA,NA,2019-01-05 08:53:00,0
2019-01-05 10:00:00,WIND,600702,1,HCM,1,18974,1011,190,11,190,16,906,6,6,6,6,6,NA,NA,NA,NA,2019-01-05 09:51:00,0
2019-01-05 11:00:00,WIND,600702,1,HCM,1,18974,1011,180,11,180,17,954,6,6,6,6,6,NA,NA,NA,NA,2019-01-05 10:52:00,0
2019-01-05 12:00:00,WIND,600702,1,HCM,1,18974,1011,180,11,170,17,1148,6,6,6,6,6,NA,NA,NA,NA,2019-01-05 11:51:00,0
2019-01-05 13:00:00,WIND,600702,1,HCM,1,18974,1011,170,14,180,19,1240,6,6,6,6,6,NA,NA,NA,NA,2019-01-05 12:52:00,0
2019-01-05 14:00:00,WIND,600702,1,HCM,1,18974,1011,180,16,180,21,1344,6,6,6,6,6,NA,NA,NA,NA,2019-01-05 13:51:00,0
2019-01-05 15:00:00,WIND,600702,1,HCM,1,18974,1011,170,17,170,22,1427,6,6,6,6,6,NA,NA,NA,NA,2019-01-05 14:51:00,0
2019-01-05 16:00:00,WIND,600702,1,HCM,1,18974,1011,180,16,170,21,1517,6,6,6,6,6,NA,NA,NA,NA,2019-01-05 15:51:00,0
2019-01-05 17:00:00,WIND,600702,1,HCM,1,18974,1011,190,14,180,19,1558,6,6,6,6,6,NA,NA,NA,NA,2019-01-05 16:52:00,0
2019-01-05 18:00:00,WIND,600702,1,HCM,1,18974,1011,200,12,200,19,1712,6,6,6,6,6,NA,NA,NA,NA,2019-01-05 17:51:00,0
2019-01-05 19:00:00,WIND,600702,1,HCM,1,18974,1011,200,12,200,17,1805,6,6,6,6,6,NA,NA,NA,NA,2019-01-05 18:51:00,0
2019-01-05 20:00:00,WIND,600702,1,HCM,1,18974,1011,200,12,210,17,1850,6,6,6,6,6,NA,NA,NA,NA,2019-01-05 19:51:00,0
2019-01-05 21:00:00,WIND,600702,1,HCM,1,18974,1011,210,12,210,18,2013,6,6,6,6,6,NA,NA,NA,NA,2019-01-05 20:54:00,0
2019-01-05 22:00:00,WIND,600702,1,HCM,1,18974,1011,220,13,220,19,2114,6,6,6,6,6,NA,NA,NA,NA,2019-01-05 21:51:00,0
2019-01-05 23:00:00,WIND,600702,1,HCM,1,18974,1011,220,13,220,20,2223,6,6,6,6,6,NA,NA,NA,NA,2019-01-05 22:51:00,0
2019-01-06 00:00:00,WIND,600702,1,HCM,1,18974,1011,220,12,220,18,2312,6,6,6,6,6,NA,NA,NA,NA,2019-01-05 23:51:00,0
2019-01-06 01:00:00,WIND,600702,1,HCM,1,18974,1011,220,12,220,17,15,6,6,6,6,6,NA,NA,NA,NA,2019-01-06 00:51:00,0
2019-01-06 02:00:00,WIND,600702,1,HCM,1,18974,1011,230,12,230,16,116,6,6,6,6,6,NA,NA,NA,NA,2019-01-06 01:51:00,0
2019-01-06 03:00:00,WIND,600702,1,HCM,1,18974,1011,230,10,240,14,202,6,6,6,6,6,NA,NA,NA,NA,2019-01-06 02:51:00,0
2019-01-06 04:00:00,WIND,600702,1,HCM,1,18974,1011,250,8,240,11,250,6,6,6,6,6,NA,NA,NA,NA,2019-01-06 03:51:00,0
2019-01-06 05:00:00,WIND,600702,1,HCM,1,18974,1011,340,11,350,17,436,6,6,6,6,6,NA,NA,NA,NA,2019-01-06 04:52:00,0
2019-01-06 06:00:00,WIND,600702,1,HCM,1,18974,1011,360,14,360,20,536,6,6,6,6,6,NA,NA,NA,NA,2019-01-06 05:51:00,0
2019-01-06 07:00:00,WIND,600702,1,HCM,1,18974,1011,10,13,360,19,550,6,6,6,6,6,NA,NA,NA,NA,2019-01-06 06:51:00,0
2019-01-06 08:00:00,WIND,600702,1,HCM,1,18974,1011,10,12,10,17,650,6,6,6,6,6,NA,NA,NA,NA,2019-01-06 07:51:00,0
2019-01-06 09:00:00,WIND,600702,1,HCM,1,18974,1011,30,6,20,12,754,6,6,6,6,6,NA,NA,NA,NA,2019-01-06 08:54:00,0
2019-01-06 10:00:00,WIND,600702,1,HCM,1,18974,1011,20,5,50,7,904,6,6,6,6,6,NA,NA,NA,NA,2019-01-06 09:51:00,0
2019-01-06 11:00:00,WIND,600702,1,HCM,1,18974,1011,360,4,360,5,1009,6,6,6,6,6,NA,NA,NA,NA,2019-01-06 10:51:00,0
2019-01-06 12:00:00,WIND,600702,1,HCM,1,18974,1011,360,5,360,7,1142,6,6,6,6,6,NA,NA,NA,NA,2019-01-06 11:51:00,0
2019-01-06 13:00:00,WIND,600702,1,HCM,1,18974,1011,360,5,360,8,1206,6,6,6,6,6,NA,NA,NA,NA,2019-01-06 12:51:00,0
2019-01-06 14:00:00,WIND,600702,1,HCM,1,18974,1011,30,5,10,7,1251,6,6,6,6,6,NA,NA,NA,NA,2019-01-06 13:51:00,0
2019-01-06 15:00:00,WIND,600702,1,HCM,1,18974,1011,60,4,50,5,1351,6,6,6,6,6,NA,NA,NA,NA,2019-01-06 14:51:00,0
2019-01-06 16:00:00,WIND,600702,1,HCM,1,18974,1011,120,5,140,8,1539,6,6,6,6,6,NA,NA,NA,NA,2019-01-06 15:51:00,0
2019-01-06 17:00:00,WIND,600702,1,HCM,1,18974,1011,140,6,140,8,1649,6,6,6,6,6,NA,NA,NA,NA,2019-01-06 16:51:00,0
2019-01-06 18:00:00,WIND,600702,1,HCM,1,18974,1011,150,8,170,12,1744,6,6,6,6,6,NA,NA,NA,NA,2019-01-06 17:51:00,0
2019-01-06 19:00:00,WIND,600702,1,HCM,1,18974,1011,180,11,180,16,1822,6,6,6,6,6,NA,NA,NA,NA,2019-01-06 18:51:00,0
2019-01-06 20:00:00,WIND,600702,1,HCM,1,18974,1011,180,13,180,17,1942,6,6,6,6,6,NA,NA,NA,NA,2019-01-06 19:51:00,0
2019-01-06 21:00:00,WIND,600702,1,HCM,1,18974,1011,190,14,180,20,2012,6,6,6,6,6,NA,NA,NA,NA,2019-01-06 20:54:00,0
2019-01-06 22:00:00,WIND,600702,1,HCM,1,18974,1011,200,15,200,22,2112,6,6,6,6,6,NA,NA,NA,NA,2019-01-06 21:51:00,0
2019-01-06 23:00:00,WIND,600702,1,HCM,1,18974,1011,210,16,210,26,2159,6,6,6,6,6,NA,NA,NA,NA,2019-01-06 22:51:00,0
2019-01-07 00:00:00,WIND,600702,1,HCM,1,18974,1011,220,16,230,29,2339,6,6,6,6,6,NA,NA,NA,NA,2019-01-06 23:51:00,0
2019-01-07 01:00:00,WIND,600702,1,HCM,1,18974,1011,210,17,230,25,39,6,6,6,6,6,NA,NA,NA,NA,2019-01-07 00:52:00,0
2019-01-07 02:00:00,WIND,600702,1,HCM,1,18974,1011,210,18,210,27,135,6,6,6,6,6,NA,NA,NA,NA,2019-01-07 01:51:00,0
2019-01-07 03:00:00,WIND,600702,1,HCM,1,18974,1011,220,20,220,30,246,6,6,6,6,6,NA,NA,NA,NA,2019-01-07 02:51:00,0
2019-01-07 04:00:00,WIND,600702,1,HCM,1,18974,1011,220,22,220,31,345,6,6,6,6,6,NA,NA,NA,NA,2019-01-07 03:52:00,0
2019-01-07 05:00:00,WIND,600702,1,HCM,1,18974,1011,220,25,230,38,442,6,6,6,6,6,NA,NA,NA,NA,2019-01-07 04:52:00,0
2019-01-07 06:00:00,WIND,600702,1,HCM,1,18974,1011,230,27,240,40,549,6,6,6,6,6,NA,NA,NA,NA,2019-01-07 05:52:00,0
2019-01-07 07:00:00,WIND,600702,1,HCM,1,18974,1011,240,27,240,39,636,6,6,6,6,6,NA,NA,NA,NA,2019-01-07 06:51:00,0
2019-01-07 08:00:00,WIND,600702,1,HCM,1,18974,1011,270,24,260,38,650,6,6,6,6,6,NA,NA,NA,NA,2019-01-07 07:51:00,0
2019-01-07 09:00:00,WIND,600702,1,HCM,1,18974,1011,270,22,280,33,759,6,6,6,6,6,NA,NA,NA,NA,2019-01-07 08:54:00,0
2019-01-07 10:00:00,WIND,600702,1,HCM,1,18974,1011,270,23,260,38,931,6,6,6,6,6,NA,NA,NA,NA,2019-01-07 09:53:00,0
2019-01-07 11:00:00,WIND,600702,1,HCM,1,18974,1011,270,25,280,38,1044,6,6,6,6,6,NA,NA,NA,NA,2019-01-07 10:53:00,0
2019-01-07 12:00:00,WIND,600702,1,HCM,1,18974,1011,270,25,280,39,1138,6,6,6,6,6,NA,NA,NA,NA,2019-01-07 11:51:00,0
2019-01-07 13:00:00,WIND,600702,1,HCM,1,18974,1011,280,28,270,38,1215,6,6,6,6,6,NA,NA,NA,NA,2019-01-07 12:53:00,0
2019-01-07 14:00:00,WIND,600702,1,HCM,1,18974,1011,280,27,290,45,1312,6,6,6,6,6,NA,NA,NA,NA,2019-01-07 13:53:00,0
2019-01-07 15:00:00,WIND,600702,1,HCM,1,18974,1011,290,26,290,41,1443,6,6,6,6,6,NA,NA,NA,NA,2019-01-07 14:52:00,0
2019-01-07 16:00:00,WIND,600702,1,HCM,1,18974,1011,290,26,300,40,1547,6,6,6,6,6,NA,NA,NA,NA,2019-01-07 15:53:00,0
2019-01-07 17:00:00,WIND,600702,1,HCM,1,18974,1011,300,25,290,35,1647,6,6,6,6,6,NA,NA,NA,NA,2019-01-07 16:53:00,0
2019-01-07 18:00:00,WIND,600702,1,HCM,1,18974,1011,300,25,290,36,1708,6,6,6,6,6,NA,NA,NA,NA,2019-01-07 17:53:00,0
2019-01-07 19:00:00,WIND,600702,1,HCM,1,18974,1011,300,23,300,33,1755,6,6,6,6,6,NA,NA,NA,NA,2019-01-07 18:52:00,0
2019-01-07 20:00:00,WIND,600702,1,HCM,1,18974,1011,300,23,290,35,1921,6,6,6,6,6,NA,NA,NA,NA,2019-01-07 19:53:00,0
2019-01-07 21:00:00,WIND,600702,1,HCM,1,18974,1011,300,23,310,33,1958,6,6,6,6,6,NA,NA,NA,NA,2019-01-07 20:54:00,0
2019-01-07 22:00:00,WIND,600702,1,HCM,1,18974,1011,320,22,320,32,2124,6,6,6,6,6,NA,NA,NA,NA,2019-01-07 21:52:00,0
2019-01-07 23:00:00,WIND,600702,1,HCM,1,18974,1011,320,22,320,31,2208,6,6,6,6,6,NA,NA,NA,NA,2019-01-07 22:53:00,0
2019-01-08 00:00:00,WIND,600702,1,HCM,1,18974,1011,330,21,320,29,2308,6,6,6,6,6,NA,NA,NA,NA,2019-01-07 23:52:00,0
2019-01-08 01:00:00,WIND,600702,1,HCM,1,18974,1011,320,22,320,31,35,6,6,6,6,6,NA,NA,NA,NA,2019-01-08 00:53:00,0
2019-01-08 02:00:00,WIND,600702,1,HCM,1,18974,1011,320,21,320,29,117,6,6,6,6,6,NA,NA,NA,NA,2019-01-08 01:52:00,0
2019-01-08 03:00:00,WIND,600702,1,HCM,1,18974,1011,330,20,320,30,226,6,6,6,6,6,NA,NA,NA,NA,2019-01-08 02:51:00,0
2019-01-08 04:00:00,WIND,600702,1,HCM,1,18974,1011,330,19,320,27,304,6,6,6,6,6,NA,NA,NA,NA,2019-01-08 03:51:00,0
2019-01-08 05:00:00,WIND,600702,1,HCM,1,18974,1011,330,20,330,27,403,6,6,6,6,6,NA,NA,NA,NA,2019-01-08 04:52:00,0
2019-01-08 06:00:00,WIND,600702,1,HCM,1,18974,1011,330,16,330,23,458,6,6,6,6,6,NA,NA,NA,NA,2019-01-08 05:51:00,0
2019-01-08 07:00:00,WIND,600702,1,HCM,1,18974,1011,330,16,340,22,608,6,6,6,6,6,NA,NA,NA,NA,2019-01-08 06:51:00,0
2019-01-08 08:00:00,WIND,600702,1,HCM,1,18974,1011,340,16,350,23,657,6,6,6,6,6,NA,NA,NA,NA,2019-01-08 07:52:00,0
2019-01-08 09:00:00,WIND,600702,1,HCM,1,18974,1011,330,16,340,22,803,6,6,6,6,6,NA,NA,NA,NA,2019-01-08 08:53:00,0
2019-01-08 10:00:00,WIND,600702,1,HCM,1,18974,1011,330,16,340,24,913,6,6,6,6,6,NA,NA,NA,NA,2019-01-08 09:51:00,0
2019-01-08 11:00:00,WIND,600702,1,HCM,1,18974,1011,320,14,330,21,1008,6,6,6,6,6,NA,NA,NA,NA,2019-01-08 10:51:00,0
2019-01-08 12:00:00,WIND,600702,1,HCM,1,18974,1011,330,13,320,20,1111,6,6,6,6,6,NA,NA,NA,NA,2019-01-08 11:52:00,0
2019-01-08 13:00:00,WIND,600702,1,HCM,1,18974,1011,330,13,320,19,1219,6,6,6,6,6,NA,NA,NA,NA,2019-01-08 12:51:00,0
2019-01-08 14:00:00,WIND,600702,1,HCM,1,18974,1011,330,13,330,21,1335,6,6,6,6,6,NA,NA,NA,NA,2019-01-08 13:52:00,0
2019-01-08 15:00:00,WIND,600702,1,HCM,1,18974,1011,330,12,340,17,1448,6,6,6,6,6,NA,NA,NA,NA,2019-01-08 14:51:00,0
2019-01-08 16:00:00,WIND,600702,1,HCM,1,18974,1011,330,13,340,17,1459,6,6,6,6,6,NA,NA,NA,NA,2019-01-08 15:51:00,0
2019-01-08 17:00:00,WIND,600702,1,HCM,1,18974,1011,320,12,320,16,1553,6,6,6,6,6,NA,NA,NA,NA,2019-01-08 16:51:00,0
2019-01-08 18:00:00,WIND,600702,1,HCM,1,18974,1011,330,12,340,16,1734,6,6,6,6,6,NA,NA,NA,NA,2019-01-08 17:51:00,0
2019-01-08 19:00:00,WIND,600702,1,HCM,1,18974,1011,350,12,350,16,1822,6,6,6,6,6,NA,NA,NA,NA,2019-01-08 18:51:00,0
2019-01-08 20:00:00,WIND,600702,1,HCM,1,18974,1011,340,10,350,15,1944,6,6,6,6,6,NA,NA,NA,NA,2019-01-08 19:51:00,0
2019-01-08 21:00:00,WIND,600702,1,HCM,1,18974,1011,330,10,330,13,1951,6,6,6,6,6,NA,NA,NA,NA,2019-01-08 20:53:00,0
2019-01-08 22:00:00,WIND,600702,1,HCM,1,18974,1011,340,9,340,13,2110,6,6,6,6,6,NA,NA,NA,NA,2019-01-08 21:51:00,0
2019-01-08 23:00:00,WIND,600702,1,HCM,1,18974,1011,350,9,350,12,2224,6,6,6,6,6,NA,NA,NA,NA,2019-01-08 22:51:00,0
2019-01-09 00:00:00,WIND,600702,1,HCM,1,18974,1011,340,8,330,11,2317,6,6,6,6,6,NA,NA,NA,NA,2019-01-08 23:51:00,0
2019-01-09 01:00:00,WIND,600702,1,HCM,1,18974,1011,340,7,340,9,2353,6,6,6,6,6,NA,NA,NA,NA,2019-01-09 00:51:00,0
2019-01-09 02:00:00,WIND,600702,1,HCM,1,18974,1011,330,7,340,9,124,6,6,6,6,6,NA,NA,NA,NA,2019-01-09 01:51:00,0
2019-01-09 03:00:00,WIND,600702,1,HCM,1,18974,1011,330,6,330,8,151,6,6,6,6,6,NA,NA,NA,NA,2019-01-09 02:52:00,0
2019-01-09 04:00:00,WIND,600702,1,HCM,1,18974,1011,320,5,320,6,309,6,6,6,6,6,NA,NA,NA,NA,2019-01-09 03:52:00,0
2019-01-09 05:00:00,WIND,600702,1,HCM,1,18974,1011,340,5,330,7,353,6,6,6,6,6,NA,NA,NA,NA,2019-01-09 04:51:00,0
2019-01-09 06:00:00,WIND,600702,1,HCM,1,18974,1011,330,3,350,5,450,6,6,6,6,6,NA,NA,NA,NA,2019-01-09 05:51:00,0
2019-01-09 07:00:00,WIND,600702,1,HCM,1,18974,1011,310,3,300,4,637,6,6,6,6,6,NA,NA,NA,NA,2019-01-09 06:51:00,0
2019-01-09 08:00:00,WIND,600702,1,HCM,1,18974,1011,290,3,290,4,711,6,6,6,6,6,NA,NA,NA,NA,2019-01-09 07:51:00,0
2019-01-09 09:00:00,WIND,600702,1,HCM,1,18974,1011,280,2,280,3,808,6,6,6,6,6,NA,NA,NA,NA,2019-01-09 08:54:00,0
2019-01-09 10:00:00,WIND,600702,1,HCM,1,18974,1011,210,2,200,4,947,6,6,6,6,6,NA,NA,NA,NA,2019-01-09 09:51:00,0
2019-01-09 11:00:00,WIND,600702,1,HCM,1,18974,1011,200,4,250,7,1049,6,6,6,6,6,NA,NA,NA,NA,2019-01-09 10:51:00,0
2019-01-09 12:00:00,WIND,600702,1,HCM,1,18974,1011,230,5,260,7,1053,6,6,6,6,6,NA,NA,NA,NA,2019-01-09 11:53:00,0
2019-01-09 13:00:00,WIND,600702,1,HCM,1,18974,1011,210,6,200,10,1235,6,6,6,6,6,NA,NA,NA,NA,2019-01-09 12:53:00,0
2019-01-09 14:00:00,WIND,600702,1,HCM,1,18974,1011,190,8,200,11,1311,6,6,6,6,6,NA,NA,NA,NA,2019-01-09 13:53:00,0
2019-01-09 15:00:00,WIND,600702,1,HCM,1,18974,1011,180,9,180,12,1421,6,6,6,6,6,NA,NA,NA,NA,2019-01-09 14:53:00,0
2019-01-09 16:00:00,WIND,600702,1,HCM,1,18974,1011,180,10,170,14,1519,6,6,6,6,6,NA,NA,NA,NA,2019-01-09 15:52:00,0
2019-01-09 17:00:00,WIND,600702,1,HCM,1,18974,1011,190,8,190,13,1633,6,6,6,6,6,NA,NA,NA,NA,2019-01-09 16:51:00,0
2019-01-09 18:00:00,WIND,600702,1,HCM,1,18974,1011,190,8,180,13,1656,6,6,6,6,6,NA,NA,NA,NA,2019-01-09 17:52:00,0
2019-01-09 19:00:00,WIND,600702,1,HCM,1,18974,1011,230,4,290,6,1847,6,6,6,6,6,NA,NA,NA,NA,2019-01-09 18:51:00,0
2019-01-09 20:00:00,WIND,600702,1,HCM,1,18974,1011,300,6,290,9,1946,6,6,6,6,6,NA,NA,NA,NA,2019-01-09 19:51:00,0
2019-01-09 21:00:00,WIND,600702,1,HCM,1,18974,1011,300,6,290,8,1952,6,6,6,6,6,NA,NA,NA,NA,2019-01-09 20:56:00,0
2019-01-09 22:00:00,WIND,600702,1,HCM,1,18974,1011,310,6,310,10,2129,6,6,6,6,6,NA,NA,NA,NA,2019-01-09 21:51:00,0
2019-01-09 23:00:00,WIND,600702,1,HCM,1,18974,1011,300,5,310,8,2202,6,6,6,6,6,NA,NA,NA,NA,2019-01-09 22:52:00,0
2019-01-10 00:00:00,WIND,600702,1,HCM,1,18974,1011,300,5,300,10,2325,6,6,6,6,6,NA,NA,NA,NA,2019-01-09 23:51:00,0
2019-01-10 01:00:00,WIND,600702,1,HCM,1,18974,1011,300,6,300,9,46,6,6,6,6,6,NA,NA,NA,NA,2019-01-10 00:51:00,0
2019-01-10 02:00:00,WIND,600702,1,HCM,1,18974,1011,290,7,300,11,138,6,6,6,6,6,NA,NA,NA,NA,2019-01-10 01:51:00,0
2019-01-10 03:00:00,WIND,600702,1,HCM,1,18974,1011,290,8,300,12,211,6,6,6,6,6,NA,NA,NA,NA,2019-01-10 02:51:00,0
2019-01-10 04:00:00,WIND,600702,1,HCM,1,18974,1011,280,8,290,10,306,6,6,6,6,6,NA,NA,NA,NA,2019-01-10 03:51:00,0
2019-01-10 05:00:00,WIND,600702,1,HCM,1,18974,1011,290,7,300,11,448,6,6,6,6,6,NA,NA,NA,NA,2019-01-10 04:51:00,0
2019-01-10 06:00:00,WIND,600702,1,HCM,1,18974,1011,300,11,300,17,508,6,6,6,6,6,NA,NA,NA,NA,2019-01-10 05:51:00,0
2019-01-10 07:00:00,WIND,600702,1,HCM,1,18974,1011,300,10,300,13,641,6,6,6,6,6,NA,NA,NA,NA,2019-01-10 06:51:00,0
2019-01-10 08:00:00,WIND,600702,1,HCM,1,18974,1011,280,11,290,17,740,6,6,6,6,6,NA,NA,NA,NA,2019-01-10 07:51:00,0
2019-01-10 09:00:00,WIND,600702,1,HCM,1,18974,1011,280,12,280,18,842,6,6,6,6,6,NA,NA,NA,NA,2019-01-10 08:54:00,0
2019-01-10 10:00:00,WIND,600702,1,HCM,1,18974,1011,280,12,270,19,907,6,6,6,6,6,NA,NA,NA,NA,2019-01-10 09:51:00,0
2019-01-10 11:00:00,WIND,600702,1,HCM,1,18974,1011,290,10,290,16,1037,6,6,6,6,6,NA,NA,NA,NA,2019-01-10 10:51:00,0
2019-01-10 12:00:00,WIND,600702,1,HCM,1,18974,1011,300,10,300,17,1112,6,6,6,6,6,NA,NA,NA,NA,2019-01-10 11:52:00,0
2019-01-10 13:00:00,WIND,600702,1,HCM,1,18974,1011,290,12,290,21,1246,6,6,6,6,6,NA,NA,NA,NA,2019-01-10 12:51:00,0
2019-01-10 14:00:00,WIND,600702,1,HCM,1,18974,1011,290,11,290,20,1251,6,6,6,6,6,NA,NA,NA,NA,2019-01-10 13:51:00,0
2019-01-10 15:00:00,WIND,600702,1,HCM,1,18974,1011,290,9,280,14,1350,6,6,6,6,6,NA,NA,NA,NA,2019-01-10 14:51:00,0
2019-01-10 16:00:00,WIND,600702,1,HCM,1,18974,1011,290,10,310,24,1532,6,6,6,6,6,NA,NA,NA,NA,2019-01-10 15:51:00,0
2019-01-10 17:00:00,WIND,600702,1,HCM,1,18974,1011,300,8,320,11,1551,6,6,6,6,6,NA,NA,NA,NA,2019-01-10 16:51:00,0
2019-01-10 18:00:00,WIND,600702,1,HCM,1,18974,1011,300,9,300,13,1742,6,6,6,6,6,NA,NA,NA,NA,2019-01-10 17:51:00,0
2019-01-10 19:00:00,WIND,600702,1,HCM,1,18974,1011,320,11,340,19,1811,6,6,6,6,6,NA,NA,NA,NA,2019-01-10 18:51:00,0
2019-01-10 20:00:00,WIND,600702,1,HCM,1,18974,1011,320,11,310,21,1850,6,6,6,6,6,NA,NA,NA,NA,2019-01-10 19:51:00,0
2019-01-10 21:00:00,WIND,600702,1,HCM,1,18974,1011,300,6,310,10,2049,6,6,6,6,6,NA,NA,NA,NA,2019-01-10 20:56:00,0
2019-01-10 22:00:00,WIND,600702,1,HCM,1,18974,1011,310,9,300,17,2138,6,6,6,6,6,NA,NA,NA,NA,2019-01-10 21:52:00,0
2019-01-10 23:00:00,WIND,600702,1,HCM,1,18974,1011,310,13,310,21,2234,6,6,6,6,6,NA,NA,NA,NA,2019-01-10 22:51:00,0
2019-01-11 00:00:00,WIND,600702,1,HCM,1,18974,1011,330,11,340,17,2250,6,6,6,6,6,NA,NA,NA,NA,2019-01-10 23:51:00,0
2019-01-11 01:00:00,WIND,600702,1,HCM,1,18974,1011,330,9,330,14,2359,6,6,6,6,6,NA,NA,NA,NA,2019-01-11 00:51:00,0
2019-01-11 02:00:00,WIND,600702,1,HCM,1,18974,1011,320,7,320,14,128,6,6,6,6,6,NA,NA,NA,NA,2019-01-11 01:51:00,0
2019-01-11 03:00:00,WIND,600702,1,HCM,1,18974,1011,310,8,320,14,230,6,6,6,6,6,NA,NA,NA,NA,2019-01-11 02:51:00,0
2019-01-11 04:00:00,WIND,600702,1,HCM,1,18974,1011,280,7,270,12,342,6,6,6,6,6,NA,NA,NA,NA,2019-01-11 03:51:00,0
2019-01-11 05:00:00,WIND,600702,1,HCM,1,18974,1011,270,7,270,10,357,6,6,6,6,6,NA,NA,NA,NA,2019-01-11 04:51:00,0
2019-01-11 06:00:00,WIND,600702,1,HCM,1,18974,1011,250,5,240,8,546,6,6,6,6,6,NA,NA,NA,NA,2019-01-11 05:51:00,0
2019-01-11 07:00:00,WIND,600702,1,HCM,1,18974,1011,250,5,250,8,629,6,6,6,6,6,NA,NA,NA,NA,2019-01-11 06:51:00,0
2019-01-11 08:00:00,WIND,600702,1,HCM,1,18974,1011,230,6,230,11,748,6,6,6,6,6,NA,NA,NA,NA,2019-01-11 07:51:00,0
2019-01-11 09:00:00,WIND,600702,1,HCM,1,18974,1011,240,9,240,14,812,6,6,6,6,6,NA,NA,NA,NA,2019-01-11 08:54:00,0
2019-01-11 10:00:00,WIND,600702,1,HCM,1,18974,1011,250,11,250,17,929,6,6,6,6,6,NA,NA,NA,NA,2019-01-11 09:52:00,0
2019-01-11 11:00:00,WIND,600702,1,HCM,1,18974,1011,260,7,270,11,1005,6,6,6,6,6,NA,NA,NA,NA,2019-01-11 10:51:00,0
2019-01-11 12:00:00,WIND,600702,1,HCM,1,18974,1011,270,9,260,18,1106,6,6,6,6,6,NA,NA,NA,NA,2019-01-11 11:51:00,0
2019-01-11 13:00:00,WIND,600702,1,HCM,1,18974,1011,250,8,230,14,1215,6,6,6,6,6,NA,NA,NA,NA,2019-01-11 12:51:00,0
2019-01-11 14:00:00,WIND,600702,1,HCM,1,18974,1011,240,9,230,15,1324,6,6,6,6,6,NA,NA,NA,NA,2019-01-11 13:51:00,0
2019-01-11 15:00:00,WIND,600702,1,HCM,1,18974,1011,250,10,270,19,1430,6,6,6,6,6,NA,NA,NA,NA,2019-01-11 14:51:00,0
2019-01-11 16:00:00,WIND,600702,1,HCM,1,18974,1011,250,9,270,20,1507,6,6,6,6,6,NA,NA,NA,NA,2019-01-11 15:51:00,0
2019-01-11 17:00:00,WIND,600702,1,HCM,1,18974,1011,240,9,250,21,1648,6,6,6,6,6,NA,NA,NA,NA,2019-01-11 16:51:00,0
2019-01-11 18:00:00,WIND,600702,1,HCM,1,18974,1011,240,12,250,21,1728,6,6,6,6,6,NA,NA,NA,NA,2019-01-11 17:51:00,0
2019-01-11 19:00:00,WIND,600702,1,HCM,1,18974,1011,230,14,220,21,1839,6,6,6,6,6,NA,NA,NA,NA,2019-01-11 18:51:00,0
2019-01-11 20:00:00,WIND,600702,1,HCM,1,18974,1011,230,18,230,26,1942,6,6,6,6,6,NA,NA,NA,NA,2019-01-11 19:51:00,0
2019-01-11 21:00:00,WIND,600702,1,HCM,1,18974,1011,230,21,230,30,2015,6,6,6,6,6,NA,NA,NA,NA,2019-01-11 20:55:00,0
2019-01-11 22:00:00,WIND,600702,1,HCM,1,18974,1011,240,22,250,36,2147,6,6,6,6,6,NA,NA,NA,NA,2019-01-11 21:52:00,0
2019-01-11 23:00:00,WIND,600702,1,HCM,1,18974,1011,270,20,260,31,2150,6,6,6,6,6,NA,NA,NA,NA,2019-01-11 22:51:00,0
2019-01-12 00:00:00,WIND,600702,1,HCM,1,18974,1011,270,18,290,31,2347,6,6,6,6,6,NA,NA,NA,NA,2019-01-11 23:52:00,0
2019-01-12 01:00:00,WIND,600702,1,HCM,1,18974,1011,270,21,280,31,43,6,6,6,6,6,NA,NA,NA,NA,2019-01-12 00:51:00,0
2019-01-12 02:00:00,WIND,600702,1,HCM,1,18974,1011,270,21,280,31,121,6,6,6,6,6,NA,NA,NA,NA,2019-01-12 01:51:00,0
2019-01-12 03:00:00,WIND,600702,1,HCM,1,18974,1011,280,19,280,27,226,6,6,6,6,6,NA,NA,NA,NA,2019-01-12 02:51:00,0
2019-01-12 04:00:00,WIND,600702,1,HCM,1,18974,1011,280,21,280,31,301,6,6,6,6,6,NA,NA,NA,NA,2019-01-12 03:51:00,0
2019-01-12 05:00:00,WIND,600702,1,HCM,1,18974,1011,280,20,280,32,351,6,6,6,6,6,NA,NA,NA,NA,2019-01-12 04:51:00,0
2019-01-12 06:00:00,WIND,600702,1,HCM,1,18974,1011,280,20,290,29,543,6,6,6,6,6,NA,NA,NA,NA,2019-01-12 05:51:00,0
2019-01-12 07:00:00,WIND,600702,1,HCM,1,18974,1011,280,20,280,35,644,6,6,6,6,6,NA,NA,NA,NA,2019-01-12 06:51:00,0
2019-01-12 08:00:00,WIND,600702,1,HCM,1,18974,1011,280,19,280,29,709,6,6,6,6,6,NA,NA,NA,NA,2019-01-12 07:51:00,0
2019-01-12 09:00:00,WIND,600702,1,HCM,1,18974,1011,280,20,280,33,837,6,6,6,6,6,NA,NA,NA,NA,2019-01-12 08:54:00,0
2019-01-12 10:00:00,WIND,600702,1,HCM,1,18974,1011,280,18,290,28,913,6,6,6,6,6,NA,NA,NA,NA,2019-01-12 09:51:00,0
2019-01-12 11:00:00,WIND,600702,1,HCM,1,18974,1011,270,19,270,29,1024,6,6,6,6,6,NA,NA,NA,NA,2019-01-12 10:51:00,0
2019-01-12 12:00:00,WIND,600702,1,HCM,1,18974,1011,270,20,270,28,1135,6,6,6,6,6,NA,NA,NA,NA,2019-01-12 11:52:00,0
2019-01-12 13:00:00,WIND,600702,1,HCM,1,18974,1011,280,23,280,33,1230,6,6,6,6,6,NA,NA,NA,NA,2019-01-12 12:51:00,0
2019-01-12 14:00:00,WIND,600702,1,HCM,1,18974,1011,280,24,270,34,1251,6,6,6,6,6,NA,NA,NA,NA,2019-01-12 13:51:00,0
2019-01-12 15:00:00,WIND,600702,1,HCM,1,18974,1011,280,22,280,31,1354,6,6,6,6,6,NA,NA,NA,NA,2019-01-12 14:51:00,0
2019-01-12 16:00:00,WIND,600702,1,HCM,1,18974,1011,280,23,290,31,1537,6,6,6,6,6,NA,NA,NA,NA,2019-01-12 15:51:00,0
2019-01-12 17:00:00,WIND,600702,1,HCM,1,18974,1011,280,24,280,33,1640,6,6,6,6,6,NA,NA,NA,NA,2019-01-12 16:51:00,0
2019-01-12 18:00:00,WIND,600702,1,HCM,1,18974,1011,270,25,280,36,1729,6,6,6,6,6,NA,NA,NA,NA,2019-01-12 17:51:00,0
2019-01-12 19:00:00,WIND,600702,1,HCM,1,18974,1011,270,22,270,33,1820,6,6,6,6,6,NA,NA,NA,NA,2019-01-12 18:51:00,0
2019-01-12 20:00:00,WIND,600702,1,HCM,1,18974,1011,270,24,270,37,1938,6,6,6,6,6,NA,NA,NA,NA,2019-01-12 19:51:00,0
2019-01-12 21:00:00,WIND,600702,1,HCM,1,18974,1011,270,25,270,35,2026,6,6,6,6,6,NA,NA,NA,NA,2019-01-12 20:55:00,0
2019-01-12 22:00:00,WIND,600702,1,HCM,1,18974,1011,270,24,270,35,2133,6,6,6,6,6,NA,NA,NA,NA,2019-01-12 21:52:00,0
2019-01-12 23:00:00,WIND,600702,1,HCM,1,18974,1011,270,24,270,34,2159,6,6,6,6,6,NA,NA,NA,NA,2019-01-12 22:52:00,0
2019-01-13 00:00:00,WIND,600702,1,HCM,1,18974,1011,260,24,260,33,2349,6,6,6,6,6,NA,NA,NA,NA,2019-01-12 23:51:00,0
2019-01-13 01:00:00,WIND,600702,1,HCM,1,18974,1011,260,24,270,36,4,6,6,6,6,6,NA,NA,NA,NA,2019-01-13 00:51:00,0
2019-01-13 02:00:00,WIND,600702,1,HCM,1,18974,1011,270,25,270,39,137,6,6,6,6,6,NA,NA,NA,NA,2019-01-13 01:51:00,0
2019-01-13 03:00:00,WIND,600702,1,HCM,1,18974,1011,270,27,270,38,212,6,6,6,6,6,NA,NA,NA,NA,2019-01-13 02:51:00,0
2019-01-13 04:00:00,WIND,600702,1,HCM,1,18974,1011,270,26,280,37,302,6,6,6,6,6,NA,NA,NA,NA,2019-01-13 03:51:00,0
2019-01-13 05:00:00,WIND,600702,1,HCM,1,18974,1011,270,26,280,38,446,6,6,6,6,6,NA,NA,NA,NA,2019-01-13 04:51:00,0
2019-01-13 06:00:00,WIND,600702,1,HCM,1,18974,1011,280,27,280,39,517,6,6,6,6,6,NA,NA,NA,NA,2019-01-13 05:51:00,0
2019-01-13 07:00:00,WIND,600702,1,HCM,1,18974,1011,280,26,280,44,621,6,6,6,6,6,NA,NA,NA,NA,2019-01-13 06:51:00,0
2019-01-13 08:00:00,WIND,600702,1,HCM,1,18974,1011,290,27,290,39,659,6,6,6,6,6,NA,NA,NA,NA,2019-01-13 07:51:00,0
2019-01-13 09:00:00,WIND,600702,1,HCM,1,18974,1011,290,25,290,42,829,6,6,6,6,6,NA,NA,NA,NA,2019-01-13 08:53:00,0
2019-01-13 10:00:00,WIND,600702,1,HCM,1,18974,1011,290,26,290,41,911,6,6,6,6,6,NA,NA,NA,NA,2019-01-13 09:51:00,0
2019-01-13 11:00:00,WIND,600702,1,HCM,1,18974,1011,300,26,310,41,1007,6,6,6,6,6,NA,NA,NA,NA,2019-01-13 10:51:00,0
2019-01-13 12:00:00,WIND,600702,1,HCM,1,18974,1011,300,24,290,37,1107,6,6,6,6,6,NA,NA,NA,NA,2019-01-13 11:52:00,0
2019-01-13 13:00:00,WIND,600702,1,HCM,1,18974,1011,300,26,290,36,1235,6,6,6,6,6,NA,NA,NA,NA,2019-01-13 12:51:00,0
2019-01-13 14:00:00,WIND,600702,1,HCM,1,18974,1011,300,26,300,38,1340,6,6,6,6,6,NA,NA,NA,NA,2019-01-13 13:51:00,0
2019-01-13 15:00:00,WIND,600702,1,HCM,1,18974,1011,300,25,310,41,1434,6,6,6,6,6,NA,NA,NA,NA,2019-01-13 14:51:00,0
2019-01-13 16:00:00,WIND,600702,1,HCM,1,18974,1011,300,29,290,42,1509,6,6,6,6,6,NA,NA,NA,NA,2019-01-13 15:51:00,0
2019-01-13 17:00:00,WIND,600702,1,HCM,1,18974,1011,300,27,300,40,1617,6,6,6,6,6,NA,NA,NA,NA,2019-01-13 16:51:00,0
2019-01-13 18:00:00,WIND,600702,1,HCM,1,18974,1011,300,28,300,40,1742,6,6,6,6,6,NA,NA,NA,NA,2019-01-13 17:51:00,0
2019-01-13 19:00:00,WIND,600702,1,HCM,1,18974,1011,300,27,300,40,1806,6,6,6,6,6,NA,NA,NA,NA,2019-01-13 18:51:00,0
2019-01-13 20:00:00,WIND,600702,1,HCM,1,18974,1011,310,24,330,38,1933,6,6,6,6,6,NA,NA,NA,NA,2019-01-13 19:51:00,0
2019-01-13 21:00:00,WIND,600702,1,HCM,1,18974,1011,310,23,310,35,2041,6,6,6,6,6,NA,NA,NA,NA,2019-01-13 20:55:00,0
2019-01-13 22:00:00,WIND,600702,1,HCM,1,18974,1011,310,21,320,30,2053,6,6,6,6,6,NA,NA,NA,NA,2019-01-13 21:52:00,0
2019-01-13 23:00:00,WIND,600702,1,HCM,1,18974,1011,320,21,320,34,2150,6,6,6,6,6,NA,NA,NA,NA,2019-01-13 22:51:00,0
2019-01-14 00:00:00,WIND,600702,1,HCM,1,18974,1011,310,21,300,33,2345,6,6,6,6,6,NA,NA,NA,NA,2019-01-13 23:51:00,0
2019-01-14 01:00:00,WIND,600702,1,HCM,1,18974,1011,310,21,310,29,2,6,6,6,6,6,NA,NA,NA,NA,2019-01-14 00:51:00,0
2019-01-14 02:00:00,WIND,600702,1,HCM,1,18974,1011,310,20,320,28,136,6,6,6,6,6,NA,NA,NA,NA,2019-01-14 01:51:00,0
2019-01-14 03:00:00,WIND,600702,1,HCM,1,18974,1011,300,18,310,25,210,6,6,6,6,6,NA,NA,NA,NA,2019-01-14 02:51:00,0
2019-01-14 04:00:00,WIND,600702,1,HCM,1,18974,1011,310,18,300,26,251,6,6,6,6,6,NA,NA,NA,NA,2019-01-14 03:51:00,0
2019-01-14 05:00:00,WIND,600702,1,HCM,1,18974,1011,300,18,300,25,403,6,6,6,6,6,NA,NA,NA,NA,2019-01-14 04:51:00,0
2019-01-14 06:00:00,WIND,600702,1,HCM,1,18974,1011,310,15,310,24,456,6,6,6,6,6,NA,NA,NA,NA,2019-01-14 05:51:00,0
2019-01-14 07:00:00,WIND,600702,1,HCM,1,18974,1011,300,16,290,25,626,6,6,6,6,6,NA,NA,NA,NA,2019-01-14 06:51:00,0
2019-01-14 08:00:00,WIND,600702,1,HCM,1,18974,1011,290,15,310,26,710,6,6,6,6,6,NA,NA,NA,NA,2019-01-14 07:51:00,0
2019-01-14 09:00:00,WIND,600702,1,HCM,1,18974,1011,290,10,290,18,847,6,6,6,6,6,NA,NA,NA,NA,2019-01-14 08:56:00,0
2019-01-14 10:00:00,WIND,600702,1,HCM,1,18974,1011,290,15,290,22,927,6,6,6,6,6,NA,NA,NA,NA,2019-01-14 09:52:00,0
2019-01-14 11:00:00,WIND,600702,1,HCM,1,18974,1011,290,13,290,18,1000,6,6,6,6,6,NA,NA,NA,NA,2019-01-14 10:51:00,0
2019-01-14 12:00:00,WIND,600702,1,HCM,1,18974,1011,280,12,290,23,1143,6,6,6,6,6,NA,NA,NA,NA,2019-01-14 11:51:00,0
2019-01-14 13:00:00,WIND,600702,1,HCM,1,18974,1011,280,12,260,18,1238,6,6,6,6,6,NA,NA,NA,NA,2019-01-14 12:53:00,0
2019-01-14 14:00:00,WIND,600702,1,HCM,1,18974,1011,260,12,260,18,1309,6,6,6,6,6,NA,NA,NA,NA,2019-01-14 13:52:00,0
2019-01-14 15:00:00,WIND,600702,1,HCM,1,18974,1011,260,12,250,18,1404,6,6,6,6,6,NA,NA,NA,NA,2019-01-14 14:51:00,0
2019-01-14 16:00:00,WIND,600702,1,HCM,1,18974,1011,240,12,230,17,1549,6,6,6,6,6,NA,NA,NA,NA,2019-01-14 15:51:00,0
2019-01-14 17:00:00,WIND,600702,1,HCM,1,18974,1011,230,13,230,19,1618,6,6,6,6,6,NA,NA,NA,NA,2019-01-14 16:51:00,0
2019-01-14 18:00:00,WIND,600702,1,HCM,1,18974,1011,230,14,230,24,1740,6,6,6,6,6,NA,NA,NA,NA,2019-01-14 17:51:00,0
2019-01-14 19:00:00,WIND,600702,1,HCM,1,18974,1011,240,14,230,22,1751,6,6,6,6,6,NA,NA,NA,NA,2019-01-14 18:51:00,0
2019-01-14 20:00:00,WIND,600702,1,HCM,1,18974,1011,250,15,250,22,1907,6,6,6,6,6,NA,NA,NA,NA,2019-01-14 19:51:00,0
2019-01-14 21:00:00,WIND,600702,1,HCM,1,18974,1011,240,15,240,22,2010,6,6,6,6,6,NA,NA,NA,NA,2019-01-14 20:54:00,0
2019-01-14 22:00:00,WIND,600702,1,HCM,1,18974,1011,240,17,240,24,2131,6,6,6,6,6,NA,NA,NA,NA,2019-01-14 21:51:00,0
2019-01-14 23:00:00,WIND,600702,1,HCM,1,18974,1011,240,19,240,27,2248,6,6,6,6,6,NA,NA,NA,NA,2019-01-14 22:51:00,0
2019-01-15 00:00:00,WIND,600702,1,HCM,1,18974,1011,240,20,240,29,2347,6,6,6,6,6,NA,NA,NA,NA,2019-01-14 23:52:00,0
2019-01-15 01:00:00,WIND,600702,1,HCM,1,18974,1011,240,21,240,29,2355,6,6,6,6,6,NA,NA,NA,NA,2019-01-15 00:51:00,0
2019-01-15 02:00:00,WIND,600702,1,HCM,1,18974,1011,250,21,250,30,50,6,6,6,6,6,NA,NA,NA,NA,2019-01-15 01:51:00,0
2019-01-15 03:00:00,WIND,600702,1,HCM,1,18974,1011,250,20,250,29,218,6,6,6,6,6,NA,NA,NA,NA,2019-01-15 02:52:00,0
2019-01-15 04:00:00,WIND,600702,1,HCM,1,18974,1011,250,19,250,26,304,6,6,6,6,6,NA,NA,NA,NA,2019-01-15 03:51:00,0
2019-01-15 05:00:00,WIND,600702,1,HCM,1,18974,1011,250,19,240,28,438,6,6,6,6,6,NA,NA,NA,NA,2019-01-15 04:52:00,0
2019-01-15 06:00:00,WIND,600702,1,HCM,1,18974,1011,240,19,240,26,512,6,6,6,6,6,NA,NA,NA,NA,2019-01-15 05:52:00,0
2019-01-15 07:00:00,WIND,600702,1,HCM,1,18974,1011,240,18,250,27,637,6,6,6,6,6,NA,NA,NA,NA,2019-01-15 06:51:00,0
2019-01-15 08:00:00,WIND,600702,1,HCM,1,18974,1011,240,20,240,28,734,6,6,6,6,6,NA,NA,NA,NA,2019-01-15 07:51:00,0
2019-01-15 09:00:00,WIND,600702,1,HCM,1,18974,1011,240,21,240,30,812,6,6,6,6,6,NA,NA,NA,NA,2019-01-15 08:54:00,0
2019-01-15 10:00:00,WIND,600702,1,HCM,1,18974,1011,230,23,230,33,936,6,6,6,6,6,NA,NA,NA,NA,2019-01-15 09:51:00,0
2019-01-15 11:00:00,WIND,600702,1,HCM,1,18974,1011,230,22,240,31,950,6,6,6,6,6,NA,NA,NA,NA,2019-01-15 10:51:00,0
2019-01-15 12:00:00,WIND,600702,1,HCM,1,18974,1011,230,22,230,30,1127,6,6,6,6,6,NA,NA,NA,NA,2019-01-15 11:52:00,0
2019-01-15 13:00:00,WIND,600702,1,HCM,1,18974,1011,230,22,240,32,1243,6,6,6,6,6,NA,NA,NA,NA,2019-01-15 12:52:00,0
2019-01-15 14:00:00,WIND,600702,1,HCM,1,18974,1011,230,20,230,29,1346,6,6,6,6,6,NA,NA,NA,NA,2019-01-15 13:52:00,0
2019-01-15 15:00:00,WIND,600702,1,HCM,1,18974,1011,220,20,220,31,1416,6,6,6,6,6,NA,NA,NA,NA,2019-01-15 14:51:00,0
2019-01-15 16:00:00,WIND,600702,1,HCM,1,18974,1011,220,20,230,30,1539,6,6,6,6,6,NA,NA,NA,NA,2019-01-15 15:52:00,0
2019-01-15 17:00:00,WIND,600702,1,HCM,1,18974,1011,220,20,220,30,1626,6,6,6,6,6,NA,NA,NA,NA,2019-01-15 16:52:00,0
2019-01-15 18:00:00,WIND,600702,1,HCM,1,18974,1011,220,21,220,31,1702,6,6,6,6,6,NA,NA,NA,NA,2019-01-15 17:51:00,0
2019-01-15 19:00:00,WIND,600702,1,HCM,1,18974,1011,220,22,220,32,1845,6,6,6,6,6,NA,NA,NA,NA,2019-01-15 18:51:00,0
2019-01-15 20:00:00,WIND,600702,1,HCM,1,18974,1011,220,22,220,33,1938,6,6,6,6,6,NA,NA,NA,NA,2019-01-15 19:51:00,0
2019-01-15 21:00:00,WIND,600702,1,HCM,1,18974,1011,220,22,220,33,1950,6,6,6,6,6,NA,NA,NA,NA,2019-01-15 20:54:00,0
2019-01-15 22:00:00,WIND,600702,1,HCM,1,18974,1011,240,18,220,32,2050,6,6,6,6,6,NA,NA,NA,NA,2019-01-15 21:51:00,0
2019-01-15 23:00:00,WIND,600702,1,HCM,1,18974,1011,260,13,280,25,2150,6,6,6,6,6,NA,NA,NA,NA,2019-01-15 22:51:00,0
2019-01-16 00:00:00,WIND,600702,1,HCM,1,18974,1011,250,10,240,15,2334,6,6,6,6,6,NA,NA,NA,NA,2019-01-15 23:51:00,0
2019-01-16 01:00:00,WIND,600702,1,HCM,1,18974,1011,240,9,240,14,45,6,6,6,6,6,NA,NA,NA,NA,2019-01-16 00:51:00,0
2019-01-16 02:00:00,WIND,600702,1,HCM,1,18974,1011,250,11,250,19,146,6,6,6,6,6,NA,NA,NA,NA,2019-01-16 01:51:00,0
2019-01-16 03:00:00,WIND,600702,1,HCM,1,18974,1011,250,13,250,23,246,6,6,6,6,6,NA,NA,NA,NA,2019-01-16 02:52:00,0
2019-01-16 04:00:00,WIND,600702,1,HCM,1,18974,1011,260,16,260,24,254,6,6,6,6,6,NA,NA,NA,NA,2019-01-16 03:51:00,0
2019-01-16 05:00:00,WIND,600702,1,HCM,1,18974,1011,260,21,260,32,438,6,6,6,6,6,NA,NA,NA,NA,2019-01-16 04:51:00,0
2019-01-16 06:00:00,WIND,600702,1,HCM,1,18974,1011,260,23,260,33,456,6,6,6,6,6,NA,NA,NA,NA,2019-01-16 05:51:00,0
2019-01-16 07:00:00,WIND,600702,1,HCM,1,18974,1011,270,23,260,34,605,6,6,6,6,6,NA,NA,NA,NA,2019-01-16 06:51:00,0
2019-01-16 08:00:00,WIND,600702,1,HCM,1,18974,1011,280,21,300,32,723,6,6,6,6,6,NA,NA,NA,NA,2019-01-16 07:51:00,0
2019-01-16 09:00:00,WIND,600702,1,HCM,1,18974,1011,280,18,290,33,754,6,6,6,6,6,NA,NA,NA,NA,2019-01-16 08:54:00,0
2019-01-16 10:00:00,WIND,600702,1,HCM,1,18974,1011,290,18,280,29,925,6,6,6,6,6,NA,NA,NA,NA,2019-01-16 09:51:00,0
2019-01-16 11:00:00,WIND,600702,1,HCM,1,18974,1011,270,16,290,24,1021,6,6,6,6,6,NA,NA,NA,NA,2019-01-16 10:51:00,0
2019-01-16 12:00:00,WIND,600702,1,HCM,1,18974,1011,280,18,300,30,1142,6,6,6,6,6,NA,NA,NA,NA,2019-01-16 11:51:00,0
2019-01-16 13:00:00,WIND,600702,1,HCM,1,18974,1011,320,15,320,28,1155,6,6,6,6,6,NA,NA,NA,NA,2019-01-16 12:51:00,0
2019-01-16 14:00:00,WIND,600702,1,HCM,1,18974,1011,300,9,350,16,1339,6,6,6,6,6,NA,NA,NA,NA,2019-01-16 13:51:00,0
2019-01-16 15:00:00,WIND,600702,1,HCM,1,18974,1011,320,9,320,17,1429,6,6,6,6,6,NA,NA,NA,NA,2019-01-16 14:51:00,0
2019-01-16 16:00:00,WIND,600702,1,HCM,1,18974,1011,340,8,330,22,1454,6,6,6,6,6,NA,NA,NA,NA,2019-01-16 15:51:00,0
2019-01-16 17:00:00,WIND,600702,1,HCM,1,18974,1011,320,10,310,21,1640,6,6,6,6,6,NA,NA,NA,NA,2019-01-16 16:51:00,0
2019-01-16 18:00:00,WIND,600702,1,HCM,1,18974,1011,320,11,360,19,1705,6,6,6,6,6,NA,NA,NA,NA,2019-01-16 17:51:00,0
2019-01-16 19:00:00,WIND,600702,1,HCM,1,18974,1011,320,15,340,32,1847,6,6,6,6,6,NA,NA,NA,NA,2019-01-16 18:51:00,0
2019-01-16 20:00:00,WIND,600702,1,HCM,1,18974,1011,360,30,10,42,1928,6,6,6,6,6,NA,NA,NA,NA,2019-01-16 19:51:00,0
2019-01-16 21:00:00,WIND,600702,1,HCM,1,18974,1011,10,30,10,41,1950,6,6,6,6,6,NA,NA,NA,NA,2019-01-16 20:54:00,0
2019-01-16 22:00:00,WIND,600702,1,HCM,1,18974,1011,360,30,350,39,2112,6,6,6,6,6,NA,NA,NA,NA,2019-01-16 21:51:00,0
2019-01-16 23:00:00,WIND,600702,1,HCM,1,18974,1011,360,27,360,39,2227,6,6,6,6,6,NA,NA,NA,NA,2019-01-16 22:51:00,0
2019-01-17 00:00:00,WIND,600702,1,HCM,1,18974,1011,360,25,360,42,2310,6,6,6,6,6,NA,NA,NA,NA,2019-01-16 23:51:00,0
2019-01-17 01:00:00,WIND,600702,1,HCM,1,18974,1011,350,26,10,46,23,6,6,6,6,6,NA,NA,NA,NA,2019-01-17 00:51:00,0
2019-01-17 02:00:00,WIND,600702,1,HCM,1,18974,1011,360,29,360,39,110,6,6,6,6,6,NA,NA,NA,NA,2019-01-17 01:52:00,0
2019-01-17 03:00:00,WIND,600702,1,HCM,1,18974,1011,360,27,360,36,158,6,6,6,6,6,NA,NA,NA,NA,2019-01-17 02:52:00,0
2019-01-17 04:00:00,WIND,600702,1,HCM,1,18974,1011,360,23,10,32,256,6,6,6,6,6,NA,NA,NA,NA,2019-01-17 03:51:00,0
2019-01-17 05:00:00,WIND,600702,1,HCM,1,18974,1011,340,24,340,34,437,6,6,6,6,6,NA,NA,NA,NA,2019-01-17 04:51:00,0
2019-01-17 06:00:00,WIND,600702,1,HCM,1,18974,1011,350,26,360,43,520,6,6,6,6,6,NA,NA,NA,NA,2019-01-17 05:51:00,0
2019-01-17 07:00:00,WIND,600702,1,HCM,1,18974,1011,360,26,350,35,606,6,6,6,6,6,NA,NA,NA,NA,2019-01-17 06:51:00,0
2019-01-17 08:00:00,WIND,600702,1,HCM,1,18974,1011,10,21,360,30,650,6,6,6,6,6,NA,NA,NA,NA,2019-01-17 07:51:00,0
2019-01-17 09:00:00,WIND,600702,1,HCM,1,18974,1011,10,20,10,28,755,6,6,6,6,6,NA,NA,NA,NA,2019-01-17 08:54:00,0
2019-01-17 10:00:00,WIND,600702,1,HCM,1,18974,1011,10,17,10,24,907,6,6,6,6,6,NA,NA,NA,NA,2019-01-17 09:51:00,0
2019-01-17 11:00:00,WIND,600702,1,HCM,1,18974,1011,20,13,10,20,958,6,6,6,6,6,NA,NA,NA,NA,2019-01-17 10:51:00,0
2019-01-17 12:00:00,WIND,600702,1,HCM,1,18974,1011,10,11,20,16,1113,6,6,6,6,6,NA,NA,NA,NA,2019-01-17 11:51:00,0
2019-01-17 13:00:00,WIND,600702,1,HCM,1,18974,1011,10,9,350,13,1159,6,6,6,6,6,NA,NA,NA,NA,2019-01-17 12:51:00,0
2019-01-17 14:00:00,WIND,600702,1,HCM,1,18974,1011,20,6,10,10,1300,6,6,6,6,6,NA,NA,NA,NA,2019-01-17 13:51:00,0
2019-01-17 15:00:00,WIND,600702,1,HCM,1,18974,1011,50,3,30,5,1357,6,6,6,6,6,NA,NA,NA,NA,2019-01-17 14:51:00,0
2019-01-17 16:00:00,WIND,600702,1,HCM,1,18974,1011,80,3,90,5,1545,6,6,6,6,6,NA,NA,NA,NA,2019-01-17 15:51:00,0
2019-01-17 17:00:00,WIND,600702,1,HCM,1,18974,1011,110,3,110,5,1620,6,6,6,6,6,NA,NA,NA,NA,2019-01-17 16:51:00,0
2019-01-17 18:00:00,WIND,600702,1,HCM,1,18974,1011,170,2,200,3,1714,6,6,6,6,6,NA,NA,NA,NA,2019-01-17 17:51:00,0
2019-01-17 19:00:00,WIND,600702,1,HCM,1,18974,1011,230,1,210,3,1846,6,6,6,6,6,NA,NA,NA,NA,2019-01-17 18:51:00,0
2019-01-17 20:00:00,WIND,600702,1,HCM,1,18974,1011,190,4,180,8,1937,6,6,6,6,6,NA,NA,NA,NA,2019-01-17 19:51:00,0
2019-01-17 21:00:00,WIND,600702,1,HCM,1,18974,1011,160,8,150,13,2048,6,6,6,6,6,NA,NA,NA,NA,2019-01-17 20:54:00,0
2019-01-17 22:00:00,WIND,600702,1,HCM,1,18974,1011,160,12,150,19,2145,6,6,6,6,6,NA,NA,NA,NA,2019-01-17 21:52:00,0
2019-01-17 23:00:00,WIND,600702,1,HCM,1,18974,1011,150,16,150,23,2238,6,6,6,6,6,NA,NA,NA,NA,2019-01-17 22:51:00,0
2019-01-18 00:00:00,WIND,600702,1,HCM,1,18974,1011,150,18,150,23,2312,6,6,6,6,6,NA,NA,NA,NA,2019-01-17 23:52:00,0
2019-01-18 01:00:00,WIND,600702,1,HCM,1,18974,1011,160,20,160,26,49,6,6,6,6,6,NA,NA,NA,NA,2019-01-18 00:51:00,0
2019-01-18 02:00:00,WIND,600702,1,HCM,1,18974,1011,150,22,160,30,59,6,6,6,6,6,NA,NA,NA,NA,2019-01-18 01:51:00,0
2019-01-18 03:00:00,WIND,600702,1,HCM,1,18974,1011,150,23,150,31,245,6,6,6,6,6,NA,NA,NA,NA,2019-01-18 02:52:00,0
2019-01-18 04:00:00,WIND,600702,1,HCM,1,18974,1011,150,25,140,34,337,6,6,6,6,6,NA,NA,NA,NA,2019-01-18 03:51:00,0
2019-01-18 05:00:00,WIND,600702,1,HCM,1,18974,1011,160,25,150,33,407,6,6,6,6,6,NA,NA,NA,NA,2019-01-18 04:52:00,0
2019-01-18 06:00:00,WIND,600702,1,HCM,1,18974,1011,160,24,150,31,521,6,6,6,6,6,NA,NA,NA,NA,2019-01-18 05:51:00,0
2019-01-18 07:00:00,WIND,600702,1,HCM,1,18974,1011,140,24,140,32,619,6,6,6,6,6,NA,NA,NA,NA,2019-01-18 06:51:00,0
2019-01-18 08:00:00,WIND,600702,1,HCM,1,18974,1011,130,25,130,33,744,6,6,6,6,6,NA,NA,NA,NA,2019-01-18 07:51:00,0
2019-01-18 09:00:00,WIND,600702,1,HCM,1,18974,1011,130,28,130,37,840,6,6,6,6,6,NA,NA,NA,NA,2019-01-18 08:54:00,0
2019-01-18 10:00:00,WIND,600702,1,HCM,1,18974,1011,130,29,130,36,930,6,6,6,6,6,NA,NA,NA,NA,2019-01-18 09:51:00,0
2019-01-18 11:00:00,WIND,600702,1,HCM,1,18974,1011,130,30,130,38,1030,6,6,6,6,6,NA,NA,NA,NA,2019-01-18 10:51:00,0
2019-01-18 12:00:00,WIND,600702,1,HCM,1,18974,1011,130,30,130,40,1053,6,6,6,6,6,NA,NA,NA,NA,2019-01-18 11:51:00,0
2019-01-18 13:00:00,WIND,600702,1,HCM,1,18974,1011,130,31,130,40,1235,6,6,6,6,6,NA,NA,NA,NA,2019-01-18 12:51:00,0
2019-01-18 14:00:00,WIND,600702,1,HCM,1,18974,1011,130,30,130,39,1307,6,6,6,6,6,NA,NA,NA,NA,2019-01-18 13:51:00,0
2019-01-18 15:00:00,WIND,600702,1,HCM,1,18974,1011,130,29,130,37,1356,6,6,6,6,6,NA,NA,NA,NA,2019-01-18 14:51:00,0
2019-01-18 16:00:00,WIND,600702,1,HCM,1,18974,1011,130,28,130,37,1519,6,6,6,6,6,NA,NA,NA,NA,2019-01-18 15:51:00,0
2019-01-18 17:00:00,WIND,600702,1,HCM,1,18974,1011,130,27,140,36,1555,6,6,6,6,6,NA,NA,NA,NA,2019-01-18 16:51:00,0
2019-01-18 18:00:00,WIND,600702,1,HCM,1,18974,1011,120,25,120,32,1702,6,6,6,6,6,NA,NA,NA,NA,2019-01-18 17:51:00,0
2019-01-18 19:00:00,WIND,600702,1,HCM,1,18974,1011,120,24,120,32,1754,6,6,6,6,6,NA,NA,NA,NA,2019-01-18 18:52:00,0
2019-01-18 20:00:00,WIND,600702,1,HCM,1,18974,1011,120,23,120,29,1920,6,6,6,6,6,NA,NA,NA,NA,2019-01-18 19:53:00,0
2019-01-18 21:00:00,WIND,600702,1,HCM,1,18974,1011,120,22,120,29,2028,6,6,6,6,6,NA,NA,NA,NA,2019-01-18 20:54:00,0
2019-01-18 22:00:00,WIND,600702,1,HCM,1,18974,1011,120,22,120,28,2144,6,6,6,6,6,NA,NA,NA,NA,2019-01-18 21:51:00,0
2019-01-18 23:00:00,WIND,600702,1,HCM,1,18974,1011,120,22,110,28,2210,6,6,6,6,6,NA,NA,NA,NA,2019-01-18 22:51:00,0
2019-01-19 00:00:00,WIND,600702,1,HCM,1,18974,1011,120,23,120,29,2304,6,6,6,6,6,NA,NA,NA,NA,2019-01-18 23:51:00,0
2019-01-19 01:00:00,WIND,600702,1,HCM,1,18974,1011,120,21,110,27,0,6,6,6,6,6,NA,NA,NA,NA,2019-01-19 00:51:00,0
2019-01-19 02:00:00,WIND,600702,1,HCM,1,18974,1011,120,19,110,25,55,6,6,6,6,6,NA,NA,NA,NA,2019-01-19 01:51:00,0
2019-01-19 03:00:00,WIND,600702,1,HCM,1,18974,1011,120,19,130,25,217,6,6,6,6,6,NA,NA,NA,NA,2019-01-19 02:51:00,0
2019-01-19 04:00:00,WIND,600702,1,HCM,1,18974,1011,130,21,130,27,258,6,6,6,6,6,NA,NA,NA,NA,2019-01-19 03:51:00,0
2019-01-19 05:00:00,WIND,600702,1,HCM,1,18974,1011,130,20,130,26,403,6,6,6,6,6,NA,NA,NA,NA,2019-01-19 04:51:00,0
2019-01-19 06:00:00,WIND,600702,1,HCM,1,18974,1011,130,18,130,23,537,6,6,6,6,6,NA,NA,NA,NA,2019-01-19 05:51:00,0
2019-01-19 07:00:00,WIND,600702,1,HCM,1,18974,1011,120,16,120,22,609,6,6,6,6,6,NA,NA,NA,NA,2019-01-19 06:51:00,0
2019-01-19 08:00:00,WIND,600702,1,HCM,1,18974,1011,120,15,130,21,656,6,6,6,6,6,NA,NA,NA,NA,2019-01-19 07:51:00,0
2019-01-19 09:00:00,WIND,600702,1,HCM,1,18974,1011,110,13,110,17,750,6,6,6,6,6,NA,NA,NA,NA,2019-01-19 08:54:00,0
2019-01-19 10:00:00,WIND,600702,1,HCM,1,18974,1011,120,13,120,17,942,6,6,6,6,6,NA,NA,NA,NA,2019-01-19 09:51:00,0
2019-01-19 11:00:00,WIND,600702,1,HCM,1,18974,1011,120,14,120,19,1004,6,6,6,6,6,NA,NA,NA,NA,2019-01-19 10:52:00,0
2019-01-19 12:00:00,WIND,600702,1,HCM,1,18974,1011,130,14,130,19,1118,6,6,6,6,6,NA,NA,NA,NA,2019-01-19 11:53:00,0
2019-01-19 13:00:00,WIND,600702,1,HCM,1,18974,1011,120,12,120,16,1151,6,6,6,6,6,NA,NA,NA,NA,2019-01-19 12:52:00,0
2019-01-19 14:00:00,WIND,600702,1,HCM,1,18974,1011,130,12,120,16,1307,6,6,6,6,6,NA,NA,NA,NA,2019-01-19 13:51:00,0
2019-01-19 15:00:00,WIND,600702,1,HCM,1,18974,1011,130,12,140,16,1446,6,6,6,6,6,NA,NA,NA,NA,2019-01-19 14:51:00,0
2019-01-19 16:00:00,WIND,600702,1,HCM,1,18974,1011,130,12,130,15,1532,6,6,6,6,6,NA,NA,NA,NA,2019-01-19 15:51:00,0
2019-01-19 17:00:00,WIND,600702,1,HCM,1,18974,1011,130,12,140,15,1612,6,6,6,6,6,NA,NA,NA,NA,2019-01-19 16:51:00,0
2019-01-19 18:00:00,WIND,600702,1,HCM,1,18974,1011,140,10,140,14,1659,6,6,6,6,6,NA,NA,NA,NA,2019-01-19 17:51:00,0
2019-01-19 19:00:00,WIND,600702,1,HCM,1,18974,1011,140,9,120,13,1803,6,6,6,6,6,NA,NA,NA,NA,2019-01-19 18:51:00,0
2019-01-19 20:00:00,WIND,600702,1,HCM,1,18974,1011,160,8,160,11,1938,6,6,6,6,6,NA,NA,NA,NA,2019-01-19 19:52:00,0
2019-01-19 21:00:00,WIND,600702,1,HCM,1,18974,1011,150,9,150,12,2015,6,6,6,6,6,NA,NA,NA,NA,2019-01-19 20:54:00,0
2019-01-19 22:00:00,WIND,600702,1,HCM,1,18974,1011,140,10,140,13,2141,6,6,6,6,6,NA,NA,NA,NA,2019-01-19 21:51:00,0
2019-01-19 23:00:00,WIND,600702,1,HCM,1,18974,1011,140,11,150,15,2221,6,6,6,6,6,NA,NA,NA,NA,2019-01-19 22:51:00,0
2019-01-20 00:00:00,WIND,600702,1,HCM,1,18974,1011,150,11,150,15,2317,6,6,6,6,6,NA,NA,NA,NA,2019-01-19 23:51:00,0
2019-01-20 01:00:00,WIND,600702,1,HCM,1,18974,1011,150,10,150,13,35,6,6,6,6,6,NA,NA,NA,NA,2019-01-20 00:51:00,0
2019-01-20 02:00:00,WIND,600702,1,HCM,1,18974,1011,150,12,150,16,126,6,6,6,6,6,NA,NA,NA,NA,2019-01-20 01:51:00,0
2019-01-20 03:00:00,WIND,600702,1,HCM,1,18974,1011,160,12,170,17,227,6,6,6,6,6,NA,NA,NA,NA,2019-01-20 02:51:00,0
2019-01-20 04:00:00,WIND,600702,1,HCM,1,18974,1011,170,13,170,16,300,6,6,6,6,6,NA,NA,NA,NA,2019-01-20 03:51:00,0
2019-01-20 05:00:00,WIND,600702,1,HCM,1,18974,1011,180,11,180,16,354,6,6,6,6,6,NA,NA,NA,NA,2019-01-20 04:51:00,0
2019-01-20 06:00:00,WIND,600702,1,HCM,1,18974,1011,190,8,180,12,530,6,6,6,6,6,NA,NA,NA,NA,2019-01-20 05:51:00,0
2019-01-20 07:00:00,WIND,600702,1,HCM,1,18974,1011,320,19,340,30,645,6,6,6,6,6,NA,NA,NA,NA,2019-01-20 06:51:00,0
2019-01-20 08:00:00,WIND,600702,1,HCM,1,18974,1011,330,19,330,28,702,6,6,6,6,6,NA,NA,NA,NA,2019-01-20 07:51:00,0
2019-01-20 09:00:00,WIND,600702,1,HCM,1,18974,1011,330,20,330,29,753,6,6,6,6,6,NA,NA,NA,NA,2019-01-20 08:55:00,0
2019-01-20 10:00:00,WIND,600702,1,HCM,1,18974,1011,330,20,320,29,904,6,6,6,6,6,NA,NA,NA,NA,2019-01-20 09:52:00,0
2019-01-20 11:00:00,WIND,600702,1,HCM,1,18974,1011,330,19,340,28,958,6,6,6,6,6,NA,NA,NA,NA,2019-01-20 10:51:00,0
2019-01-20 12:00:00,WIND,600702,1,HCM,1,18974,1011,330,18,310,27,1109,6,6,6,6,6,NA,NA,NA,NA,2019-01-20 11:51:00,0
2019-01-20 13:00:00,WIND,600702,1,HCM,1,18974,1011,330,17,330,28,1239,6,6,6,6,6,NA,NA,NA,NA,2019-01-20 12:52:00,0
2019-01-20 14:00:00,WIND,600702,1,HCM,1,18974,1011,330,16,330,23,1314,6,6,6,6,6,NA,NA,NA,NA,2019-01-20 13:51:00,0
2019-01-20 15:00:00,WIND,600702,1,HCM,1,18974,1011,310,15,300,22,1359,6,6,6,6,6,NA,NA,NA,NA,2019-01-20 14:51:00,0
2019-01-20 16:00:00,WIND,600702,1,HCM,1,18974,1011,320,15,310,20,1538,6,6,6,6,6,NA,NA,NA,NA,2019-01-20 15:51:00,0
2019-01-20 17:00:00,WIND,600702,1,HCM,1,18974,1011,310,12,320,19,1552,6,6,6,6,6,NA,NA,NA,NA,2019-01-20 16:52:00,0
2019-01-20 18:00:00,WIND,600702,1,HCM,1,18974,1011,320,12,320,24,1713,6,6,6,6,6,NA,NA,NA,NA,2019-01-20 17:51:00,0
2019-01-20 19:00:00,WIND,600702,1,HCM,1,18974,1011,280,7,310,17,1755,6,6,6,6,6,NA,NA,NA,NA,2019-01-20 18:51:00,0
2019-01-20 20:00:00,WIND,600702,1,HCM,1,18974,1011,290,8,290,11,1854,6,6,6,6,6,NA,NA,NA,NA,2019-01-20 19:51:00,0
2019-01-20 21:00:00,WIND,600702,1,HCM,1,18974,1011,270,8,270,12,2041,6,6,6,6,6,NA,NA,NA,NA,2019-01-20 20:53:00,0
2019-01-20 22:00:00,WIND,600702,1,HCM,1,18974,1011,270,9,280,14,2055,6,6,6,6,6,NA,NA,NA,NA,2019-01-20 21:52:00,0
2019-01-20 23:00:00,WIND,600702,1,HCM,1,18974,1011,250,7,230,10,2205,6,6,6,6,6,NA,NA,NA,NA,2019-01-20 22:51:00,0
2019-01-21 00:00:00,WIND,600702,1,HCM,1,18974,1011,240,8,230,13,2312,6,6,6,6,6,NA,NA,NA,NA,2019-01-20 23:51:00,0
2019-01-21 01:00:00,WIND,600702,1,HCM,1,18974,1011,230,8,230,12,29,6,6,6,6,6,NA,NA,NA,NA,2019-01-21 00:51:00,0
2019-01-21 02:00:00,WIND,600702,1,HCM,1,18974,1011,210,10,230,15,111,6,6,6,6,6,NA,NA,NA,NA,2019-01-21 01:51:00,0
2019-01-21 03:00:00,WIND,600702,1,HCM,1,18974,1011,230,12,230,21,229,6,6,6,6,6,NA,NA,NA,NA,2019-01-21 02:51:00,0
2019-01-21 04:00:00,WIND,600702,1,HCM,1,18974,1011,210,13,200,22,340,6,6,6,6,6,NA,NA,NA,NA,2019-01-21 03:51:00,0
2019-01-21 05:00:00,WIND,600702,1,HCM,1,18974,1011,210,15,200,23,419,6,6,6,6,6,NA,NA,NA,NA,2019-01-21 04:51:00,0
2019-01-21 06:00:00,WIND,600702,1,HCM,1,18974,1011,200,16,200,25,527,6,6,6,6,6,NA,NA,NA,NA,2019-01-21 05:51:00,0
2019-01-21 07:00:00,WIND,600702,1,HCM,1,18974,1011,200,19,200,30,646,6,6,6,6,6,NA,NA,NA,NA,2019-01-21 06:51:00,0
2019-01-21 08:00:00,WIND,600702,1,HCM,1,18974,1011,200,22,190,31,743,6,6,6,6,6,NA,NA,NA,NA,2019-01-21 07:51:00,0
2019-01-21 09:00:00,WIND,600702,1,HCM,1,18974,1011,190,23,200,34,825,6,6,6,6,6,NA,NA,NA,NA,2019-01-21 08:54:00,0
2019-01-21 10:00:00,WIND,600702,1,HCM,1,18974,1011,190,27,180,37,918,6,6,6,6,6,NA,NA,NA,NA,2019-01-21 09:51:00,0
2019-01-21 11:00:00,WIND,600702,1,HCM,1,18974,1011,190,28,180,39,1029,6,6,6,6,6,NA,NA,NA,NA,2019-01-21 10:52:00,0
2019-01-21 12:00:00,WIND,600702,1,HCM,1,18974,1011,180,28,180,39,1052,6,6,6,6,6,NA,NA,NA,NA,2019-01-21 11:51:00,0
2019-01-21 13:00:00,WIND,600702,1,HCM,1,18974,1011,180,30,180,41,1216,6,6,6,6,6,NA,NA,NA,NA,2019-01-21 12:51:00,0
2019-01-21 14:00:00,WIND,600702,1,HCM,1,18974,1011,180,32,170,42,1340,6,6,6,6,6,NA,NA,NA,NA,2019-01-21 13:51:00,0
2019-01-21 15:00:00,WIND,600702,1,HCM,1,18974,1011,180,33,170,45,1443,6,6,6,6,6,NA,NA,NA,NA,2019-01-21 14:51:00,0
2019-01-21 16:00:00,WIND,600702,1,HCM,1,18974,1011,180,33,180,45,1520,6,6,6,6,6,NA,NA,NA,NA,2019-01-21 15:51:00,0
2019-01-21 17:00:00,WIND,600702,1,HCM,1,18974,1011,230,21,200,40,1550,6,6,6,6,6,NA,NA,NA,NA,2019-01-21 16:51:00,0
2019-01-21 18:00:00,WIND,600702,1,HCM,1,18974,1011,300,16,290,27,1708,6,6,6,6,6,NA,NA,NA,NA,2019-01-21 17:51:00,0
2019-01-21 19:00:00,WIND,600702,1,HCM,1,18974,1011,290,10,300,21,1836,6,6,6,6,6,NA,NA,NA,NA,2019-01-21 18:51:00,0
2019-01-21 20:00:00,WIND,600702,1,HCM,1,18974,1011,290,15,290,26,1922,6,6,6,6,6,NA,NA,NA,NA,2019-01-21 19:51:00,0
2019-01-21 21:00:00,WIND,600702,1,HCM,1,18974,1011,280,12,290,29,2049,6,6,6,6,6,NA,NA,NA,NA,2019-01-21 20:54:00,0
2019-01-21 22:00:00,WIND,600702,1,HCM,1,18974,1011,280,13,290,25,2050,6,6,6,6,6,NA,NA,NA,NA,2019-01-21 21:51:00,0
2019-01-21 23:00:00,WIND,600702,1,HCM,1,18974,1011,310,18,310,25,2158,6,6,6,6,6,NA,NA,NA,NA,2019-01-21 22:51:00,0
2019-01-22 00:00:00,WIND,600702,1,HCM,1,18974,1011,330,12,320,21,2254,6,6,6,6,6,NA,NA,NA,NA,2019-01-21 23:51:00,0
2019-01-22 01:00:00,WIND,600702,1,HCM,1,18974,1011,310,9,300,20,38,6,6,6,6,6,NA,NA,NA,NA,2019-01-22 00:51:00,0
2019-01-22 02:00:00,WIND,600702,1,HCM,1,18974,1011,290,10,310,17,110,6,6,6,6,6,NA,NA,NA,NA,2019-01-22 01:51:00,0
2019-01-22 03:00:00,WIND,600702,1,HCM,1,18974,1011,280,9,270,21,215,6,6,6,6,6,NA,NA,NA,NA,2019-01-22 02:52:00,0
2019-01-22 04:00:00,WIND,600702,1,HCM,1,18974,1011,280,6,320,15,347,6,6,6,6,6,NA,NA,NA,NA,2019-01-22 03:51:00,0
2019-01-22 05:00:00,WIND,600702,1,HCM,1,18974,1011,280,11,300,23,446,6,6,6,6,6,NA,NA,NA,NA,2019-01-22 04:52:00,0
2019-01-22 06:00:00,WIND,600702,1,HCM,1,18974,1011,310,11,310,20,452,6,6,6,6,6,NA,NA,NA,NA,2019-01-22 05:51:00,0
2019-01-22 07:00:00,WIND,600702,1,HCM,1,18974,1011,250,6,230,11,551,6,6,6,6,6,NA,NA,NA,NA,2019-01-22 06:51:00,0
2019-01-22 08:00:00,WIND,600702,1,HCM,1,18974,1011,210,4,180,7,727,6,6,6,6,6,NA,NA,NA,NA,2019-01-22 07:51:00,0
2019-01-22 09:00:00,WIND,600702,1,HCM,1,18974,1011,310,11,280,29,805,6,6,6,6,6,NA,NA,NA,NA,2019-01-22 08:54:00,0
2019-01-22 10:00:00,WIND,600702,1,HCM,1,18974,1011,290,11,280,16,918,6,6,6,6,6,NA,NA,NA,NA,2019-01-22 09:51:00,0
2019-01-22 11:00:00,WIND,600702,1,HCM,1,18974,1011,280,11,270,18,1017,6,6,6,6,6,NA,NA,NA,NA,2019-01-22 10:51:00,0
2019-01-22 12:00:00,WIND,600702,1,HCM,1,18974,1011,280,11,320,20,1108,6,6,6,6,6,NA,NA,NA,NA,2019-01-22 11:51:00,0
2019-01-22 13:00:00,WIND,600702,1,HCM,1,18974,1011,240,9,260,25,1207,6,6,6,6,6,NA,NA,NA,NA,2019-01-22 12:51:00,0
2019-01-22 14:00:00,WIND,600702,1,HCM,1,18974,1011,290,9,310,20,1255,6,6,6,6,6,NA,NA,NA,NA,2019-01-22 13:52:00,0
2019-01-22 15:00:00,WIND,600702,1,HCM,1,18974,1011,310,13,320,22,1449,6,6,6,6,6,NA,NA,NA,NA,2019-01-22 14:51:00,0
2019-01-22 16:00:00,WIND,600702,1,HCM,1,18974,1011,310,14,320,24,1523,6,6,6,6,6,NA,NA,NA,NA,2019-01-22 15:51:00,0
2019-01-22 17:00:00,WIND,600702,1,HCM,1,18974,1011,320,12,320,19,1556,6,6,6,6,6,NA,NA,NA,NA,2019-01-22 16:51:00,0
2019-01-22 18:00:00,WIND,600702,1,HCM,1,18974,1011,320,14,320,26,1725,6,6,6,6,6,NA,NA,NA,NA,2019-01-22 17:51:00,0
2019-01-22 19:00:00,WIND,600702,1,HCM,1,18974,1011,310,14,310,23,1801,6,6,6,6,6,NA,NA,NA,NA,2019-01-22 18:51:00,0
2019-01-22 20:00:00,WIND,600702,1,HCM,1,18974,1011,320,11,330,23,1939,6,6,6,6,6,NA,NA,NA,NA,2019-01-22 19:51:00,0
2019-01-22 21:00:00,WIND,600702,1,HCM,1,18974,1011,330,8,320,17,2037,6,6,6,6,6,NA,NA,NA,NA,2019-01-22 20:56:00,0
2019-01-22 22:00:00,WIND,600702,1,HCM,1,18974,1011,300,8,300,16,2103,6,6,6,6,6,NA,NA,NA,NA,2019-01-22 21:51:00,0
2019-01-22 23:00:00,WIND,600702,1,HCM,1,18974,1011,310,7,310,10,2153,6,6,6,6,6,NA,NA,NA,NA,2019-01-22 22:51:00,0
2019-01-23 00:00:00,WIND,600702,1,HCM,1,18974,1011,310,12,310,19,2313,6,6,6,6,6,NA,NA,NA,NA,2019-01-22 23:51:00,0
2019-01-23 01:00:00,WIND,600702,1,HCM,1,18974,1011,350,8,350,14,2356,6,6,6,6,6,NA,NA,NA,NA,2019-01-23 00:51:00,0
2019-01-23 02:00:00,WIND,600702,1,HCM,1,18974,1011,310,5,290,10,137,6,6,6,6,6,NA,NA,NA,NA,2019-01-23 01:51:00,0
2019-01-23 03:00:00,WIND,600702,1,HCM,1,18974,1011,10,5,20,10,215,6,6,6,6,6,NA,NA,NA,NA,2019-01-23 02:51:00,0
2019-01-23 04:00:00,WIND,600702,1,HCM,1,18974,1011,160,2,230,4,334,6,6,6,6,6,NA,NA,NA,NA,2019-01-23 03:51:00,0
2019-01-23 05:00:00,WIND,600702,1,HCM,1,18974,1011,190,4,200,5,433,6,6,6,6,6,NA,NA,NA,NA,2019-01-23 04:51:00,0
2019-01-23 06:00:00,WIND,600702,1,HCM,1,18974,1011,280,4,320,15,521,6,6,6,6,6,NA,NA,NA,NA,2019-01-23 05:51:00,0
2019-01-23 07:00:00,WIND,600702,1,HCM,1,18974,1011,200,5,240,12,628,6,6,6,6,6,NA,NA,NA,NA,2019-01-23 06:51:00,0
2019-01-23 08:00:00,WIND,600702,1,HCM,1,18974,1011,210,7,210,9,709,6,6,6,6,6,NA,NA,NA,NA,2019-01-23 07:51:00,0
2019-01-23 09:00:00,WIND,600702,1,HCM,1,18974,1011,260,4,280,12,810,6,6,6,6,6,NA,NA,NA,NA,2019-01-23 08:53:00,0
2019-01-23 10:00:00,WIND,600702,1,HCM,1,18974,1011,270,6,280,9,916,6,6,6,6,6,NA,NA,NA,NA,2019-01-23 09:52:00,0
2019-01-23 11:00:00,WIND,600702,1,HCM,1,18974,1011,280,6,280,8,1007,6,6,6,6,6,NA,NA,NA,NA,2019-01-23 10:51:00,0
2019-01-23 12:00:00,WIND,600702,1,HCM,1,18974,1011,250,5,250,8,1131,6,6,6,6,6,NA,NA,NA,NA,2019-01-23 11:51:00,0
2019-01-23 13:00:00,WIND,600702,1,HCM,1,18974,1011,280,8,270,15,1209,6,6,6,6,6,NA,NA,NA,NA,2019-01-23 12:51:00,0
2019-01-23 14:00:00,WIND,600702,1,HCM,1,18974,1011,230,5,230,8,1257,6,6,6,6,6,NA,NA,NA,NA,2019-01-23 13:51:00,0
2019-01-23 15:00:00,WIND,600702,1,HCM,1,18974,1011,240,5,270,11,1445,6,6,6,6,6,NA,NA,NA,NA,2019-01-23 14:51:00,0
2019-01-23 16:00:00,WIND,600702,1,HCM,1,18974,1011,280,6,270,9,1451,6,6,6,6,6,NA,NA,NA,NA,2019-01-23 15:51:00,0
2019-01-23 17:00:00,WIND,600702,1,HCM,1,18974,1011,260,7,270,13,1613,6,6,6,6,6,NA,NA,NA,NA,2019-01-23 16:52:00,0
2019-01-23 18:00:00,WIND,600702,1,HCM,1,18974,1011,260,6,280,11,1728,6,6,6,6,6,NA,NA,NA,NA,2019-01-23 17:51:00,0
2019-01-23 19:00:00,WIND,600702,1,HCM,1,18974,1011,280,7,270,11,1807,6,6,6,6,6,NA,NA,NA,NA,2019-01-23 18:51:00,0
2019-01-23 20:00:00,WIND,600702,1,HCM,1,18974,1011,290,6,290,8,1915,6,6,6,6,6,NA,NA,NA,NA,2019-01-23 19:52:00,0
2019-01-23 21:00:00,WIND,600702,1,HCM,1,18974,1011,290,6,300,13,2048,6,6,6,6,6,NA,NA,NA,NA,2019-01-23 20:54:00,0
2019-01-23 22:00:00,WIND,600702,1,HCM,1,18974,1011,300,10,300,14,2059,6,6,6,6,6,NA,NA,NA,NA,2019-01-23 21:51:00,0
2019-01-23 23:00:00,WIND,600702,1,HCM,1,18974,1011,300,9,300,13,2214,6,6,6,6,6,NA,NA,NA,NA,2019-01-24 00:01:00,0
2019-01-24 00:00:00,WIND,600702,1,HCM,1,18974,1011,300,10,330,17,2258,6,6,6,6,6,NA,NA,NA,NA,2019-01-24 00:03:00,0
2019-01-24 01:00:00,WIND,600702,1,HCM,1,18974,1011,280,8,280,11,14,6,6,6,6,6,NA,NA,NA,NA,2019-01-24 00:51:00,0
2019-01-24 02:00:00,WIND,600702,1,HCM,1,18974,1011,310,9,270,16,51,6,6,6,6,6,NA,NA,NA,NA,2019-01-24 01:51:00,0
2019-01-24 03:00:00,WIND,600702,1,HCM,1,18974,1011,300,8,330,12,239,6,6,6,6,6,NA,NA,NA,NA,2019-01-24 02:51:00,0
2019-01-24 04:00:00,WIND,600702,1,HCM,1,18974,1011,320,7,310,11,250,6,6,6,6,6,NA,NA,NA,NA,2019-01-24 03:51:00,0
2019-01-24 05:00:00,WIND,600702,1,HCM,1,18974,1011,310,6,340,10,419,6,6,6,6,6,NA,NA,NA,NA,2019-01-24 04:51:00,0
2019-01-24 06:00:00,WIND,600702,1,HCM,1,18974,1011,300,5,320,6,452,6,6,6,6,6,NA,NA,NA,NA,2019-01-24 05:51:00,0
2019-01-24 07:00:00,WIND,600702,1,HCM,1,18974,1011,310,4,320,6,551,6,6,6,6,6,NA,NA,NA,NA,2019-01-24 06:51:00,0
2019-01-24 08:00:00,WIND,600702,1,HCM,1,18974,1011,250,4,240,6,717,6,6,6,6,6,NA,NA,NA,NA,2019-01-24 07:51:00,0
2019-01-24 09:00:00,WIND,600702,1,HCM,1,18974,1011,240,4,250,6,752,6,6,6,6,6,NA,NA,NA,NA,2019-01-24 08:53:00,0
2019-01-24 10:00:00,WIND,600702,1,HCM,1,18974,1011,220,5,220,6,904,6,6,6,6,6,NA,NA,NA,NA,2019-01-24 09:51:00,0
2019-01-24 11:00:00,WIND,600702,1,HCM,1,18974,1011,190,3,210,4,956,6,6,6,6,6,NA,NA,NA,NA,2019-01-24 10:51:00,0
2019-01-24 12:00:00,WIND,600702,1,HCM,1,18974,1011,190,4,210,8,1148,6,6,6,6,6,NA,NA,NA,NA,2019-01-24 11:51:00,0
2019-01-24 13:00:00,WIND,600702,1,HCM,1,18974,1011,190,8,180,11,1226,6,6,6,6,6,NA,NA,NA,NA,2019-01-24 12:51:00,0
2019-01-24 14:00:00,WIND,600702,1,HCM,1,18974,1011,170,9,170,13,1348,6,6,6,6,6,NA,NA,NA,NA,2019-01-28 11:52:00,789
2019-01-24 15:00:00,WIND,600702,1,HCM,1,18974,1011,170,11,170,15,1448,6,6,6,6,6,NA,NA,NA,NA,2019-01-28 11:53:00,788
2019-01-24 16:00:00,WIND,600702,1,HCM,1,18974,1011,170,13,170,17,1547,6,6,6,6,6,NA,NA,NA,NA,2019-01-28 11:54:00,787
2019-01-24 17:00:00,WIND,600702,1,HCM,1,18974,1011,170,13,170,18,1613,6,6,6,6,6,NA,NA,NA,NA,2019-01-28 11:54:00,787
2019-01-24 18:00:00,WIND,600702,1,HCM,1,18974,1011,180,10,170,16,1700,6,6,6,6,6,NA,NA,NA,NA,2019-01-28 11:55:00,786
2019-01-24 19:00:00,WIND,600702,1,HCM,1,18974,1011,270,11,270,18,1824,6,6,6,6,6,NA,NA,NA,NA,2019-01-28 11:57:00,784
2019-01-24 20:00:00,WIND,600702,1,HCM,1,18974,1011,260,11,260,17,1931,6,6,6,6,6,NA,NA,NA,NA,2019-01-28 11:58:00,783
2019-01-24 21:00:00,WIND,600702,1,HCM,1,18974,1011,260,12,270,17,1957,6,6,6,6,6,NA,NA,NA,NA,2019-01-28 12:00:00,781
2019-01-24 22:00:00,WIND,600702,1,HCM,1,18974,1011,260,11,260,16,2112,6,6,6,6,6,NA,NA,NA,NA,2019-01-28 12:01:00,780
2019-01-24 23:00:00,WIND,600702,1,HCM,1,18974,1011,270,16,280,25,2211,6,6,6,6,6,NA,NA,NA,NA,2019-01-28 12:01:00,780
2019-01-25 00:00:00,WIND,600702,1,HCM,1,18974,1011,270,18,270,29,2345,6,6,6,6,6,NA,NA,NA,NA,2019-01-28 12:05:00,776
2019-01-25 01:00:00,WIND,600702,1,HCM,1,18974,1011,280,19,270,29,8,6,6,6,6,6,NA,NA,NA,NA,2019-01-28 12:06:00,775
2019-01-25 02:00:00,WIND,600702,1,HCM,1,18974,1011,280,18,270,27,134,6,6,6,6,6,NA,NA,NA,NA,2019-01-28 12:06:00,775
2019-01-25 03:00:00,WIND,600702,1,HCM,1,18974,1011,280,19,290,27,222,6,6,6,6,6,NA,NA,NA,NA,2019-01-28 12:06:00,775
2019-01-25 04:00:00,WIND,600702,1,HCM,1,18974,1011,270,19,270,28,257,6,6,6,6,6,NA,NA,NA,NA,2019-01-28 12:07:00,774
2019-01-25 05:00:00,WIND,600702,1,HCM,1,18974,1011,270,18,280,28,352,6,6,6,6,6,NA,NA,NA,NA,2019-01-28 12:07:00,774
2019-01-25 06:00:00,WIND,600702,1,HCM,1,18974,1011,270,19,290,28,536,6,6,6,6,6,NA,NA,NA,NA,2019-01-28 12:07:00,774
2019-01-25 07:00:00,WIND,600702,1,HCM,1,18974,1011,270,20,270,29,550,6,6,6,6,6,NA,NA,NA,NA,2019-01-28 12:08:00,773
2019-01-25 08:00:00,WIND,600702,1,HCM,1,18974,1011,280,19,290,30,701,6,6,6,6,6,NA,NA,NA,NA,2019-01-28 12:08:00,773
2019-01-25 09:00:00,WIND,600702,1,HCM,1,18974,1011,280,16,280,23,750,6,6,6,6,6,NA,NA,NA,NA,2019-01-28 12:10:00,771
2019-01-25 10:00:00,WIND,600702,1,HCM,1,18974,1011,280,15,270,23,946,6,6,6,6,6,NA,NA,NA,NA,2019-01-28 12:10:00,771
2019-01-25 11:00:00,WIND,600702,1,HCM,1,18974,1011,290,16,280,24,953,6,6,6,6,6,NA,NA,NA,NA,2019-01-28 12:10:00,771
2019-01-25 12:00:00,WIND,600702,1,HCM,1,18974,1011,280,12,280,19,1103,6,6,6,6,6,NA,NA,NA,NA,2019-01-28 12:11:00,770
2019-01-25 13:00:00,WIND,600702,1,HCM,1,18974,1011,280,13,280,19,1221,6,6,6,6,6,NA,NA,NA,NA,2019-01-28 12:11:00,770
2019-01-25 14:00:00,WIND,600702,1,HCM,1,18974,1011,270,15,270,24,1331,6,6,6,6,6,NA,NA,NA,NA,2019-01-28 12:11:00,770
2019-01-25 15:00:00,WIND,600702,1,HCM,1,18974,1011,270,13,280,23,1351,6,6,6,6,6,NA,NA,NA,NA,2019-01-28 12:11:00,770
2019-01-25 16:00:00,WIND,600702,1,HCM,1,18974,1011,250,13,260,23,1544,6,6,6,6,6,NA,NA,NA,NA,2019-01-28 12:13:00,768
2019-01-25 17:00:00,WIND,600702,1,HCM,1,18974,1011,250,18,250,26,1607,6,6,6,6,6,NA,NA,NA,NA,2019-01-28 12:13:00,768
2019-01-25 18:00:00,WIND,600702,1,HCM,1,18974,1011,250,20,250,29,1732,6,6,6,6,6,NA,NA,NA,NA,2019-01-28 12:13:00,768
2019-01-25 19:00:00,WIND,600702,1,HCM,1,18974,1011,260,22,260,33,1822,6,6,6,6,6,NA,NA,NA,NA,2019-01-28 12:13:00,768
2019-01-25 20:00:00,WIND,600702,1,HCM,1,18974,1011,250,23,260,31,1923,6,6,6,6,6,NA,NA,NA,NA,2019-01-28 12:14:00,767
2019-01-25 21:00:00,WIND,600702,1,HCM,1,18974,1011,250,22,260,31,2029,6,6,6,6,6,NA,NA,NA,NA,2019-01-28 12:16:00,765
2019-01-25 22:00:00,WIND,600702,1,HCM,1,18974,1011,250,23,260,31,2059,6,6,6,6,6,NA,NA,NA,NA,2019-01-28 12:16:00,765
2019-01-25 23:00:00,WIND,600702,1,HCM,1,18974,1011,250,20,250,29,2215,6,6,6,6,6,NA,NA,NA,NA,2019-01-28 12:17:00,764
2019-01-26 00:00:00,WIND,600702,1,HCM,1,18974,1011,250,19,250,27,2310,6,6,6,6,6,NA,NA,NA,NA,2019-01-28 12:17:00,764
2019-01-26 01:00:00,WIND,600702,1,HCM,1,18974,1011,250,19,250,27,6,6,6,6,6,6,NA,NA,NA,NA,2019-01-28 12:17:00,764
2019-01-26 02:00:00,WIND,600702,1,HCM,1,18974,1011,240,18,240,29,57,6,6,6,6,6,NA,NA,NA,NA,2019-01-28 12:17:00,764
2019-01-26 03:00:00,WIND,600702,1,HCM,1,18974,1011,230,18,230,27,235,6,6,6,6,6,NA,NA,NA,NA,2019-01-28 12:18:00,763
2019-01-26 04:00:00,WIND,600702,1,HCM,1,18974,1011,220,18,230,26,336,6,6,6,6,6,NA,NA,NA,NA,2019-01-28 12:18:00,763
2019-01-26 05:00:00,WIND,600702,1,HCM,1,18974,1011,220,21,220,31,434,6,6,6,6,6,NA,NA,NA,NA,2019-01-28 12:18:00,763
2019-01-26 06:00:00,WIND,600702,1,HCM,1,18974,1011,220,22,230,33,538,6,6,6,6,6,NA,NA,NA,NA,2019-01-28 12:18:00,763
2019-01-26 07:00:00,WIND,600702,1,HCM,1,18974,1011,220,23,230,32,625,6,6,6,6,6,NA,NA,NA,NA,2019-01-28 12:19:00,762
2019-01-26 08:00:00,WIND,600702,1,HCM,1,18974,1011,210,21,210,31,713,6,6,6,6,6,NA,NA,NA,NA,2019-01-28 12:19:00,762
2019-01-26 09:00:00,WIND,600702,1,HCM,1,18974,1011,250,15,250,29,806,6,6,6,6,6,NA,NA,NA,NA,2019-01-28 12:21:00,760
2019-01-26 10:00:00,WIND,600702,1,HCM,1,18974,1011,250,13,250,19,903,6,6,6,6,6,NA,NA,NA,NA,2019-01-28 12:21:00,760
2019-01-26 11:00:00,WIND,600702,1,HCM,1,18974,1011,250,13,260,19,1001,6,6,6,6,6,NA,NA,NA,NA,2019-01-28 12:21:00,760
2019-01-26 12:00:00,WIND,600702,1,HCM,1,18974,1011,230,11,240,17,1056,6,6,6,6,6,NA,NA,NA,NA,2019-01-28 12:21:00,760
2019-01-26 13:00:00,WIND,600702,1,HCM,1,18974,1011,220,10,220,16,1238,6,6,6,6,6,NA,NA,NA,NA,2019-01-28 12:23:00,758
2019-01-26 14:00:00,WIND,600702,1,HCM,1,18974,1011,210,7,210,12,1251,6,6,6,6,6,NA,NA,NA,NA,2019-01-28 12:23:00,758
2019-01-26 15:00:00,WIND,600702,1,HCM,1,18974,1011,220,7,220,11,1356,6,6,6,6,6,NA,NA,NA,NA,2019-01-28 12:23:00,758
2019-01-26 16:00:00,WIND,600702,1,HCM,1,18974,1011,220,4,230,6,1457,6,6,6,6,6,NA,NA,NA,NA,2019-01-28 12:23:00,758
2019-01-26 17:00:00,WIND,600702,1,HCM,1,18974,1011,360,25,10,36,1620,6,6,6,6,6,NA,NA,NA,NA,2019-01-28 12:24:00,757
2019-01-26 18:00:00,WIND,600702,1,HCM,1,18974,1011,10,35,20,52,1741,6,6,6,6,6,NA,NA,NA,NA,2019-01-28 12:24:00,757
2019-01-26 19:00:00,WIND,600702,1,HCM,1,18974,1011,10,41,10,55,1805,6,6,6,6,6,NA,NA,NA,NA,2019-01-28 12:24:00,757
2019-01-26 20:00:00,WIND,600702,1,HCM,1,18974,1011,10,39,360,52,1910,6,6,6,6,6,NA,NA,NA,NA,2019-01-28 12:25:00,756
2019-01-26 21:00:00,WIND,600702,1,HCM,1,18974,1011,360,38,360,51,2024,6,6,6,6,6,NA,NA,NA,NA,2019-01-28 12:27:00,754
2019-01-26 22:00:00,WIND,600702,1,HCM,1,18974,1011,360,37,10,50,2109,6,6,6,6,6,NA,NA,NA,NA,2019-01-28 12:27:00,754
2019-01-26 23:00:00,WIND,600702,1,HCM,1,18974,1011,350,34,360,47,2224,6,6,6,6,6,NA,NA,NA,NA,2019-01-28 12:28:00,753
2019-01-27 00:00:00,WIND,600702,1,HCM,1,18974,1011,360,35,10,48,2317,6,6,6,6,6,NA,NA,NA,NA,2019-01-28 12:29:00,752
2019-01-27 01:00:00,WIND,600702,1,HCM,1,18974,1011,340,34,350,47,7,6,6,6,6,6,NA,NA,NA,NA,2019-01-28 12:29:00,752
2019-01-27 02:00:00,WIND,600702,1,HCM,1,18974,1011,340,34,340,49,144,6,6,6,6,6,NA,NA,NA,NA,2019-01-28 12:29:00,752
2019-01-27 03:00:00,WIND,600702,1,HCM,1,18974,1011,340,34,330,49,208,6,6,6,6,6,NA,NA,NA,NA,2019-01-28 12:30:00,751
2019-01-27 04:00:00,WIND,600702,1,HCM,1,18974,1011,340,38,330,54,312,6,6,6,6,6,NA,NA,NA,NA,2019-01-28 12:30:00,751
2019-01-27 05:00:00,WIND,600702,1,HCM,1,18974,1011,340,37,340,49,350,6,6,6,6,6,NA,NA,NA,NA,2019-01-28 12:30:00,751
2019-01-27 06:00:00,WIND,600702,1,HCM,1,18974,1011,330,39,330,50,534,6,6,6,6,6,NA,NA,NA,NA,2019-01-28 12:31:00,750
2019-01-27 07:00:00,WIND,600702,1,HCM,1,18974,1011,330,35,340,48,556,6,6,6,6,6,NA,NA,NA,NA,2019-01-28 12:31:00,750
2019-01-27 08:00:00,WIND,600702,1,HCM,1,18974,1011,340,35,340,47,714,6,6,6,6,6,NA,NA,NA,NA,2019-01-28 12:31:00,750
2019-01-27 09:00:00,WIND,600702,1,HCM,1,18974,1011,340,32,330,43,808,6,6,6,6,6,NA,NA,NA,NA,2019-01-28 12:33:00,748
2019-01-27 10:00:00,WIND,600702,1,HCM,1,18974,1011,340,33,340,43,905,6,6,6,6,6,NA,NA,NA,NA,2019-01-28 12:35:00,746
2019-01-27 11:00:00,WIND,600702,1,HCM,1,18974,1011,340,29,340,40,1010,6,6,6,6,6,NA,NA,NA,NA,2019-01-28 12:35:00,746
2019-01-27 12:00:00,WIND,600702,1,HCM,1,18974,1011,330,28,330,38,1053,6,6,6,6,6,NA,NA,NA,NA,2019-01-28 12:35:00,746
2019-01-27 13:00:00,WIND,600702,1,HCM,1,18974,1011,330,26,330,34,1156,6,6,6,6,6,NA,NA,NA,NA,2019-01-28 12:35:00,0
2019-01-27 14:00:00,WIND,600702,1,HCM,1,18974,1011,340,25,350,36,1311,6,6,6,6,6,NA,NA,NA,NA,2019-01-28 12:35:00,0
2019-01-27 15:00:00,WIND,600702,1,HCM,1,18974,1011,340,23,330,32,1356,6,6,6,6,6,NA,NA,NA,NA,2019-01-28 12:36:00,0
2019-01-27 16:00:00,WIND,600702,1,HCM,1,18974,1011,340,23,340,33,1458,6,6,6,6,6,NA,NA,NA,NA,2019-01-28 12:36:00,0
2019-01-27 17:00:00,WIND,600702,1,HCM,1,18974,1011,340,21,340,29,1554,6,6,6,6,6,NA,NA,NA,NA,2019-01-28 12:37:00,0
2019-01-27 18:00:00,WIND,600702,1,HCM,1,18974,1011,350,18,340,25,1736,6,6,6,6,6,NA,NA,NA,NA,2019-01-28 12:37:00,0
2019-01-27 19:00:00,WIND,600702,1,HCM,1,18974,1011,340,17,340,24,1847,6,6,6,6,6,NA,NA,NA,NA,2019-01-28 12:37:00,0
2019-01-27 20:00:00,WIND,600702,1,HCM,1,18974,1011,340,16,340,22,1919,6,6,6,6,6,NA,NA,NA,NA,2019-01-28 12:38:00,0
2019-01-27 21:00:00,WIND,600702,1,HCM,1,18974,1011,350,15,360,22,2007,6,6,6,6,6,NA,NA,NA,NA,2019-01-28 12:39:00,0
2019-01-27 22:00:00,WIND,600702,1,HCM,1,18974,1011,350,15,340,22,2134,6,6,6,6,6,NA,NA,NA,NA,2019-01-28 12:40:00,0
2019-01-27 23:00:00,WIND,600702,1,HCM,1,18974,1011,360,15,10,22,2215,6,6,6,6,6,NA,NA,NA,NA,2019-01-28 12:40:00,0
2019-01-28 00:00:00,WIND,600702,1,HCM,1,18974,1011,350,15,350,21,2304,6,6,6,6,6,NA,NA,NA,NA,2019-01-28 12:40:00,0
2019-01-28 01:00:00,WIND,600702,1,HCM,1,18974,1011,350,14,350,19,42,6,6,6,6,6,NA,NA,NA,NA,2019-01-28 12:41:00,0
2019-01-28 02:00:00,WIND,600702,1,HCM,1,18974,1011,350,13,360,19,50,6,6,6,6,6,NA,NA,NA,NA,2019-01-28 12:41:00,0
2019-01-28 03:00:00,WIND,600702,1,HCM,1,18974,1011,340,14,350,23,208,6,6,6,6,6,NA,NA,NA,NA,2019-01-28 12:42:00,0
2019-01-28 04:00:00,WIND,600702,1,HCM,1,18974,1011,330,15,330,21,250,6,6,6,6,6,NA,NA,NA,NA,2019-01-28 12:43:00,0
2019-01-28 05:00:00,WIND,600702,1,HCM,1,18974,1011,340,12,340,18,417,6,6,6,6,6,NA,NA,NA,NA,2019-01-28 12:43:00,0
2019-01-28 06:00:00,WIND,600702,1,HCM,1,18974,1011,350,13,340,20,527,6,6,6,6,6,NA,NA,NA,NA,2019-01-28 12:44:00,0
2019-01-28 07:00:00,WIND,600702,1,HCM,1,18974,1011,330,9,300,14,626,6,6,6,6,6,NA,NA,NA,NA,2019-01-28 12:44:00,0
2019-01-28 08:00:00,WIND,600702,1,HCM,1,18974,1011,320,7,330,11,653,6,6,6,6,6,NA,NA,NA,NA,2019-01-28 12:44:00,0
2019-01-28 09:00:00,WIND,600702,1,HCM,1,18974,1011,310,8,310,16,830,6,6,6,6,6,NA,NA,NA,NA,2019-01-28 12:46:00,0
2019-01-28 10:00:00,WIND,600702,1,HCM,1,18974,1011,290,3,330,8,901,6,6,6,6,6,NA,NA,NA,NA,2019-01-28 12:46:00,0
2019-01-28 11:00:00,WIND,600702,1,HCM,1,18974,1011,210,4,240,10,1048,6,6,6,6,6,NA,NA,NA,NA,2019-01-28 12:47:00,0
2019-01-28 12:00:00,WIND,600702,1,HCM,1,18974,1011,230,5,220,9,1129,6,6,6,6,6,NA,NA,NA,NA,2019-01-28 12:47:00,0
2019-01-28 13:00:00,WIND,600702,1,HCM,1,18974,1011,240,12,240,24,1228,6,6,6,6,6,NA,NA,NA,NA,2019-01-28 12:52:00,0
2019-01-28 14:00:00,WIND,600702,1,HCM,1,18974,1011,250,10,250,32,1337,6,6,6,6,6,NA,NA,NA,NA,2019-01-28 13:52:00,0
2019-01-28 15:00:00,WIND,600702,1,HCM,1,18974,1011,270,8,300,25,1428,6,6,6,6,6,NA,NA,NA,NA,2019-01-28 14:51:00,0
2019-01-28 16:00:00,WIND,600702,1,HCM,1,18974,1011,250,4,290,17,1549,6,6,6,6,6,NA,NA,NA,NA,2019-01-28 15:52:00,0
2019-01-28 17:00:00,WIND,600702,1,HCM,1,18974,1011,280,13,300,21,1550,6,6,6,6,6,NA,NA,NA,NA,2019-01-28 16:53:00,0
2019-01-28 18:00:00,WIND,600702,1,HCM,1,18974,1011,270,15,270,26,1734,6,6,6,6,6,NA,NA,NA,NA,2019-01-28 17:52:00,0
2019-01-28 19:00:00,WIND,600702,1,HCM,1,18974,1011,270,16,290,30,1828,6,6,6,6,6,NA,NA,NA,NA,2019-01-28 18:51:00,0
2019-01-28 20:00:00,WIND,600702,1,HCM,1,18974,1011,270,12,270,18,1942,6,6,6,6,6,NA,NA,NA,NA,2019-01-28 19:52:00,0
2019-01-28 21:00:00,WIND,600702,1,HCM,1,18974,1011,270,12,270,19,2030,6,6,6,6,6,NA,NA,NA,NA,2019-01-28 20:53:00,0
2019-01-28 22:00:00,WIND,600702,1,HCM,1,18974,1011,260,12,260,20,2106,6,6,6,6,6,NA,NA,NA,NA,2019-01-28 21:51:00,0
2019-01-28 23:00:00,WIND,600702,1,HCM,1,18974,1011,260,11,260,15,2220,6,6,6,6,6,NA,NA,NA,NA,2019-01-28 22:52:00,0
2019-01-29 00:00:00,WIND,600702,1,HCM,1,18974,1011,270,11,310,20,2328,6,6,6,6,6,NA,NA,NA,NA,2019-01-28 23:51:00,0
2019-01-29 01:00:00,WIND,600702,1,HCM,1,18974,1011,270,13,280,28,41,6,6,6,6,6,NA,NA,NA,NA,2019-01-29 00:51:00,0
2019-01-29 02:00:00,WIND,600702,1,HCM,1,18974,1011,250,5,260,19,50,6,6,6,6,6,NA,NA,NA,NA,2019-01-29 01:52:00,0
2019-01-29 03:00:00,WIND,600702,1,HCM,1,18974,1011,270,5,280,11,219,6,6,6,6,6,NA,NA,NA,NA,2019-01-29 02:51:00,0
2019-01-29 04:00:00,WIND,600702,1,HCM,1,18974,1011,290,6,320,18,330,6,6,6,6,6,NA,NA,NA,NA,2019-01-29 03:51:00,0
2019-01-29 05:00:00,WIND,600702,1,HCM,1,18974,1011,120,3,190,8,442,6,6,6,6,6,NA,NA,NA,NA,2019-01-29 04:51:00,0
2019-01-29 06:00:00,WIND,600702,1,HCM,1,18974,1011,240,6,250,8,536,6,6,6,6,6,NA,NA,NA,NA,2019-01-29 05:51:00,0
2019-01-29 07:00:00,WIND,600702,1,HCM,1,18974,1011,290,9,300,23,612,6,6,6,6,6,NA,NA,NA,NA,2019-01-29 06:51:00,0
2019-01-29 08:00:00,WIND,600702,1,HCM,1,18974,1011,310,12,330,25,658,6,6,6,6,6,NA,NA,NA,NA,2019-01-29 07:51:00,0
2019-01-29 09:00:00,WIND,600702,1,HCM,1,18974,1011,300,11,310,27,848,6,6,6,6,6,NA,NA,NA,NA,2019-01-29 08:54:00,0
2019-01-29 10:00:00,WIND,600702,1,HCM,1,18974,1011,290,9,310,24,854,6,6,6,6,6,NA,NA,NA,NA,2019-01-29 09:51:00,0
2019-01-29 11:00:00,WIND,600702,1,HCM,1,18974,1011,290,9,330,23,1027,6,6,6,6,6,NA,NA,NA,NA,2019-01-29 10:51:00,0
2019-01-29 12:00:00,WIND,600702,1,HCM,1,18974,1011,280,4,260,10,1134,6,6,6,6,6,NA,NA,NA,NA,2019-01-29 11:51:00,0
2019-01-29 13:00:00,WIND,600702,1,HCM,1,18974,1011,230,6,290,15,1249,6,6,6,6,6,NA,NA,NA,NA,2019-01-29 12:51:00,0
2019-01-29 14:00:00,WIND,600702,1,HCM,1,18974,1011,270,6,280,24,1255,6,6,6,6,6,NA,NA,NA,NA,2019-01-29 13:51:00,0
2019-01-29 15:00:00,WIND,600702,1,HCM,1,18974,1011,280,8,290,15,1412,6,6,6,6,6,NA,NA,NA,NA,2019-01-29 14:52:00,0
2019-01-29 16:00:00,WIND,600702,1,HCM,1,18974,1011,300,11,310,20,1546,6,6,6,6,6,NA,NA,NA,NA,2019-01-29 15:51:00,0
2019-01-29 17:00:00,WIND,600702,1,HCM,1,18974,1011,290,12,280,19,1631,6,6,6,6,6,NA,NA,NA,NA,2019-01-29 16:51:00,0
2019-01-29 18:00:00,WIND,600702,1,HCM,1,18974,1011,280,10,300,22,1729,6,6,6,6,6,NA,NA,NA,NA,2019-01-29 17:51:00,0
2019-01-29 19:00:00,WIND,600702,1,HCM,1,18974,1011,280,4,290,7,1750,6,6,6,6,6,NA,NA,NA,NA,2019-01-29 18:51:00,0
2019-01-29 20:00:00,WIND,600702,1,HCM,1,18974,1011,10,9,330,20,1919,6,6,6,6,6,NA,NA,NA,NA,2019-01-29 19:52:00,0
2019-01-29 21:00:00,WIND,600702,1,HCM,1,18974,1011,190,4,310,12,2013,6,6,6,6,6,NA,NA,NA,NA,2019-01-29 20:54:00,0
2019-01-29 22:00:00,WIND,600702,1,HCM,1,18974,1011,200,7,320,24,2148,6,6,6,6,6,NA,NA,NA,NA,2019-01-29 21:51:00,0
2019-01-29 23:00:00,WIND,600702,1,HCM,1,18974,1011,290,11,320,24,2150,6,6,6,6,6,NA,NA,NA,NA,2019-01-29 22:51:00,0
2019-01-30 00:00:00,WIND,600702,1,HCM,1,18974,1011,300,10,340,19,2327,6,6,6,6,6,NA,NA,NA,NA,2019-01-29 23:51:00,0
2019-01-30 01:00:00,WIND,600702,1,HCM,1,18974,1011,330,11,360,17,2353,6,6,6,6,6,NA,NA,NA,NA,2019-01-30 00:51:00,0
2019-01-30 02:00:00,WIND,600702,1,HCM,1,18974,1011,320,10,350,18,115,6,6,6,6,6,NA,NA,NA,NA,2019-01-30 01:52:00,0
2019-01-30 03:00:00,WIND,600702,1,HCM,1,18974,1011,330,12,300,23,205,6,6,6,6,6,NA,NA,NA,NA,2019-01-30 02:51:00,0
2019-01-30 04:00:00,WIND,600702,1,HCM,1,18974,1011,350,9,20,18,333,6,6,6,6,6,NA,NA,NA,NA,2019-01-30 03:51:00,0
2019-01-30 05:00:00,WIND,600702,1,HCM,1,18974,1011,20,12,10,19,449,6,6,6,6,6,NA,NA,NA,NA,2019-01-30 04:52:00,0
2019-01-30 06:00:00,WIND,600702,1,HCM,1,18974,1011,40,7,20,18,455,6,6,6,6,6,NA,NA,NA,NA,2019-01-30 05:51:00,0
2019-01-30 07:00:00,WIND,600702,1,HCM,1,18974,1011,60,4,30,9,627,6,6,6,6,6,NA,NA,NA,NA,2019-01-30 06:51:00,0
2019-01-30 08:00:00,WIND,600702,1,HCM,1,18974,1011,180,2,230,7,749,6,6,6,6,6,NA,NA,NA,NA,2019-01-30 07:52:00,0
2019-01-30 09:00:00,WIND,600702,1,HCM,1,18974,1011,230,8,240,12,752,6,6,6,6,6,NA,NA,NA,NA,2019-01-30 08:55:00,0
2019-01-30 10:00:00,WIND,600702,1,HCM,1,18974,1011,270,10,280,18,922,6,6,6,6,6,NA,NA,NA,NA,2019-01-30 09:51:00,0
2019-01-30 11:00:00,WIND,600702,1,HCM,1,18974,1011,270,6,260,10,954,6,6,6,6,6,NA,NA,NA,NA,2019-01-30 10:52:00,0
2019-01-30 12:00:00,WIND,600702,1,HCM,1,18974,1011,240,5,320,10,1055,6,6,6,6,6,NA,NA,NA,NA,2019-01-30 11:51:00,0
2019-01-30 13:00:00,WIND,600702,1,HCM,1,18974,1011,230,6,280,12,1230,6,6,6,6,6,NA,NA,NA,NA,2019-01-30 12:51:00,0
2019-01-30 14:00:00,WIND,600702,1,HCM,1,18974,1011,220,7,230,10,1314,6,6,6,6,6,NA,NA,NA,NA,2019-01-30 13:52:00,0
2019-01-30 15:00:00,WIND,600702,1,HCM,1,18974,1011,240,8,250,13,1417,6,6,6,6,6,NA,NA,NA,NA,2019-01-30 14:51:00,0
2019-01-30 16:00:00,WIND,600702,1,HCM,1,18974,1011,250,8,250,12,1455,6,6,6,6,6,NA,NA,NA,NA,2019-01-30 15:51:00,0
2019-01-30 17:00:00,WIND,600702,1,HCM,1,18974,1011,290,5,290,12,1615,6,6,6,6,6,NA,NA,NA,NA,2019-01-30 16:51:00,0
2019-01-30 18:00:00,WIND,600702,1,HCM,1,18974,1011,250,3,230,4,1731,6,6,6,6,6,NA,NA,NA,NA,2019-01-30 17:51:00,0
2019-01-30 19:00:00,WIND,600702,1,HCM,1,18974,1011,220,4,200,6,1754,6,6,6,6,6,NA,NA,NA,NA,2019-01-30 18:51:00,0
2019-01-30 20:00:00,WIND,600702,1,HCM,1,18974,1011,240,5,250,6,1911,6,6,6,6,6,NA,NA,NA,NA,2019-01-30 19:51:00,0
2019-01-30 21:00:00,WIND,600702,1,HCM,1,18974,1011,230,7,240,15,2048,6,6,6,6,6,NA,NA,NA,NA,2019-01-30 20:55:00,0
2019-01-30 22:00:00,WIND,600702,1,HCM,1,18974,1011,210,5,230,16,2052,6,6,6,6,6,NA,NA,NA,NA,2019-01-30 21:51:00,0
2019-01-30 23:00:00,WIND,600702,1,HCM,1,18974,1011,200,3,200,6,2231,6,6,6,6,6,NA,NA,NA,NA,2019-01-30 22:51:00,0
2019-01-31 00:00:00,WIND,600702,1,HCM,1,18974,1011,210,4,220,6,2329,6,6,6,6,6,NA,NA,NA,NA,2019-01-30 23:51:00,0
2019-01-31 01:00:00,WIND,600702,1,HCM,1,18974,1011,200,6,200,8,16,6,6,6,6,6,NA,NA,NA,NA,2019-01-31 00:51:00,0
2019-01-31 02:00:00,WIND,600702,1,HCM,1,18974,1011,190,4,180,7,51,6,6,6,6,6,NA,NA,NA,NA,2019-01-31 01:51:00,0
2019-01-31 03:00:00,WIND,600702,1,HCM,1,18974,1011,170,12,160,19,209,6,6,6,6,6,NA,NA,NA,NA,2019-01-31 02:51:00,0
2019-01-31 04:00:00,WIND,600702,1,HCM,1,18974,1011,160,13,160,18,317,6,6,6,6,6,NA,NA,NA,NA,2019-01-31 03:51:00,0
2019-01-31 05:00:00,WIND,600702,1,HCM,1,18974,1011,160,13,150,18,431,6,6,6,6,6,NA,NA,NA,NA,2019-01-31 04:51:00,0
2019-01-31 06:00:00,WIND,600702,1,HCM,1,18974,1011,150,14,150,19,544,6,6,6,6,6,NA,NA,NA,NA,2019-01-31 05:51:00,0
2019-01-31 07:00:00,WIND,600702,1,HCM,1,18974,1011,130,14,130,20,615,6,6,6,6,6,NA,NA,NA,NA,2019-01-31 06:51:00,0
2019-01-31 08:00:00,WIND,600702,1,HCM,1,18974,1011,120,15,120,21,716,6,6,6,6,6,NA,NA,NA,NA,2019-01-31 07:51:00,0
2019-01-31 09:00:00,WIND,600702,1,HCM,1,18974,1011,110,15,110,20,808,6,6,6,6,6,NA,NA,NA,NA,2019-01-31 08:55:00,0
2019-01-31 10:00:00,WIND,600702,1,HCM,1,18974,1011,120,15,110,20,857,6,6,6,6,6,NA,NA,NA,NA,2019-01-31 11:31:35,NA
2019-01-31 11:00:00,WIND,600702,1,HCM,1,18974,1011,110,14,110,19,950,6,6,6,6,6,NA,NA,NA,NA,2019-01-31 10:51:00,0
2019-01-31 12:00:00,WIND,600702,1,HCM,1,18974,1011,110,13,100,18,1124,6,6,6,6,6,NA,NA,NA,NA,2019-01-31 11:51:00,0
2019-01-31 13:00:00,WIND,600702,1,HCM,1,18974,1011,110,14,110,19,1243,6,6,6,6,6,NA,NA,NA,NA,2019-01-31 12:52:00,0
2019-01-31 14:00:00,WIND,600702,1,HCM,1,18974,1011,110,14,110,18,1256,6,6,6,6,6,NA,NA,NA,NA,2019-01-31 13:52:00,0
2019-01-31 15:00:00,WIND,600702,1,HCM,1,18974,1011,90,11,100,16,1351,6,6,6,6,6,NA,NA,NA,NA,2019-01-31 14:56:00,0
2019-01-31 16:00:00,WIND,600702,1,HCM,1,18974,1011,90,11,90,17,1451,6,6,6,6,6,NA,NA,NA,NA,2019-01-31 15:51:00,0
2019-01-31 17:00:00,WIND,600702,1,HCM,1,18974,1011,70,10,70,13,1634,6,6,6,6,6,NA,NA,NA,NA,2019-01-31 16:51:00,0
2019-01-31 18:00:00,WIND,600702,1,HCM,1,18974,1011,70,9,70,13,1732,6,6,6,6,6,NA,NA,NA,NA,2019-01-31 17:51:00,0
2019-01-31 19:00:00,WIND,600702,1,HCM,1,18974,1011,60,9,70,13,1756,6,6,6,6,6,NA,NA,NA,NA,2019-01-31 18:51:00,0
2019-01-31 20:00:00,WIND,600702,1,HCM,1,18974,1011,60,8,50,12,1913,6,6,6,6,6,NA,NA,NA,NA,2019-01-31 19:51:00,0
2019-01-31 21:00:00,WIND,600702,1,HCM,1,18974,1011,40,9,50,12,2011,6,6,6,6,6,NA,NA,NA,NA,2019-01-31 20:56:00,0
2019-01-31 22:00:00,WIND,600702,1,HCM,1,18974,1011,40,9,40,11,2135,6,6,6,6,6,NA,NA,NA,NA,2019-01-31 21:51:00,0
2019-01-31 23:00:00,WIND,600702,1,HCM,1,18974,1011,50,8,60,11,2231,6,6,6,6,6,NA,NA,NA,NA,2019-01-31 22:51:00,0
2019-02-01 00:00:00,WIND,600702,1,HCM,1,18974,1011,50,9,40,13,2321,6,6,6,6,6,NA,NA,NA,NA,2019-01-31 23:51:00,0
2019-02-01 01:00:00,WIND,600702,1,HCM,1,18974,1011,50,9,50,12,2355,6,6,6,6,6,NA,NA,NA,NA,2019-02-01 00:52:00,0
2019-02-01 02:00:00,WIND,600702,1,HCM,1,18974,1011,50,8,50,11,144,6,6,6,6,6,NA,NA,NA,NA,2019-02-01 01:51:00,0
2019-02-01 03:00:00,WIND,600702,1,HCM,1,18974,1011,40,8,40,11,227,6,6,6,6,6,NA,NA,NA,NA,2019-02-01 02:51:00,0
2019-02-01 04:00:00,WIND,600702,1,HCM,1,18974,1011,50,8,60,9,312,6,6,6,6,6,NA,NA,NA,NA,2019-02-01 03:51:00,0
2019-02-01 05:00:00,WIND,600702,1,HCM,1,18974,1011,50,7,50,9,410,6,6,6,6,6,NA,NA,NA,NA,2019-02-01 04:51:00,0
2019-02-01 06:00:00,WIND,600702,1,HCM,1,18974,1011,40,8,30,18,531,6,6,6,6,6,NA,NA,NA,NA,2019-02-01 05:51:00,0
2019-02-01 07:00:00,WIND,600702,1,HCM,1,18974,1011,20,14,10,21,623,6,6,6,6,6,NA,NA,NA,NA,2019-02-01 06:59:00,0
2019-02-01 08:00:00,WIND,600702,1,HCM,1,18974,1011,10,16,10,24,726,6,6,6,6,6,NA,NA,NA,NA,2019-02-01 07:51:00,0
2019-02-01 09:00:00,WIND,600702,1,HCM,1,18974,1011,10,15,360,21,829,6,6,6,6,6,NA,NA,NA,NA,2019-02-01 08:54:00,0
2019-02-01 10:00:00,WIND,600702,1,HCM,1,18974,1011,10,15,360,20,921,6,6,6,6,6,NA,NA,NA,NA,2019-02-01 09:51:00,910
2019-02-01 11:00:00,WIND,600702,1,HCM,1,18974,1011,10,16,10,23,1020,6,6,6,6,6,NA,NA,NA,NA,2019-02-01 10:51:00,0
2019-02-01 12:00:00,WIND,600702,1,HCM,1,18974,1011,360,18,10,24,1127,6,6,6,6,6,NA,NA,NA,NA,2019-02-01 11:51:00,0
2019-02-01 13:00:00,WIND,600702,1,HCM,1,18974,1011,360,20,360,30,1248,6,6,6,6,6,NA,NA,NA,NA,2019-02-01 12:51:00,0
2019-02-01 14:00:00,WIND,600702,1,HCM,1,18974,1011,10,20,10,29,1320,6,6,6,6,6,NA,NA,NA,NA,2019-02-01 13:51:00,0
2019-02-01 15:00:00,WIND,600702,1,HCM,1,18974,1011,30,20,30,30,1434,6,6,6,6,6,NA,NA,NA,NA,2019-02-01 14:51:00,0
2019-02-01 16:00:00,WIND,600702,1,HCM,1,18974,1011,20,19,20,39,1520,6,6,6,6,6,NA,NA,NA,NA,2019-02-01 15:51:00,0
2019-02-01 17:00:00,WIND,600702,1,HCM,1,18974,1011,10,21,10,32,1619,6,6,6,6,6,NA,NA,NA,NA,2019-02-01 16:51:00,0
2019-02-01 18:00:00,WIND,600702,1,HCM,1,18974,1011,10,25,360,33,1717,6,6,6,6,6,NA,NA,NA,NA,2019-02-01 17:51:00,0
2019-02-01 19:00:00,WIND,600702,1,HCM,1,18974,1011,10,24,360,32,1837,6,6,6,6,6,NA,NA,NA,NA,2019-02-01 18:51:00,0
2019-02-01 20:00:00,WIND,600702,1,HCM,1,18974,1011,10,24,10,32,1929,6,6,6,6,6,NA,NA,NA,NA,2019-02-01 19:51:00,0
2019-02-01 21:00:00,WIND,600702,1,HCM,1,18974,1011,10,23,360,32,1950,6,6,6,6,6,NA,NA,NA,NA,2019-02-01 20:54:00,0
2019-02-01 22:00:00,WIND,600702,1,HCM,1,18974,1011,10,21,10,28,2117,6,6,6,6,6,NA,NA,NA,NA,2019-02-01 21:51:00,0
2019-02-01 23:00:00,WIND,600702,1,HCM,1,18974,1011,360,20,360,26,2211,6,6,6,6,6,NA,NA,NA,NA,2019-02-01 22:51:00,0
2019-02-02 00:00:00,WIND,600702,1,HCM,1,18974,1011,360,18,10,25,2300,6,6,6,6,6,NA,NA,NA,NA,2019-02-01 23:51:00,0
2019-02-02 01:00:00,WIND,600702,1,HCM,1,18974,1011,360,16,360,23,20,6,6,6,6,6,NA,NA,NA,NA,2019-02-02 00:51:00,1450
2019-02-02 02:00:00,WIND,600702,1,HCM,1,18974,1011,360,16,10,22,52,6,6,6,6,6,NA,NA,NA,NA,2019-02-02 01:51:00,1390
2019-02-02 03:00:00,WIND,600702,1,HCM,1,18974,1011,360,15,360,22,205,6,6,6,6,6,NA,NA,NA,NA,2019-02-02 02:51:00,0
2019-02-02 04:00:00,WIND,600702,1,HCM,1,18974,1011,10,13,20,19,307,6,6,6,6,6,NA,NA,NA,NA,2019-02-02 03:51:00,0
2019-02-02 05:00:00,WIND,600702,1,HCM,1,18974,1011,360,12,10,17,403,6,6,6,6,6,NA,NA,NA,NA,2019-02-02 04:51:00,0
2019-02-02 06:00:00,WIND,600702,1,HCM,1,18974,1011,360,12,10,17,505,6,6,6,6,6,NA,NA,NA,NA,2019-02-02 05:51:00,0
2019-02-02 07:00:00,WIND,600702,1,HCM,1,18974,1011,10,13,10,17,612,6,6,6,6,6,NA,NA,NA,NA,2019-02-02 06:51:00,0
2019-02-02 08:00:00,WIND,600702,1,HCM,1,18974,1011,350,11,10,17,650,6,6,6,6,6,NA,NA,NA,NA,2019-02-02 07:51:00,0
2019-02-02 09:00:00,WIND,600702,1,HCM,1,18974,1011,10,8,20,14,803,6,6,6,6,6,NA,NA,NA,NA,2019-02-02 08:53:00,0
2019-02-02 10:00:00,WIND,600702,1,HCM,1,18974,1011,350,7,350,11,851,6,6,6,6,6,NA,NA,NA,NA,2019-02-02 09:51:00,0
2019-02-02 11:00:00,WIND,600702,1,HCM,1,18974,1011,350,7,340,10,1019,6,6,6,6,6,NA,NA,NA,NA,2019-02-02 10:51:00,0
2019-02-02 12:00:00,WIND,600702,1,HCM,1,18974,1011,340,6,350,9,1125,6,6,6,6,6,NA,NA,NA,NA,2019-02-02 20:27:00,0
2019-02-02 13:00:00,WIND,600702,1,HCM,1,18974,1011,340,6,350,10,1228,6,6,6,6,6,NA,NA,NA,NA,2019-02-02 20:27:00,0
2019-02-02 14:00:00,WIND,600702,1,HCM,1,18974,1011,330,3,340,7,1250,6,6,6,6,6,NA,NA,NA,NA,2019-02-02 20:28:00,0
2019-02-02 15:00:00,WIND,600702,1,HCM,1,18974,1011,340,1,350,4,1358,6,6,6,6,6,NA,NA,NA,NA,2019-02-02 20:28:00,0
2019-02-02 16:00:00,WIND,600702,1,HCM,1,18974,1011,240,3,210,9,1549,6,6,6,6,6,NA,NA,NA,NA,2019-02-02 20:28:00,0
2019-02-02 17:00:00,WIND,600702,1,HCM,1,18974,1011,180,9,230,23,1610,6,6,6,6,6,NA,NA,NA,NA,2019-02-02 20:29:00,0
2019-02-02 18:00:00,WIND,600702,1,HCM,1,18974,1011,120,6,140,10,1748,6,6,6,6,6,NA,NA,NA,NA,2019-02-02 20:29:00,0
2019-02-02 19:00:00,WIND,600702,1,HCM,1,18974,1011,150,8,150,11,1824,6,6,6,6,6,NA,NA,NA,NA,2019-02-02 20:29:00,0
2019-02-02 20:00:00,WIND,600702,1,HCM,1,18974,1011,210,10,200,14,1917,6,6,6,6,6,NA,NA,NA,NA,2019-02-02 20:29:00,0
2019-02-02 21:00:00,WIND,600702,1,HCM,1,18974,1011,230,9,220,16,1958,6,6,6,6,6,NA,NA,NA,NA,2019-02-02 20:56:00,0
2019-02-02 22:00:00,WIND,600702,1,HCM,1,18974,1011,200,10,190,16,2057,6,6,6,6,6,NA,NA,NA,NA,2019-02-02 21:51:00,0
2019-02-02 23:00:00,WIND,600702,1,HCM,1,18974,1011,220,8,230,20,2249,6,6,6,6,6,NA,NA,NA,NA,2019-02-02 22:51:00,0
2019-02-03 00:00:00,WIND,600702,1,HCM,1,18974,1011,250,10,250,26,2257,6,6,6,6,6,NA,NA,NA,NA,2019-02-02 23:51:00,0
2019-02-03 01:00:00,WIND,600702,1,HCM,1,18974,1011,260,10,270,16,38,6,6,6,6,6,NA,NA,NA,NA,2019-02-03 00:52:00,1449
2019-02-03 02:00:00,WIND,600702,1,HCM,1,18974,1011,260,7,260,11,50,6,6,6,6,6,NA,NA,NA,NA,2019-02-03 01:52:00,1389
2019-02-03 03:00:00,WIND,600702,1,HCM,1,18974,1011,220,6,220,8,219,6,6,6,6,6,NA,NA,NA,NA,2019-02-03 02:51:00,0
2019-02-03 04:00:00,WIND,600702,1,HCM,1,18974,1011,210,9,210,18,339,6,6,6,6,6,NA,NA,NA,NA,2019-02-03 03:52:00,0
2019-02-03 05:00:00,WIND,600702,1,HCM,1,18974,1011,200,16,180,27,447,6,6,6,6,6,NA,NA,NA,NA,2019-02-03 04:51:00,0
2019-02-03 06:00:00,WIND,600702,1,HCM,1,18974,1011,190,20,200,31,543,6,6,6,6,6,NA,NA,NA,NA,2019-02-03 05:51:00,0
2019-02-03 07:00:00,WIND,600702,1,HCM,1,18974,1011,190,24,180,33,610,6,6,6,6,6,NA,NA,NA,NA,2019-02-03 06:51:00,0
2019-02-03 08:00:00,WIND,600702,1,HCM,1,18974,1011,220,17,210,31,707,6,6,6,6,6,NA,NA,NA,NA,2019-02-03 07:51:00,0
2019-02-03 09:00:00,WIND,600702,1,HCM,1,18974,1011,260,11,290,23,813,6,6,6,6,6,NA,NA,NA,NA,2019-02-03 08:54:00,0
2019-02-03 10:00:00,WIND,600702,1,HCM,1,18974,1011,260,11,260,21,909,6,6,6,6,6,NA,NA,NA,NA,2019-02-03 09:51:00,0
2019-02-03 11:00:00,WIND,600702,1,HCM,1,18974,1011,280,13,270,21,1034,6,6,6,6,6,NA,NA,NA,NA,2019-02-03 10:51:00,0
2019-02-03 12:00:00,WIND,600702,1,HCM,1,18974,1011,270,13,250,29,1127,6,6,6,6,6,NA,NA,NA,NA,2019-02-03 11:51:00,0
2019-02-03 13:00:00,WIND,600702,1,HCM,1,18974,1011,260,13,270,30,1240,6,6,6,6,6,NA,NA,NA,NA,2019-02-03 12:51:00,0
2019-02-03 14:00:00,WIND,600702,1,HCM,1,18974,1011,280,12,300,20,1250,6,6,6,6,6,NA,NA,NA,NA,2019-02-03 13:51:00,0
2019-02-03 15:00:00,WIND,600702,1,HCM,1,18974,1011,260,7,260,13,1354,6,6,6,6,6,NA,NA,NA,NA,2019-02-03 14:51:00,0
2019-02-03 16:00:00,WIND,600702,1,HCM,1,18974,1011,270,5,320,14,1518,6,6,6,6,6,NA,NA,NA,NA,2019-02-03 15:51:00,0
2019-02-03 17:00:00,WIND,600702,1,HCM,1,18974,1011,220,4,240,6,1621,6,6,6,6,6,NA,NA,NA,NA,2019-02-03 16:51:00,0
2019-02-03 18:00:00,WIND,600702,1,HCM,1,18974,1011,290,4,290,8,1704,6,6,6,6,6,NA,NA,NA,NA,2019-02-03 17:51:00,0
2019-02-03 19:00:00,WIND,600702,1,HCM,1,18974,1011,20,2,120,3,1846,6,6,6,6,6,NA,NA,NA,NA,2019-02-03 18:51:00,0
2019-02-03 20:00:00,WIND,600702,1,HCM,1,18974,1011,190,6,180,13,1927,6,6,6,6,6,NA,NA,NA,NA,2019-02-03 19:51:00,0
2019-02-03 21:00:00,WIND,600702,1,HCM,1,18974,1011,130,6,120,12,2045,6,6,6,6,6,NA,NA,NA,NA,2019-02-03 20:53:00,0
2019-02-03 22:00:00,WIND,600702,1,HCM,1,18974,1011,150,14,140,23,2137,6,6,6,6,6,NA,NA,NA,NA,2019-02-03 21:51:00,0
2019-02-03 23:00:00,WIND,600702,1,HCM,1,18974,1011,120,14,140,20,2150,6,6,6,6,6,NA,NA,NA,NA,2019-02-03 22:51:00,0
2019-02-04 00:00:00,WIND,600702,1,HCM,1,18974,1011,160,12,170,20,2256,6,6,6,6,6,NA,NA,NA,NA,2019-02-03 23:51:00,0
2019-02-04 01:00:00,WIND,600702,1,HCM,1,18974,1011,140,12,150,18,7,6,6,6,6,6,NA,NA,NA,NA,2019-02-04 09:42:10,NA
2019-02-04 02:00:00,WIND,600702,1,HCM,1,18974,1011,160,12,190,25,139,6,6,6,6,6,NA,NA,NA,NA,2019-02-04 09:38:57,NA
2019-02-04 03:00:00,WIND,600702,1,HCM,1,18974,1011,290,18,10,31,243,6,6,6,6,6,NA,NA,NA,NA,2019-02-04 02:51:00,0
2019-02-04 04:00:00,WIND,600702,1,HCM,1,18974,1011,360,22,10,31,252,6,6,6,6,6,NA,NA,NA,NA,2019-02-04 03:51:00,0
2019-02-04 05:00:00,WIND,600702,1,HCM,1,18974,1011,340,21,350,28,433,6,6,6,6,6,NA,NA,NA,NA,2019-02-04 04:51:00,0
2019-02-04 06:00:00,WIND,600702,1,HCM,1,18974,1011,330,18,340,26,450,6,6,6,6,6,NA,NA,NA,NA,2019-02-04 05:51:00,0
2019-02-04 07:00:00,WIND,600702,1,HCM,1,18974,1011,330,17,320,26,606,6,6,6,6,6,NA,NA,NA,NA,2019-02-04 06:51:00,0
2019-02-04 08:00:00,WIND,600702,1,HCM,1,18974,1011,320,12,310,19,719,6,6,6,6,6,NA,NA,NA,NA,2019-02-04 07:51:00,0
2019-02-04 09:00:00,WIND,600702,1,HCM,1,18974,1011,310,10,290,14,832,6,6,6,6,6,NA,NA,NA,NA,2019-02-04 08:58:00,0
2019-02-04 10:00:00,WIND,600702,1,HCM,1,18974,1011,290,9,290,14,907,6,6,6,6,6,NA,NA,NA,NA,2019-02-04 09:51:00,0
2019-02-04 11:00:00,WIND,600702,1,HCM,1,18974,1011,290,10,280,14,1019,6,6,6,6,6,NA,NA,NA,NA,2019-02-04 10:51:00,0
2019-02-04 12:00:00,WIND,600702,1,HCM,1,18974,1011,290,10,290,15,1148,6,6,6,6,6,NA,NA,NA,NA,2019-02-04 11:51:00,0
2019-02-04 13:00:00,WIND,600702,1,HCM,1,18974,1011,290,11,290,15,1230,6,6,6,6,6,NA,NA,NA,NA,2019-02-04 12:51:00,0
2019-02-04 14:00:00,WIND,600702,1,HCM,1,18974,1011,280,10,280,14,1322,6,6,6,6,6,NA,NA,NA,NA,2019-02-04 13:51:00,0
2019-02-04 15:00:00,WIND,600702,1,HCM,1,18974,1011,280,8,290,13,1402,6,6,6,6,6,NA,NA,NA,NA,2019-02-04 14:56:00,0
2019-02-04 16:00:00,WIND,600702,1,HCM,1,18974,1011,270,8,260,14,1545,6,6,6,6,6,NA,NA,NA,NA,2019-02-04 15:52:00,0
2019-02-04 17:00:00,WIND,600702,1,HCM,1,18974,1011,250,8,260,19,1635,6,6,6,6,6,NA,NA,NA,NA,2019-02-04 16:53:00,0
2019-02-04 18:00:00,WIND,600702,1,HCM,1,18974,1011,260,7,270,14,1650,6,6,6,6,6,NA,NA,NA,NA,2019-02-04 17:51:00,0
2019-02-04 19:00:00,WIND,600702,1,HCM,1,18974,1011,250,6,260,8,1750,6,6,6,6,6,NA,NA,NA,NA,2019-02-04 18:51:00,0
2019-02-04 20:00:00,WIND,600702,1,HCM,1,18974,1011,250,6,250,7,1859,6,6,6,6,6,NA,NA,NA,NA,2019-02-04 19:51:00,0
2019-02-04 21:00:00,WIND,600702,1,HCM,1,18974,1011,250,5,250,6,1951,6,6,6,6,6,NA,NA,NA,NA,2019-02-04 20:53:00,0
2019-02-04 22:00:00,WIND,600702,1,HCM,1,18974,1011,220,5,220,6,2110,6,6,6,6,6,NA,NA,NA,NA,2019-02-04 21:52:00,0
2019-02-04 23:00:00,WIND,600702,1,HCM,1,18974,1011,220,3,250,6,2200,6,6,6,6,6,NA,NA,NA,NA,2019-02-04 22:51:00,0
2019-02-05 00:00:00,WIND,600702,1,HCM,1,18974,1011,150,3,150,3,2346,6,6,6,6,6,NA,NA,NA,NA,2019-02-04 23:51:00,0
2019-02-05 01:00:00,WIND,600702,1,HCM,1,18974,1011,190,6,190,10,44,6,6,6,6,6,NA,NA,NA,NA,2019-02-05 00:51:00,0
2019-02-05 02:00:00,WIND,600702,1,HCM,1,18974,1011,190,8,180,11,148,6,6,6,6,6,NA,NA,NA,NA,2019-02-05 01:51:00,0
2019-02-05 03:00:00,WIND,600702,1,HCM,1,18974,1011,190,9,190,13,249,6,6,6,6,6,NA,NA,NA,NA,2019-02-05 02:51:00,0
2019-02-05 04:00:00,WIND,600702,1,HCM,1,18974,1011,170,12,160,16,349,6,6,6,6,6,NA,NA,NA,NA,2019-02-05 03:51:00,0
2019-02-05 05:00:00,WIND,600702,1,HCM,1,18974,1011,160,15,160,21,440,6,6,6,6,6,NA,NA,NA,NA,2019-02-05 04:51:00,0
2019-02-05 06:00:00,WIND,600702,1,HCM,1,18974,1011,150,18,140,24,544,6,6,6,6,6,NA,NA,NA,NA,2019-02-05 05:52:00,0
2019-02-05 07:00:00,WIND,600702,1,HCM,1,18974,1011,140,21,140,28,643,6,6,6,6,6,NA,NA,NA,NA,2019-02-05 06:51:00,0
2019-02-05 08:00:00,WIND,600702,1,HCM,1,18974,1011,140,23,140,29,650,6,6,6,6,6,NA,NA,NA,NA,2019-02-05 07:51:00,0
2019-02-05 09:00:00,WIND,600702,1,HCM,1,18974,1011,130,26,140,33,808,6,6,6,6,6,NA,NA,NA,NA,2019-02-05 08:56:00,0
2019-02-05 10:00:00,WIND,600702,1,HCM,1,18974,1011,130,26,130,34,939,6,6,6,6,6,NA,NA,NA,NA,2019-02-05 09:51:00,0
2019-02-05 11:00:00,WIND,600702,1,HCM,1,18974,1011,130,28,130,35,1038,6,6,6,6,6,NA,NA,NA,NA,2019-02-05 10:51:00,0
2019-02-05 12:00:00,WIND,600702,1,HCM,1,18974,1011,130,30,130,39,1120,6,6,6,6,6,NA,NA,NA,NA,2019-02-05 11:51:00,0
2019-02-05 13:00:00,WIND,600702,1,HCM,1,18974,1011,140,32,140,42,1241,6,6,6,6,6,NA,NA,NA,NA,2019-02-05 12:51:00,0
2019-02-05 14:00:00,WIND,600702,1,HCM,1,18974,1011,130,33,130,44,1336,6,6,6,6,6,NA,NA,NA,NA,2019-02-05 13:51:00,0
2019-02-05 15:00:00,WIND,600702,1,HCM,1,18974,1011,130,32,130,41,1419,6,6,6,6,6,NA,NA,NA,NA,2019-02-05 14:52:00,0
2019-02-05 16:00:00,WIND,600702,1,HCM,1,18974,1011,140,33,140,44,1522,6,6,6,6,6,NA,NA,NA,NA,2019-02-05 15:51:00,0
2019-02-05 17:00:00,WIND,600702,1,HCM,1,18974,1011,140,31,150,42,1647,6,6,6,6,6,NA,NA,NA,NA,2019-02-05 16:51:00,0
2019-02-05 18:00:00,WIND,600702,1,HCM,1,18974,1011,150,29,150,41,1650,6,6,6,6,6,NA,NA,NA,NA,2019-02-05 17:51:00,0
2019-02-05 19:00:00,WIND,600702,1,HCM,1,18974,1011,200,19,170,35,1802,6,6,6,6,6,NA,NA,NA,NA,2019-02-05 18:51:00,0
2019-02-05 20:00:00,WIND,600702,1,HCM,1,18974,1011,210,11,200,16,1942,6,6,6,6,6,NA,NA,NA,NA,2019-02-05 19:51:00,0
2019-02-05 21:00:00,WIND,600702,1,HCM,1,18974,1011,230,13,230,27,2030,6,6,6,6,6,NA,NA,NA,NA,2019-02-05 20:55:00,0
2019-02-05 22:00:00,WIND,600702,1,HCM,1,18974,1011,230,14,230,21,2145,6,6,6,6,6,NA,NA,NA,NA,2019-02-05 21:51:00,0
2019-02-05 23:00:00,WIND,600702,1,HCM,1,18974,1011,230,14,230,21,2154,6,6,6,6,6,NA,NA,NA,NA,2019-02-05 22:51:00,0
2019-02-06 00:00:00,WIND,600702,1,HCM,1,18974,1011,220,14,230,20,2258,6,6,6,6,6,NA,NA,NA,NA,2019-02-05 23:51:00,0
2019-02-06 01:00:00,WIND,600702,1,HCM,1,18974,1011,210,13,210,22,37,6,6,6,6,6,NA,NA,NA,NA,2019-02-06 00:51:00,0
2019-02-06 02:00:00,WIND,600702,1,HCM,1,18974,1011,220,15,220,26,132,6,6,6,6,6,NA,NA,NA,NA,2019-02-06 01:51:00,0
2019-02-06 03:00:00,WIND,600702,1,HCM,1,18974,1011,210,13,220,21,229,6,6,6,6,6,NA,NA,NA,NA,2019-02-06 02:51:00,0
2019-02-06 04:00:00,WIND,600702,1,HCM,1,18974,1011,220,17,200,32,255,6,6,6,6,6,NA,NA,NA,NA,2019-02-06 03:51:00,0
2019-02-06 05:00:00,WIND,600702,1,HCM,1,18974,1011,220,19,230,28,405,6,6,6,6,6,NA,NA,NA,NA,2019-02-06 04:51:00,0
2019-02-06 06:00:00,WIND,600702,1,HCM,1,18974,1011,220,19,220,34,534,6,6,6,6,6,NA,NA,NA,NA,2019-02-06 05:51:00,0
2019-02-06 07:00:00,WIND,600702,1,HCM,1,18974,1011,210,17,220,33,609,6,6,6,6,6,NA,NA,NA,NA,2019-02-06 06:52:00,0
2019-02-06 08:00:00,WIND,600702,1,HCM,1,18974,1011,210,19,210,28,718,6,6,6,6,6,NA,NA,NA,NA,2019-02-06 07:52:00,0
2019-02-06 09:00:00,WIND,600702,1,HCM,1,18974,1011,200,17,210,25,839,6,6,6,6,6,NA,NA,NA,NA,2019-02-06 08:54:00,0
2019-02-06 10:00:00,WIND,600702,1,HCM,1,18974,1011,200,15,200,21,850,6,6,6,6,6,NA,NA,NA,NA,2019-02-06 09:51:00,0
2019-02-06 11:00:00,WIND,600702,1,HCM,1,18974,1011,190,18,180,26,1047,6,6,6,6,6,NA,NA,NA,NA,2019-02-06 10:51:00,0
2019-02-06 12:00:00,WIND,600702,1,HCM,1,18974,1011,170,20,170,27,1125,6,6,6,6,6,NA,NA,NA,NA,2019-02-06 11:51:00,0
2019-02-06 13:00:00,WIND,600702,1,HCM,1,18974,1011,180,21,190,30,1211,6,6,6,6,6,NA,NA,NA,NA,2019-02-06 12:51:00,0
2019-02-06 14:00:00,WIND,600702,1,HCM,1,18974,1011,200,20,200,32,1341,6,6,6,6,6,NA,NA,NA,NA,2019-02-06 13:51:00,0
2019-02-06 15:00:00,WIND,600702,1,HCM,1,18974,1011,230,23,240,35,1415,6,6,6,6,6,NA,NA,NA,NA,2019-02-06 14:51:00,0
2019-02-06 16:00:00,WIND,600702,1,HCM,1,18974,1011,240,16,250,26,1451,6,6,6,6,6,NA,NA,NA,NA,2019-02-06 15:51:00,0
2019-02-06 17:00:00,WIND,600702,1,HCM,1,18974,1011,230,12,240,18,1606,6,6,6,6,6,NA,NA,NA,NA,2019-02-06 16:51:00,0
2019-02-06 18:00:00,WIND,600702,1,HCM,1,18974,1011,220,8,230,14,1658,6,6,6,6,6,NA,NA,NA,NA,2019-02-06 17:51:00,0
2019-02-06 19:00:00,WIND,600702,1,HCM,1,18974,1011,210,7,220,10,1814,6,6,6,6,6,NA,NA,NA,NA,2019-02-06 18:51:00,0
2019-02-06 20:00:00,WIND,600702,1,HCM,1,18974,1011,180,7,190,10,1915,6,6,6,6,6,NA,NA,NA,NA,2019-02-06 19:51:00,0
2019-02-06 21:00:00,WIND,600702,1,HCM,1,18974,1011,170,10,160,16,2049,6,6,6,6,6,NA,NA,NA,NA,2019-02-06 20:54:00,0
2019-02-06 22:00:00,WIND,600702,1,HCM,1,18974,1011,170,8,160,16,2050,6,6,6,6,6,NA,NA,NA,NA,2019-02-06 21:51:00,0
2019-02-06 23:00:00,WIND,600702,1,HCM,1,18974,1011,110,6,100,11,2248,6,6,6,6,6,NA,NA,NA,NA,2019-02-06 22:51:00,0
2019-02-07 00:00:00,WIND,600702,1,HCM,1,18974,1011,280,7,100,14,2250,6,6,6,6,6,NA,NA,NA,NA,2019-02-06 23:51:00,0
2019-02-07 01:00:00,WIND,600702,1,HCM,1,18974,1011,190,7,180,21,10,6,6,6,6,6,NA,NA,NA,NA,2019-02-07 08:55:46,NA
2019-02-07 02:00:00,WIND,600702,1,HCM,1,18974,1011,300,5,320,10,132,6,6,6,6,6,NA,NA,NA,NA,2019-02-07 09:01:20,NA
2019-02-07 03:00:00,WIND,600702,1,HCM,1,18974,1011,320,10,320,15,206,6,6,6,6,6,NA,NA,NA,NA,2019-02-07 02:51:00,0
2019-02-07 04:00:00,WIND,600702,1,HCM,1,18974,1011,330,11,330,16,315,6,6,6,6,6,NA,NA,NA,NA,2019-02-07 03:51:00,0
2019-02-07 05:00:00,WIND,600702,1,HCM,1,18974,1011,340,12,330,16,429,6,6,6,6,6,NA,NA,NA,NA,2019-02-07 04:51:00,0
2019-02-07 06:00:00,WIND,600702,1,HCM,1,18974,1011,330,9,340,13,511,6,6,6,6,6,NA,NA,NA,NA,2019-02-07 05:51:00,0
2019-02-07 07:00:00,WIND,600702,1,HCM,1,18974,1011,320,7,320,10,551,6,6,6,6,6,NA,NA,NA,NA,2019-02-07 06:51:00,0
2019-02-07 08:00:00,WIND,600702,1,HCM,1,18974,1011,290,5,300,7,651,6,6,6,6,6,NA,NA,NA,NA,2019-02-07 07:51:00,0
2019-02-07 09:00:00,WIND,600702,1,HCM,1,18974,1011,260,3,280,6,750,6,6,6,6,6,NA,NA,NA,NA,2019-02-07 08:54:00,0
2019-02-07 10:00:00,WIND,600702,1,HCM,1,18974,1011,200,4,210,8,912,6,6,6,6,6,NA,NA,NA,NA,2019-02-07 09:51:00,0
2019-02-07 11:00:00,WIND,600702,1,HCM,1,18974,1011,220,7,220,10,1026,6,6,6,6,6,NA,NA,NA,NA,2019-02-07 10:51:00,0
2019-02-07 12:00:00,WIND,600702,1,HCM,1,18974,1011,240,8,250,13,1145,6,6,6,6,6,NA,NA,NA,NA,2019-02-07 11:51:00,0
2019-02-07 13:00:00,WIND,600702,1,HCM,1,18974,1011,250,11,240,19,1249,6,6,6,6,6,NA,NA,NA,NA,2019-02-07 12:51:00,0
2019-02-07 14:00:00,WIND,600702,1,HCM,1,18974,1011,240,13,250,21,1250,6,6,6,6,6,NA,NA,NA,NA,2019-02-07 13:52:00,0
2019-02-07 15:00:00,WIND,600702,1,HCM,1,18974,1011,230,13,230,21,1445,6,6,6,6,6,NA,NA,NA,NA,2019-02-07 14:51:00,0
2019-02-07 16:00:00,WIND,600702,1,HCM,1,18974,1011,230,16,240,33,1512,6,6,6,6,6,NA,NA,NA,NA,2019-02-07 15:51:00,0
2019-02-07 17:00:00,WIND,600702,1,HCM,1,18974,1011,240,16,250,26,1630,6,6,6,6,6,NA,NA,NA,NA,2019-02-07 16:51:00,0
2019-02-07 18:00:00,WIND,600702,1,HCM,1,18974,1011,220,14,240,29,1740,6,6,6,6,6,NA,NA,NA,NA,2019-02-07 17:51:00,0
2019-02-07 19:00:00,WIND,600702,1,HCM,1,18974,1011,230,12,230,28,1827,6,6,6,6,6,NA,NA,NA,NA,2019-02-07 18:51:00,0
2019-02-07 20:00:00,WIND,600702,1,HCM,1,18974,1011,220,9,210,17,1933,6,6,6,6,6,NA,NA,NA,NA,2019-02-07 19:51:00,0
2019-02-07 21:00:00,WIND,600702,1,HCM,1,18974,1011,220,11,240,25,2035,6,6,6,6,6,NA,NA,NA,NA,2019-02-07 20:54:00,0
2019-02-07 22:00:00,WIND,600702,1,HCM,1,18974,1011,190,16,180,27,2146,6,6,6,6,6,NA,NA,NA,NA,2019-02-07 21:52:00,0
2019-02-07 23:00:00,WIND,600702,1,HCM,1,18974,1011,180,16,180,27,2151,6,6,6,6,6,NA,NA,NA,NA,2019-02-07 22:51:00,0
2019-02-08 00:00:00,WIND,600702,1,HCM,1,18974,1011,170,21,170,28,2349,6,6,6,6,6,NA,NA,NA,NA,2019-02-07 23:51:00,0
2019-02-08 01:00:00,WIND,600702,1,HCM,1,18974,1011,160,22,150,31,46,6,6,6,6,6,NA,NA,NA,NA,2019-02-08 00:51:00,0
2019-02-08 02:00:00,WIND,600702,1,HCM,1,18974,1011,150,26,150,35,145,6,6,6,6,6,NA,NA,NA,NA,2019-02-08 01:51:00,0
2019-02-08 03:00:00,WIND,600702,1,HCM,1,18974,1011,150,28,140,37,231,6,6,6,6,6,NA,NA,NA,NA,2019-02-08 02:52:00,0
2019-02-08 04:00:00,WIND,600702,1,HCM,1,18974,1011,160,26,150,36,325,6,6,6,6,6,NA,NA,NA,NA,2019-02-08 03:51:00,0
2019-02-08 05:00:00,WIND,600702,1,HCM,1,18974,1011,160,27,160,36,404,6,6,6,6,6,NA,NA,NA,NA,2019-02-08 04:51:00,0
2019-02-08 06:00:00,WIND,600702,1,HCM,1,18974,1011,160,29,150,39,548,6,6,6,6,6,NA,NA,NA,NA,2019-02-08 05:51:00,0
2019-02-08 07:00:00,WIND,600702,1,HCM,1,18974,1011,160,30,160,41,622,6,6,6,6,6,NA,NA,NA,NA,2019-02-08 06:51:00,0
2019-02-08 08:00:00,WIND,600702,1,HCM,1,18974,1011,160,31,160,44,713,6,6,6,6,6,NA,NA,NA,NA,2019-02-08 07:51:00,0
2019-02-08 09:00:00,WIND,600702,1,HCM,1,18974,1011,160,28,160,39,816,6,6,6,6,6,NA,NA,NA,NA,2019-02-08 08:54:00,0
2019-02-08 10:00:00,WIND,600702,1,HCM,1,18974,1011,160,32,180,45,941,6,6,6,6,6,NA,NA,NA,NA,2019-02-08 09:52:00,0
2019-02-08 11:00:00,WIND,600702,1,HCM,1,18974,1011,170,34,170,46,1046,6,6,6,6,6,NA,NA,NA,NA,2019-02-08 10:51:00,0
2019-02-08 12:00:00,WIND,600702,1,HCM,1,18974,1011,180,39,180,54,1058,6,6,6,6,6,NA,NA,NA,NA,2019-02-08 11:51:00,0
2019-02-08 13:00:00,WIND,600702,1,HCM,1,18974,1011,190,35,180,51,1153,6,6,6,6,6,NA,NA,NA,NA,2019-02-08 12:51:00,0
2019-02-08 14:00:00,WIND,600702,1,HCM,1,18974,1011,210,34,210,50,1259,6,6,6,6,6,NA,NA,NA,NA,2019-02-08 13:52:00,0
2019-02-08 15:00:00,WIND,600702,1,HCM,1,18974,1011,220,34,210,49,1412,6,6,6,6,6,NA,NA,NA,NA,2019-02-08 14:51:00,0
2019-02-08 16:00:00,WIND,600702,1,HCM,1,18974,1011,230,32,240,48,1501,6,6,6,6,6,NA,NA,NA,NA,2019-02-08 15:51:00,0
2019-02-08 17:00:00,WIND,600702,1,HCM,1,18974,1011,230,33,230,48,1626,6,6,6,6,6,NA,NA,NA,NA,2019-02-08 16:51:00,0
2019-02-08 18:00:00,WIND,600702,1,HCM,1,18974,1011,230,32,230,47,1716,6,6,6,6,6,NA,NA,NA,NA,2019-02-08 17:51:00,0
2019-02-08 19:00:00,WIND,600702,1,HCM,1,18974,1011,220,30,220,42,1808,6,6,6,6,6,NA,NA,NA,NA,2019-02-08 18:51:00,0
2019-02-08 20:00:00,WIND,600702,1,HCM,1,18974,1011,220,30,230,47,1856,6,6,6,6,6,NA,NA,NA,NA,2019-02-08 19:51:00,0
2019-02-08 21:00:00,WIND,600702,1,HCM,1,18974,1011,220,28,220,41,2000,6,6,6,6,6,NA,NA,NA,NA,2019-02-08 20:55:00,0
2019-02-08 22:00:00,WIND,600702,1,HCM,1,18974,1011,220,27,200,41,2121,6,6,6,6,6,NA,NA,NA,NA,2019-02-08 21:51:00,0
2019-02-08 23:00:00,WIND,600702,1,HCM,1,18974,1011,230,19,210,33,2153,6,6,6,6,6,NA,NA,NA,NA,2019-02-08 22:51:00,0
2019-02-09 00:00:00,WIND,600702,1,HCM,1,18974,1011,270,13,310,25,2345,6,6,6,6,6,NA,NA,NA,NA,2019-02-08 23:51:00,0
2019-02-09 01:00:00,WIND,600702,1,HCM,1,18974,1011,300,16,290,24,47,6,6,6,6,6,NA,NA,NA,NA,2019-02-09 00:51:00,0
2019-02-09 02:00:00,WIND,600702,1,HCM,1,18974,1011,300,21,290,30,147,6,6,6,6,6,NA,NA,NA,NA,2019-02-09 01:51:00,0
2019-02-09 03:00:00,WIND,600702,1,HCM,1,18974,1011,290,24,300,35,241,6,6,6,6,6,NA,NA,NA,NA,2019-02-09 02:51:00,0
2019-02-09 04:00:00,WIND,600702,1,HCM,1,18974,1011,290,28,290,40,333,6,6,6,6,6,NA,NA,NA,NA,2019-02-09 03:51:00,0
2019-02-09 05:00:00,WIND,600702,1,HCM,1,18974,1011,290,30,290,45,429,6,6,6,6,6,NA,NA,NA,NA,2019-02-09 04:51:00,0
2019-02-09 06:00:00,WIND,600702,1,HCM,1,18974,1011,290,30,290,45,549,6,6,6,6,6,NA,NA,NA,NA,2019-02-09 05:51:00,0
2019-02-09 07:00:00,WIND,600702,1,HCM,1,18974,1011,290,31,300,44,551,6,6,6,6,6,NA,NA,NA,NA,2019-02-09 06:52:00,0
2019-02-09 08:00:00,WIND,600702,1,HCM,1,18974,1011,290,31,290,45,731,6,6,6,6,6,NA,NA,NA,NA,2019-02-09 07:51:00,0
2019-02-09 09:00:00,WIND,600702,1,HCM,1,18974,1011,290,28,290,40,802,6,6,6,6,6,NA,NA,NA,NA,2019-02-09 08:53:00,0
2019-02-09 10:00:00,WIND,600702,1,HCM,1,18974,1011,290,27,290,39,940,6,6,6,6,6,NA,NA,NA,NA,2019-02-09 09:52:00,0
2019-02-09 11:00:00,WIND,600702,1,HCM,1,18974,1011,280,27,290,44,954,6,6,6,6,6,NA,NA,NA,NA,2019-02-09 10:51:00,0
2019-02-09 12:00:00,WIND,600702,1,HCM,1,18974,1011,280,26,290,37,1055,6,6,6,6,6,NA,NA,NA,NA,2019-02-09 11:51:00,0
2019-02-09 13:00:00,WIND,600702,1,HCM,1,18974,1011,280,25,280,35,1203,6,6,6,6,6,NA,NA,NA,NA,2019-02-09 12:51:00,0
2019-02-09 14:00:00,WIND,600702,1,HCM,1,18974,1011,280,25,280,35,1258,6,6,6,6,6,NA,NA,NA,NA,2019-02-09 13:52:00,0
2019-02-09 15:00:00,WIND,600702,1,HCM,1,18974,1011,270,25,280,34,1357,6,6,6,6,6,NA,NA,NA,NA,2019-02-09 14:51:00,0
2019-02-09 16:00:00,WIND,600702,1,HCM,1,18974,1011,280,22,270,32,1503,6,6,6,6,6,NA,NA,NA,NA,2019-02-09 15:51:00,0
2019-02-09 17:00:00,WIND,600702,1,HCM,1,18974,1011,280,20,280,29,1608,6,6,6,6,6,NA,NA,NA,NA,2019-02-09 16:51:00,0
2019-02-09 18:00:00,WIND,600702,1,HCM,1,18974,1011,280,17,280,26,1659,6,6,6,6,6,NA,NA,NA,NA,2019-02-09 17:51:00,0
2019-02-09 19:00:00,WIND,600702,1,HCM,1,18974,1011,270,13,270,22,1754,6,6,6,6,6,NA,NA,NA,NA,2019-02-09 18:51:00,0
2019-02-09 20:00:00,WIND,600702,1,HCM,1,18974,1011,270,12,270,21,1902,6,6,6,6,6,NA,NA,NA,NA,2019-02-09 19:52:00,0
2019-02-09 21:00:00,WIND,600702,1,HCM,1,18974,1011,250,9,260,14,2024,6,6,6,6,6,NA,NA,NA,NA,2019-02-09 20:54:00,0
2019-02-09 22:00:00,WIND,600702,1,HCM,1,18974,1011,240,11,230,23,2148,6,6,6,6,6,NA,NA,NA,NA,2019-02-09 21:51:00,0
2019-02-09 23:00:00,WIND,600702,1,HCM,1,18974,1011,260,14,270,21,2217,6,6,6,6,6,NA,NA,NA,NA,2019-02-09 22:51:00,0
2019-02-10 00:00:00,WIND,600702,1,HCM,1,18974,1011,250,10,270,18,2251,6,6,6,6,6,NA,NA,NA,NA,2019-02-09 23:51:00,0
2019-02-10 01:00:00,WIND,600702,1,HCM,1,18974,1011,260,12,290,20,9,6,6,6,6,6,NA,NA,NA,NA,2019-02-10 00:51:00,0
2019-02-10 02:00:00,WIND,600702,1,HCM,1,18974,1011,230,8,240,12,149,6,6,6,6,6,NA,NA,NA,NA,2019-02-10 01:52:00,0
2019-02-10 03:00:00,WIND,600702,1,HCM,1,18974,1011,230,10,240,16,154,6,6,6,6,6,NA,NA,NA,NA,2019-02-10 02:51:00,0
2019-02-10 04:00:00,WIND,600702,1,HCM,1,18974,1011,260,9,270,14,334,6,6,6,6,6,NA,NA,NA,NA,2019-02-10 03:51:00,0
2019-02-10 05:00:00,WIND,600702,1,HCM,1,18974,1011,260,10,260,16,354,6,6,6,6,6,NA,NA,NA,NA,2019-02-10 04:51:00,0
2019-02-10 06:00:00,WIND,600702,1,HCM,1,18974,1011,260,13,250,20,453,6,6,6,6,6,NA,NA,NA,NA,2019-02-10 05:51:00,0
2019-02-10 07:00:00,WIND,600702,1,HCM,1,18974,1011,260,11,250,18,624,6,6,6,6,6,NA,NA,NA,NA,2019-02-10 06:51:00,0
2019-02-10 08:00:00,WIND,600702,1,HCM,1,18974,1011,260,12,250,21,748,6,6,6,6,6,NA,NA,NA,NA,2019-02-10 07:51:00,0
2019-02-10 09:00:00,WIND,600702,1,HCM,1,18974,1011,250,9,280,15,750,6,6,6,6,6,NA,NA,NA,NA,2019-02-10 08:53:00,0
2019-02-10 10:00:00,WIND,600702,1,HCM,1,18974,1011,230,10,240,19,916,6,6,6,6,6,NA,NA,NA,NA,2019-02-10 09:51:00,0
2019-02-10 11:00:00,WIND,600702,1,HCM,1,18974,1011,220,12,220,21,1037,6,6,6,6,6,NA,NA,NA,NA,2019-02-10 10:52:00,0
2019-02-10 12:00:00,WIND,600702,1,HCM,1,18974,1011,210,13,210,20,1100,6,6,6,6,6,NA,NA,NA,NA,2019-02-10 11:51:00,0
2019-02-10 13:00:00,WIND,600702,1,HCM,1,18974,1011,200,9,190,15,1150,6,6,6,6,6,NA,NA,NA,NA,2019-02-10 12:52:00,0
2019-02-10 14:00:00,WIND,600702,1,HCM,1,18974,1011,270,5,310,9,1328,6,6,6,6,6,NA,NA,NA,NA,2019-02-10 13:51:00,0
2019-02-10 15:00:00,WIND,600702,1,HCM,1,18974,1011,350,5,340,8,1358,6,6,6,6,6,NA,NA,NA,NA,2019-02-10 14:51:00,0
2019-02-10 16:00:00,WIND,600702,1,HCM,1,18974,1011,10,9,20,13,1543,6,6,6,6,6,NA,NA,NA,NA,2019-02-10 15:51:00,0
2019-02-10 17:00:00,WIND,600702,1,HCM,1,18974,1011,20,9,30,13,1553,6,6,6,6,6,NA,NA,NA,NA,2019-02-10 16:51:00,0
2019-02-10 18:00:00,WIND,600702,1,HCM,1,18974,1011,20,8,20,10,1651,6,6,6,6,6,NA,NA,NA,NA,2019-02-10 17:51:00,0
2019-02-10 19:00:00,WIND,600702,1,HCM,1,18974,1011,350,7,330,13,1846,6,6,6,6,6,NA,NA,NA,NA,2019-02-10 18:51:00,0
2019-02-10 20:00:00,WIND,600702,1,HCM,1,18974,1011,340,10,330,14,1945,6,6,6,6,6,NA,NA,NA,NA,2019-02-10 19:51:00,0
2019-02-10 21:00:00,WIND,600702,1,HCM,1,18974,1011,340,12,360,20,2042,6,6,6,6,6,NA,NA,NA,NA,2019-02-10 20:54:00,0
2019-02-10 22:00:00,WIND,600702,1,HCM,1,18974,1011,360,19,360,26,2104,6,6,6,6,6,NA,NA,NA,NA,2019-02-10 21:51:00,0
2019-02-10 23:00:00,WIND,600702,1,HCM,1,18974,1011,360,22,10,28,2158,6,6,6,6,6,NA,NA,NA,NA,2019-02-10 22:51:00,0
2019-02-11 00:00:00,WIND,600702,1,HCM,1,18974,1011,360,21,360,27,2335,6,6,6,6,6,NA,NA,NA,NA,2019-02-10 23:52:00,0
2019-02-11 01:00:00,WIND,600702,1,HCM,1,18974,1011,360,20,360,27,2355,6,6,6,6,6,NA,NA,NA,NA,2019-02-11 00:51:00,0
2019-02-11 02:00:00,WIND,600702,1,HCM,1,18974,1011,10,18,360,25,52,6,6,6,6,6,NA,NA,NA,NA,2019-02-11 01:51:00,0
2019-02-11 03:00:00,WIND,600702,1,HCM,1,18974,1011,10,15,10,21,213,6,6,6,6,6,NA,NA,NA,NA,2019-02-11 02:51:00,0
2019-02-11 04:00:00,WIND,600702,1,HCM,1,18974,1011,360,11,10,16,301,6,6,6,6,6,NA,NA,NA,NA,2019-02-11 03:52:00,0
2019-02-11 05:00:00,WIND,600702,1,HCM,1,18974,1011,10,9,10,12,416,6,6,6,6,6,NA,NA,NA,NA,2019-02-11 04:51:00,0
2019-02-11 06:00:00,WIND,600702,1,HCM,1,18974,1011,360,6,360,9,530,6,6,6,6,6,NA,NA,NA,NA,2019-02-11 05:51:00,0
2019-02-11 07:00:00,WIND,600702,1,HCM,1,18974,1011,340,5,350,7,551,6,6,6,6,6,NA,NA,NA,NA,2019-02-11 06:52:00,0
2019-02-11 08:00:00,WIND,600702,1,HCM,1,18974,1011,300,3,330,5,654,6,6,6,6,6,NA,NA,NA,NA,2019-02-11 07:51:00,0
2019-02-11 09:00:00,WIND,600702,1,HCM,1,18974,1011,260,2,230,5,846,6,6,6,6,6,NA,NA,NA,NA,2019-02-11 08:54:00,0
2019-02-11 10:00:00,WIND,600702,1,HCM,1,18974,1011,210,4,230,5,855,6,6,6,6,6,NA,NA,NA,NA,2019-02-11 09:51:00,910
2019-02-11 11:00:00,WIND,600702,1,HCM,1,18974,1011,180,4,170,7,1037,6,6,6,6,6,NA,NA,NA,NA,2019-02-11 10:51:00,0
2019-02-11 12:00:00,WIND,600702,1,HCM,1,18974,1011,180,8,180,12,1147,6,6,6,6,6,NA,NA,NA,NA,2019-02-11 11:51:00,0
2019-02-11 13:00:00,WIND,600702,1,HCM,1,18974,1011,170,11,180,16,1244,6,6,6,6,6,NA,NA,NA,NA,2019-02-11 12:52:00,0
2019-02-11 14:00:00,WIND,600702,1,HCM,1,18974,1011,180,14,170,18,1320,6,6,6,6,6,NA,NA,NA,NA,2019-02-11 13:51:00,0
2019-02-11 15:00:00,WIND,600702,1,HCM,1,18974,1011,180,15,180,21,1421,6,6,6,6,6,NA,NA,NA,NA,2019-02-11 14:51:00,0
2019-02-11 16:00:00,WIND,600702,1,HCM,1,18974,1011,190,16,200,25,1456,6,6,6,6,6,NA,NA,NA,NA,2019-02-11 15:52:00,0
2019-02-11 17:00:00,WIND,600702,1,HCM,1,18974,1011,180,16,180,21,1619,6,6,6,6,6,NA,NA,NA,NA,2019-02-11 16:51:00,0
2019-02-11 18:00:00,WIND,600702,1,HCM,1,18974,1011,190,17,190,24,1719,6,6,6,6,6,NA,NA,NA,NA,2019-02-11 17:51:00,0
2019-02-11 19:00:00,WIND,600702,1,HCM,1,18974,1011,180,18,180,24,1832,6,6,6,6,6,NA,NA,NA,NA,2019-02-11 18:52:00,0
2019-02-11 20:00:00,WIND,600702,1,HCM,1,18974,1011,190,19,180,25,1941,6,6,6,6,6,NA,NA,NA,NA,2019-02-11 19:51:00,0
2019-02-11 21:00:00,WIND,600702,1,HCM,1,18974,1011,190,18,180,24,1950,6,6,6,6,6,NA,NA,NA,NA,2019-02-11 20:53:00,0
2019-02-11 22:00:00,WIND,600702,1,HCM,1,18974,1011,190,18,190,24,2125,6,6,6,6,6,NA,NA,NA,NA,2019-02-11 21:51:00,0
2019-02-11 23:00:00,WIND,600702,1,HCM,1,18974,1011,180,19,180,26,2223,6,6,6,6,6,NA,NA,NA,NA,2019-02-11 22:51:00,0
2019-02-12 00:00:00,WIND,600702,1,HCM,1,18974,1011,180,20,170,27,2323,6,6,6,6,6,NA,NA,NA,NA,2019-02-11 23:51:00,0
2019-02-12 01:00:00,WIND,600702,1,HCM,1,18974,1011,170,23,170,30,2357,6,6,6,6,6,NA,NA,NA,NA,2019-02-12 00:51:00,1450
2019-02-12 02:00:00,WIND,600702,1,HCM,1,18974,1011,180,23,170,32,121,6,6,6,6,6,NA,NA,NA,NA,2019-02-12 01:51:00,0
2019-02-12 03:00:00,WIND,600702,1,HCM,1,18974,1011,180,23,180,32,216,6,6,6,6,6,NA,NA,NA,NA,2019-02-12 02:51:00,0
2019-02-12 04:00:00,WIND,600702,1,HCM,1,18974,1011,180,22,170,29,253,6,6,6,6,6,NA,NA,NA,NA,2019-02-12 03:51:00,0
2019-02-12 05:00:00,WIND,600702,1,HCM,1,18974,1011,180,21,180,29,439,6,6,6,6,6,NA,NA,NA,NA,2019-02-12 04:51:00,0
2019-02-12 06:00:00,WIND,600702,1,HCM,1,18974,1011,180,21,190,28,503,6,6,6,6,6,NA,NA,NA,NA,2019-02-12 05:51:00,0
2019-02-12 07:00:00,WIND,600702,1,HCM,1,18974,1011,180,23,180,32,634,6,6,6,6,6,NA,NA,NA,NA,2019-02-12 06:51:00,0
2019-02-12 08:00:00,WIND,600702,1,HCM,1,18974,1011,180,24,180,35,725,6,6,6,6,6,NA,NA,NA,NA,2019-02-12 07:52:00,0
2019-02-12 09:00:00,WIND,600702,1,HCM,1,18974,1011,180,24,180,33,816,6,6,6,6,6,NA,NA,NA,NA,2019-02-12 08:54:00,0
2019-02-12 10:00:00,WIND,600702,1,HCM,1,18974,1011,190,23,180,34,911,6,6,6,6,6,NA,NA,NA,NA,2019-02-12 09:52:00,0
2019-02-12 11:00:00,WIND,600702,1,HCM,1,18974,1011,200,23,190,34,1033,6,6,6,6,6,NA,NA,NA,NA,2019-02-12 10:51:00,0
2019-02-12 12:00:00,WIND,600702,1,HCM,1,18974,1011,210,22,210,31,1055,6,6,6,6,6,NA,NA,NA,NA,2019-02-12 11:51:00,0
2019-02-12 13:00:00,WIND,600702,1,HCM,1,18974,1011,210,20,210,28,1236,6,6,6,6,6,NA,NA,NA,NA,2019-02-12 12:51:00,0
2019-02-12 14:00:00,WIND,600702,1,HCM,1,18974,1011,220,20,220,29,1258,6,6,6,6,6,NA,NA,NA,NA,2019-02-12 13:52:00,0
2019-02-12 15:00:00,WIND,600702,1,HCM,1,18974,1011,220,21,230,30,1420,6,6,6,6,6,NA,NA,NA,NA,2019-02-12 14:51:00,0
2019-02-12 16:00:00,WIND,600702,1,HCM,1,18974,1011,230,20,230,30,1514,6,6,6,6,6,NA,NA,NA,NA,2019-02-12 15:52:00,0
2019-02-12 17:00:00,WIND,600702,1,HCM,1,18974,1011,230,18,220,28,1558,6,6,6,6,6,NA,NA,NA,NA,2019-02-12 16:51:00,0
2019-02-12 18:00:00,WIND,600702,1,HCM,1,18974,1011,210,12,230,18,1658,6,6,6,6,6,NA,NA,NA,NA,2019-02-12 17:51:00,0
2019-02-12 19:00:00,WIND,600702,1,HCM,1,18974,1011,200,12,210,17,1846,6,6,6,6,6,NA,NA,NA,NA,2019-02-12 18:51:00,0
2019-02-12 20:00:00,WIND,600702,1,HCM,1,18974,1011,200,13,210,18,1855,6,6,6,6,6,NA,NA,NA,NA,2019-02-12 19:51:00,0
2019-02-12 21:00:00,WIND,600702,1,HCM,1,18974,1011,200,13,200,21,2007,6,6,6,6,6,NA,NA,NA,NA,2019-02-12 20:56:00,0
2019-02-12 22:00:00,WIND,600702,1,HCM,1,18974,1011,190,9,190,14,2057,6,6,6,6,6,NA,NA,NA,NA,2019-02-12 21:51:00,0
2019-02-12 23:00:00,WIND,600702,1,HCM,1,18974,1011,180,9,180,12,2248,6,6,6,6,6,NA,NA,NA,NA,2019-02-12 22:51:00,0
2019-02-13 00:00:00,WIND,600702,1,HCM,1,18974,1011,160,12,150,16,2343,6,6,6,6,6,NA,NA,NA,NA,2019-02-12 23:51:00,0
2019-02-13 01:00:00,WIND,600702,1,HCM,1,18974,1011,160,17,170,27,43,6,6,6,6,6,NA,NA,NA,NA,2019-02-13 00:51:00,0
2019-02-13 02:00:00,WIND,600702,1,HCM,1,18974,1011,170,20,170,28,53,6,6,6,6,6,NA,NA,NA,NA,2019-02-13 01:51:00,0
2019-02-13 03:00:00,WIND,600702,1,HCM,1,18974,1011,170,19,170,24,200,6,6,6,6,6,NA,NA,NA,NA,2019-02-13 02:51:00,0
2019-02-13 04:00:00,WIND,600702,1,HCM,1,18974,1011,180,19,180,26,343,6,6,6,6,6,NA,NA,NA,NA,2019-02-13 03:51:00,0
2019-02-13 05:00:00,WIND,600702,1,HCM,1,18974,1011,180,21,180,29,431,6,6,6,6,6,NA,NA,NA,NA,2019-02-13 04:52:00,0
2019-02-13 06:00:00,WIND,600702,1,HCM,1,18974,1011,180,21,180,28,527,6,6,6,6,6,NA,NA,NA,NA,2019-02-13 05:51:00,0
2019-02-13 07:00:00,WIND,600702,1,HCM,1,18974,1011,170,21,170,28,621,6,6,6,6,6,NA,NA,NA,NA,2019-02-13 06:51:00,0
2019-02-13 08:00:00,WIND,600702,1,HCM,1,18974,1011,170,22,170,29,746,6,6,6,6,6,NA,NA,NA,NA,2019-02-13 07:51:00,0
2019-02-13 09:00:00,WIND,600702,1,HCM,1,18974,1011,180,23,170,31,842,6,6,6,6,6,NA,NA,NA,NA,2019-02-13 08:56:00,0
2019-02-13 10:00:00,WIND,600702,1,HCM,1,18974,1011,170,24,180,31,941,6,6,6,6,6,NA,NA,NA,NA,2019-02-13 09:52:00,0
2019-02-13 11:00:00,WIND,600702,1,HCM,1,18974,1011,170,24,170,33,1012,6,6,6,6,6,NA,NA,NA,NA,2019-02-13 10:51:00,0
2019-02-13 12:00:00,WIND,600702,1,HCM,1,18974,1011,170,25,180,36,1107,6,6,6,6,6,NA,NA,NA,NA,2019-02-13 11:51:00,0
2019-02-13 13:00:00,WIND,600702,1,HCM,1,18974,1011,170,25,180,34,1227,6,6,6,6,6,NA,NA,NA,NA,2019-02-13 12:51:00,0
2019-02-13 14:00:00,WIND,600702,1,HCM,1,18974,1011,170,24,180,33,1331,6,6,6,6,6,NA,NA,NA,NA,2019-02-13 13:53:00,0
2019-02-13 15:00:00,WIND,600702,1,HCM,1,18974,1011,180,24,180,33,1357,6,6,6,6,6,NA,NA,NA,NA,2019-02-13 14:51:00,0
2019-02-13 16:00:00,WIND,600702,1,HCM,1,18974,1011,180,23,180,31,1511,6,6,6,6,6,NA,NA,NA,NA,2019-02-13 15:51:00,0
2019-02-13 17:00:00,WIND,600702,1,HCM,1,18974,1011,170,23,170,31,1634,6,6,6,6,6,NA,NA,NA,NA,2019-02-13 16:51:00,0
2019-02-13 18:00:00,WIND,600702,1,HCM,1,18974,1011,170,23,180,30,1724,6,6,6,6,6,NA,NA,NA,NA,2019-02-13 17:51:00,0
2019-02-13 19:00:00,WIND,600702,1,HCM,1,18974,1011,170,24,170,33,1847,6,6,6,6,6,NA,NA,NA,NA,2019-02-13 18:51:00,0
2019-02-13 20:00:00,WIND,600702,1,HCM,1,18974,1011,170,24,170,32,1914,6,6,6,6,6,NA,NA,NA,NA,2019-02-13 19:52:00,0
2019-02-13 21:00:00,WIND,600702,1,HCM,1,18974,1011,170,22,170,31,2006,6,6,6,6,6,NA,NA,NA,NA,2019-02-13 20:54:00,0
2019-02-13 22:00:00,WIND,600702,1,HCM,1,18974,1011,180,20,170,27,2113,6,6,6,6,6,NA,NA,NA,NA,2019-02-13 21:51:00,0
2019-02-13 23:00:00,WIND,600702,1,HCM,1,18974,1011,180,20,190,28,2231,6,6,6,6,6,NA,NA,NA,NA,2019-02-13 22:51:00,0
2019-02-14 00:00:00,WIND,600702,1,HCM,1,18974,1011,180,22,180,30,2343,6,6,6,6,6,NA,NA,NA,NA,2019-02-13 23:51:00,0
2019-02-14 01:00:00,WIND,600702,1,HCM,1,18974,1011,190,21,180,28,24,6,6,6,6,6,NA,NA,NA,NA,2019-02-14 00:51:00,0
2019-02-14 02:00:00,WIND,600702,1,HCM,1,18974,1011,190,21,200,28,56,6,6,6,6,6,NA,NA,NA,NA,2019-02-14 01:51:00,0
2019-02-14 03:00:00,WIND,600702,1,HCM,1,18974,1011,180,20,190,28,156,6,6,6,6,6,NA,NA,NA,NA,2019-02-14 02:51:00,0
2019-02-14 04:00:00,WIND,600702,1,HCM,1,18974,1011,190,20,180,26,308,6,6,6,6,6,NA,NA,NA,NA,2019-02-14 03:51:00,0
2019-02-14 05:00:00,WIND,600702,1,HCM,1,18974,1011,190,21,180,27,429,6,6,6,6,6,NA,NA,NA,NA,2019-02-14 04:52:00,0
2019-02-14 06:00:00,WIND,600702,1,HCM,1,18974,1011,190,19,180,25,527,6,6,6,6,6,NA,NA,NA,NA,2019-02-14 05:51:00,0
2019-02-14 07:00:00,WIND,600702,1,HCM,1,18974,1011,180,19,180,25,614,6,6,6,6,6,NA,NA,NA,NA,2019-02-14 06:51:00,0
2019-02-14 08:00:00,WIND,600702,1,HCM,1,18974,1011,180,18,170,25,722,6,6,6,6,6,NA,NA,NA,NA,2019-02-14 07:51:00,0
2019-02-14 09:00:00,WIND,600702,1,HCM,1,18974,1011,170,20,180,28,816,6,6,6,6,6,NA,NA,NA,NA,2019-02-14 08:54:00,0
2019-02-14 10:00:00,WIND,600702,1,HCM,1,18974,1011,170,21,170,29,907,6,6,6,6,6,NA,NA,NA,NA,2019-02-14 09:51:00,0
2019-02-14 11:00:00,WIND,600702,1,HCM,1,18974,1011,170,23,170,29,1002,6,6,6,6,6,NA,NA,NA,NA,2019-02-14 10:51:00,0
2019-02-14 12:00:00,WIND,600702,1,HCM,1,18974,1011,170,22,170,29,1104,6,6,6,6,6,NA,NA,NA,NA,2019-02-14 11:51:00,0
2019-02-14 13:00:00,WIND,600702,1,HCM,1,18974,1011,170,21,170,31,1158,6,6,6,6,6,NA,NA,NA,NA,2019-02-14 12:52:00,0
2019-02-14 14:00:00,WIND,600702,1,HCM,1,18974,1011,170,20,170,29,1329,6,6,6,6,6,NA,NA,NA,NA,2019-02-14 13:52:00,0
2019-02-14 15:00:00,WIND,600702,1,HCM,1,18974,1011,160,19,150,25,1444,6,6,6,6,6,NA,NA,NA,NA,2019-02-14 14:52:00,0
2019-02-14 16:00:00,WIND,600702,1,HCM,1,18974,1011,150,21,150,27,1532,6,6,6,6,6,NA,NA,NA,NA,2019-02-14 15:51:00,0
2019-02-14 17:00:00,WIND,600702,1,HCM,1,18974,1011,150,21,140,27,1559,6,6,6,6,6,NA,NA,NA,NA,2019-02-14 16:51:00,0
2019-02-14 18:00:00,WIND,600702,1,HCM,1,18974,1011,140,24,140,32,1742,6,6,6,6,6,NA,NA,NA,NA,2019-02-14 17:51:00,0
2019-02-14 19:00:00,WIND,600702,1,HCM,1,18974,1011,150,25,150,34,1753,6,6,6,6,6,NA,NA,NA,NA,2019-02-14 18:51:00,0
2019-02-14 20:00:00,WIND,600702,1,HCM,1,18974,1011,150,26,150,35,1923,6,6,6,6,6,NA,NA,NA,NA,2019-02-14 19:51:00,0
2019-02-14 21:00:00,WIND,600702,1,HCM,1,18974,1011,150,27,150,38,2046,6,6,6,6,6,NA,NA,NA,NA,2019-02-14 20:54:00,0
2019-02-14 22:00:00,WIND,600702,1,HCM,1,18974,1011,150,28,150,37,2113,6,6,6,6,6,NA,NA,NA,NA,2019-02-14 21:51:00,0
2019-02-14 23:00:00,WIND,600702,1,HCM,1,18974,1011,150,26,150,34,2206,6,6,6,6,6,NA,NA,NA,NA,2019-02-14 22:52:00,0
2019-02-15 00:00:00,WIND,600702,1,HCM,1,18974,1011,150,22,150,31,2348,6,6,6,6,6,NA,NA,NA,NA,2019-02-14 23:51:00,0
2019-02-15 01:00:00,WIND,600702,1,HCM,1,18974,1011,150,23,150,34,44,6,6,6,6,6,NA,NA,NA,NA,2019-02-15 00:51:00,0
2019-02-15 02:00:00,WIND,600702,1,HCM,1,18974,1011,150,25,150,33,145,6,6,6,6,6,NA,NA,NA,NA,2019-02-15 01:51:00,0
2019-02-15 03:00:00,WIND,600702,1,HCM,1,18974,1011,150,26,160,36,244,6,6,6,6,6,NA,NA,NA,NA,2019-02-15 02:51:00,0
2019-02-15 04:00:00,WIND,600702,1,HCM,1,18974,1011,150,24,160,35,251,6,6,6,6,6,NA,NA,NA,NA,2019-02-15 03:51:00,0
2019-02-15 05:00:00,WIND,600702,1,HCM,1,18974,1011,160,23,160,32,437,6,6,6,6,6,NA,NA,NA,NA,2019-02-15 04:51:00,0
2019-02-15 06:00:00,WIND,600702,1,HCM,1,18974,1011,160,22,150,30,533,6,6,6,6,6,NA,NA,NA,NA,2019-02-15 05:51:00,0
2019-02-15 07:00:00,WIND,600702,1,HCM,1,18974,1011,160,25,150,35,633,6,6,6,6,6,NA,NA,NA,NA,2019-02-15 06:51:00,0
2019-02-15 08:00:00,WIND,600702,1,HCM,1,18974,1011,160,25,150,34,734,6,6,6,6,6,NA,NA,NA,NA,2019-02-15 07:51:00,0
2019-02-15 09:00:00,WIND,600702,1,HCM,1,18974,1011,160,28,150,38,755,6,6,6,6,6,NA,NA,NA,NA,2019-02-15 08:54:00,0
2019-02-15 10:00:00,WIND,600702,1,HCM,1,18974,1011,150,28,160,38,927,6,6,6,6,6,NA,NA,NA,NA,2019-02-15 09:51:00,0
2019-02-15 11:00:00,WIND,600702,1,HCM,1,18974,1011,160,26,160,35,1024,6,6,6,6,6,NA,NA,NA,NA,2019-02-15 10:51:00,0
2019-02-15 12:00:00,WIND,600702,1,HCM,1,18974,1011,170,25,170,34,1145,6,6,6,6,6,NA,NA,NA,NA,2019-02-15 11:52:00,0
2019-02-15 13:00:00,WIND,600702,1,HCM,1,18974,1011,160,26,170,35,1229,6,6,6,6,6,NA,NA,NA,NA,2019-02-15 12:51:00,0
2019-02-15 14:00:00,WIND,600702,1,HCM,1,18974,1011,170,25,170,34,1324,6,6,6,6,6,NA,NA,NA,NA,2019-02-15 13:51:00,0
2019-02-15 15:00:00,WIND,600702,1,HCM,1,18974,1011,170,24,170,33,1354,6,6,6,6,6,NA,NA,NA,NA,2019-02-15 14:51:00,0
2019-02-15 16:00:00,WIND,600702,1,HCM,1,18974,1011,160,22,160,30,1533,6,6,6,6,6,NA,NA,NA,NA,2019-02-15 15:51:00,0
2019-02-15 17:00:00,WIND,600702,1,HCM,1,18974,1011,160,21,150,28,1620,6,6,6,6,6,NA,NA,NA,NA,2019-02-15 16:51:00,0
2019-02-15 18:00:00,WIND,600702,1,HCM,1,18974,1011,150,20,150,27,1656,6,6,6,6,6,NA,NA,NA,NA,2019-02-15 17:51:00,0
2019-02-15 19:00:00,WIND,600702,1,HCM,1,18974,1011,160,21,160,27,1841,6,6,6,6,6,NA,NA,NA,NA,2019-02-15 18:52:00,0
2019-02-15 20:00:00,WIND,600702,1,HCM,1,18974,1011,160,20,160,28,1939,6,6,6,6,6,NA,NA,NA,NA,2019-02-15 19:51:00,0
2019-02-15 21:00:00,WIND,600702,1,HCM,1,18974,1011,170,22,170,30,2000,6,6,6,6,6,NA,NA,NA,NA,2019-02-15 20:54:00,0
2019-02-15 22:00:00,WIND,600702,1,HCM,1,18974,1011,200,17,190,29,2119,6,6,6,6,6,NA,NA,NA,NA,2019-02-15 21:51:00,0
2019-02-15 23:00:00,WIND,600702,1,HCM,1,18974,1011,200,13,180,26,2156,6,6,6,6,6,NA,NA,NA,NA,2019-02-15 22:51:00,0
2019-02-16 00:00:00,WIND,600702,1,HCM,1,18974,1011,200,11,200,19,2349,6,6,6,6,6,NA,NA,NA,NA,2019-02-15 23:51:00,0
2019-02-16 01:00:00,WIND,600702,1,HCM,1,18974,1011,200,13,200,21,47,6,6,6,6,6,NA,NA,NA,NA,2019-02-16 00:51:00,1450
2019-02-16 02:00:00,WIND,600702,1,HCM,1,18974,1011,190,13,200,20,54,6,6,6,6,6,NA,NA,NA,NA,2019-02-16 01:51:00,0
2019-02-16 03:00:00,WIND,600702,1,HCM,1,18974,1011,190,16,190,23,213,6,6,6,6,6,NA,NA,NA,NA,2019-02-16 02:51:00,0
2019-02-16 04:00:00,WIND,600702,1,HCM,1,18974,1011,190,16,180,24,340,6,6,6,6,6,NA,NA,NA,NA,2019-02-16 03:51:00,0
2019-02-16 05:00:00,WIND,600702,1,HCM,1,18974,1011,200,17,200,26,433,6,6,6,6,6,NA,NA,NA,NA,2019-02-16 04:51:00,0
2019-02-16 06:00:00,WIND,600702,1,HCM,1,18974,1011,200,18,200,27,527,6,6,6,6,6,NA,NA,NA,NA,2019-02-16 05:51:00,0
2019-02-16 07:00:00,WIND,600702,1,HCM,1,18974,1011,210,17,210,26,551,6,6,6,6,6,NA,NA,NA,NA,2019-02-16 06:51:00,0
2019-02-16 08:00:00,WIND,600702,1,HCM,1,18974,1011,210,16,200,24,718,6,6,6,6,6,NA,NA,NA,NA,2019-02-16 07:52:00,0
2019-02-16 09:00:00,WIND,600702,1,HCM,1,18974,1011,210,15,220,25,815,6,6,6,6,6,NA,NA,NA,NA,2019-02-16 08:54:00,0
2019-02-16 10:00:00,WIND,600702,1,HCM,1,18974,1011,200,18,200,25,942,6,6,6,6,6,NA,NA,NA,NA,2019-02-16 09:51:00,0
2019-02-16 11:00:00,WIND,600702,1,HCM,1,18974,1011,190,17,200,23,950,6,6,6,6,6,NA,NA,NA,NA,2019-02-16 10:51:00,0
2019-02-16 12:00:00,WIND,600702,1,HCM,1,18974,1011,180,17,180,25,1131,6,6,6,6,6,NA,NA,NA,NA,2019-02-16 11:51:00,0
2019-02-16 13:00:00,WIND,600702,1,HCM,1,18974,1011,170,20,160,26,1237,6,6,6,6,6,NA,NA,NA,NA,2019-02-16 12:51:00,0
2019-02-16 14:00:00,WIND,600702,1,HCM,1,18974,1011,160,20,160,27,1308,6,6,6,6,6,NA,NA,NA,NA,2019-02-16 13:51:00,0
2019-02-16 15:00:00,WIND,600702,1,HCM,1,18974,1011,160,22,160,29,1409,6,6,6,6,6,NA,NA,NA,NA,2019-02-16 14:51:00,0
2019-02-16 16:00:00,WIND,600702,1,HCM,1,18974,1011,160,22,160,30,1510,6,6,6,6,6,NA,NA,NA,NA,2019-02-16 15:51:00,0
2019-02-16 17:00:00,WIND,600702,1,HCM,1,18974,1011,150,21,150,29,1649,6,6,6,6,6,NA,NA,NA,NA,2019-02-16 16:51:00,0
2019-02-16 18:00:00,WIND,600702,1,HCM,1,18974,1011,150,23,150,31,1738,6,6,6,6,6,NA,NA,NA,NA,2019-02-16 17:51:00,0
2019-02-16 19:00:00,WIND,600702,1,HCM,1,18974,1011,150,24,140,30,1820,6,6,6,6,6,NA,NA,NA,NA,2019-02-16 18:51:00,0
2019-02-16 20:00:00,WIND,600702,1,HCM,1,18974,1011,150,24,150,32,1903,6,6,6,6,6,NA,NA,NA,NA,2019-02-16 19:51:00,0
2019-02-16 21:00:00,WIND,600702,1,HCM,1,18974,1011,150,24,150,32,2023,6,6,6,6,6,NA,NA,NA,NA,2019-02-16 20:55:00,0
2019-02-16 22:00:00,WIND,600702,1,HCM,1,18974,1011,150,24,150,31,2121,6,6,6,6,6,NA,NA,NA,NA,2019-02-16 21:51:00,0
2019-02-16 23:00:00,WIND,600702,1,HCM,1,18974,1011,150,24,150,31,2224,6,6,6,6,6,NA,NA,NA,NA,2019-02-16 22:52:00,0
2019-02-17 00:00:00,WIND,600702,1,HCM,1,18974,1011,150,24,150,33,2305,6,6,6,6,6,NA,NA,NA,NA,2019-02-16 23:51:00,0
2019-02-17 01:00:00,WIND,600702,1,HCM,1,18974,1011,150,25,150,34,20,6,6,6,6,6,NA,NA,NA,NA,2019-02-17 00:51:00,1450
2019-02-17 02:00:00,WIND,600702,1,HCM,1,18974,1011,160,25,150,33,114,6,6,6,6,6,NA,NA,NA,NA,2019-02-17 01:51:00,1390
2019-02-17 03:00:00,WIND,600702,1,HCM,1,18974,1011,160,24,160,33,236,6,6,6,6,6,NA,NA,NA,NA,2019-02-17 02:52:00,0
2019-02-17 04:00:00,WIND,600702,1,HCM,1,18974,1011,150,25,160,33,254,6,6,6,6,6,NA,NA,NA,NA,2019-02-17 03:51:00,0
2019-02-17 05:00:00,WIND,600702,1,HCM,1,18974,1011,150,25,150,33,411,6,6,6,6,6,NA,NA,NA,NA,2019-02-17 04:51:00,0
2019-02-17 06:00:00,WIND,600702,1,HCM,1,18974,1011,160,25,160,35,526,6,6,6,6,6,NA,NA,NA,NA,2019-02-17 05:51:00,0
2019-02-17 07:00:00,WIND,600702,1,HCM,1,18974,1011,160,26,160,36,606,6,6,6,6,6,NA,NA,NA,NA,2019-02-17 06:51:00,0
2019-02-17 08:00:00,WIND,600702,1,HCM,1,18974,1011,160,21,150,32,656,6,6,6,6,6,NA,NA,NA,NA,2019-02-17 07:51:00,0
2019-02-17 09:00:00,WIND,600702,1,HCM,1,18974,1011,160,22,170,30,811,6,6,6,6,6,NA,NA,NA,NA,2019-02-17 08:54:00,0
2019-02-17 10:00:00,WIND,600702,1,HCM,1,18974,1011,170,21,170,29,855,6,6,6,6,6,NA,NA,NA,NA,2019-02-17 09:51:00,0
2019-02-17 11:00:00,WIND,600702,1,HCM,1,18974,1011,170,23,170,31,1013,6,6,6,6,6,NA,NA,NA,NA,2019-02-17 10:51:00,0
2019-02-17 12:00:00,WIND,600702,1,HCM,1,18974,1011,190,24,210,37,1128,6,6,6,6,6,NA,NA,NA,NA,2019-02-17 11:51:00,0
2019-02-17 13:00:00,WIND,600702,1,HCM,1,18974,1011,190,18,190,30,1247,6,6,6,6,6,NA,NA,NA,NA,2019-02-17 12:51:00,0
2019-02-17 14:00:00,WIND,600702,1,HCM,1,18974,1011,190,22,190,31,1256,6,6,6,6,6,NA,NA,NA,NA,2019-02-17 13:51:00,0
2019-02-17 15:00:00,WIND,600702,1,HCM,1,18974,1011,190,22,190,32,1441,6,6,6,6,6,NA,NA,NA,NA,2019-02-17 14:52:00,0
2019-02-17 16:00:00,WIND,600702,1,HCM,1,18974,1011,180,23,180,30,1542,6,6,6,6,6,NA,NA,NA,NA,2019-02-17 15:51:00,0
2019-02-17 17:00:00,WIND,600702,1,HCM,1,18974,1011,170,23,170,33,1647,6,6,6,6,6,NA,NA,NA,NA,2019-02-17 16:51:00,0
2019-02-17 18:00:00,WIND,600702,1,HCM,1,18974,1011,170,23,180,32,1651,6,6,6,6,6,NA,NA,NA,NA,2019-02-17 17:51:00,0
2019-02-17 19:00:00,WIND,600702,1,HCM,1,18974,1011,170,22,170,31,1829,6,6,6,6,6,NA,NA,NA,NA,2019-02-17 18:51:00,0
2019-02-17 20:00:00,WIND,600702,1,HCM,1,18974,1011,160,23,170,32,1947,6,6,6,6,6,NA,NA,NA,NA,2019-02-17 19:51:00,0
2019-02-17 21:00:00,WIND,600702,1,HCM,1,18974,1011,170,26,170,34,2006,6,6,6,6,6,NA,NA,NA,NA,2019-02-17 20:54:00,0
2019-02-17 22:00:00,WIND,600702,1,HCM,1,18974,1011,170,25,170,36,2051,6,6,6,6,6,NA,NA,NA,NA,2019-02-17 21:51:00,0
2019-02-17 23:00:00,WIND,600702,1,HCM,1,18974,1011,180,29,190,40,2246,6,6,6,6,6,NA,NA,NA,NA,2019-02-17 22:52:00,0
2019-02-18 00:00:00,WIND,600702,1,HCM,1,18974,1011,190,27,180,39,2331,6,6,6,6,6,NA,NA,NA,NA,2019-02-17 23:51:00,0
2019-02-18 01:00:00,WIND,600702,1,HCM,1,18974,1011,190,26,180,40,9,6,6,6,6,6,NA,NA,NA,NA,2019-02-18 09:37:06,NA
2019-02-18 02:00:00,WIND,600702,1,HCM,1,18974,1011,200,23,200,34,136,6,6,6,6,6,NA,NA,NA,NA,2019-02-18 09:40:04,NA
2019-02-18 03:00:00,WIND,600702,1,HCM,1,18974,1011,200,24,200,37,239,6,6,6,6,6,NA,NA,NA,NA,2019-02-18 02:51:00,0
2019-02-18 04:00:00,WIND,600702,1,HCM,1,18974,1011,200,26,210,37,305,6,6,6,6,6,NA,NA,NA,NA,2019-02-18 03:51:00,0
2019-02-18 05:00:00,WIND,600702,1,HCM,1,18974,1011,190,27,200,39,427,6,6,6,6,6,NA,NA,NA,NA,2019-02-18 04:51:00,0
2019-02-18 06:00:00,WIND,600702,1,HCM,1,18974,1011,200,28,190,40,456,6,6,6,6,6,NA,NA,NA,NA,2019-02-18 05:51:00,0
2019-02-18 07:00:00,WIND,600702,1,HCM,1,18974,1011,190,26,200,40,647,6,6,6,6,6,NA,NA,NA,NA,2019-02-18 06:51:00,0
2019-02-18 08:00:00,WIND,600702,1,HCM,1,18974,1011,190,26,200,38,749,6,6,6,6,6,NA,NA,NA,NA,2019-02-18 07:52:00,0
2019-02-18 09:00:00,WIND,600702,1,HCM,1,18974,1011,190,26,190,41,751,6,6,6,6,6,NA,NA,NA,NA,2019-02-18 08:53:00,0
2019-02-18 10:00:00,WIND,600702,1,HCM,1,18974,1011,210,22,210,37,901,6,6,6,6,6,NA,NA,NA,NA,2019-02-18 09:51:00,0
2019-02-18 11:00:00,WIND,600702,1,HCM,1,18974,1011,220,18,220,27,1003,6,6,6,6,6,NA,NA,NA,NA,2019-02-18 10:51:00,0
2019-02-18 12:00:00,WIND,600702,1,HCM,1,18974,1011,230,17,230,27,1111,6,6,6,6,6,NA,NA,NA,NA,2019-02-18 11:51:00,0
2019-02-18 13:00:00,WIND,600702,1,HCM,1,18974,1011,240,15,240,24,1151,6,6,6,6,6,NA,NA,NA,NA,2019-02-18 12:51:00,0
2019-02-18 14:00:00,WIND,600702,1,HCM,1,18974,1011,260,16,240,24,1257,6,6,6,6,6,NA,NA,NA,NA,2019-02-18 13:52:00,0
2019-02-18 15:00:00,WIND,600702,1,HCM,1,18974,1011,260,17,270,23,1446,6,6,6,6,6,NA,NA,NA,NA,2019-02-18 14:51:00,0
2019-02-18 16:00:00,WIND,600702,1,HCM,1,18974,1011,260,15,260,22,1451,6,6,6,6,6,NA,NA,NA,NA,2019-02-18 15:52:00,0
2019-02-18 17:00:00,WIND,600702,1,HCM,1,18974,1011,270,15,290,27,1646,6,6,6,6,6,NA,NA,NA,NA,2019-02-18 16:51:00,0
2019-02-18 18:00:00,WIND,600702,1,HCM,1,18974,1011,280,14,280,23,1650,6,6,6,6,6,NA,NA,NA,NA,2019-02-18 17:52:00,0
2019-02-18 19:00:00,WIND,600702,1,HCM,1,18974,1011,290,17,290,23,1824,6,6,6,6,6,NA,NA,NA,NA,2019-02-18 18:52:00,0
2019-02-18 20:00:00,WIND,600702,1,HCM,1,18974,1011,290,15,290,23,1858,6,6,6,6,6,NA,NA,NA,NA,2019-02-18 19:51:00,0
2019-02-18 21:00:00,WIND,600702,1,HCM,1,18974,1011,280,13,290,20,2043,6,6,6,6,6,NA,NA,NA,NA,2019-02-18 20:55:00,0
2019-02-18 22:00:00,WIND,600702,1,HCM,1,18974,1011,280,13,290,21,2102,6,6,6,6,6,NA,NA,NA,NA,2019-02-18 21:51:00,0
2019-02-18 23:00:00,WIND,600702,1,HCM,1,18974,1011,290,10,290,15,2208,6,6,6,6,6,NA,NA,NA,NA,2019-02-18 22:51:00,0
2019-02-19 00:00:00,WIND,600702,1,HCM,1,18974,1011,290,9,280,14,2317,6,6,6,6,6,NA,NA,NA,NA,2019-02-18 23:52:00,0
2019-02-19 01:00:00,WIND,600702,1,HCM,1,18974,1011,270,11,270,16,2354,6,6,6,6,6,NA,NA,NA,NA,2019-02-19 00:51:00,0
2019-02-19 02:00:00,WIND,600702,1,HCM,1,18974,1011,270,10,270,17,51,6,6,6,6,6,NA,NA,NA,NA,2019-02-19 01:51:00,0
2019-02-19 03:00:00,WIND,600702,1,HCM,1,18974,1011,260,7,270,10,150,6,6,6,6,6,NA,NA,NA,NA,2019-02-19 02:51:00,0
2019-02-19 04:00:00,WIND,600702,1,HCM,1,18974,1011,240,6,240,8,313,6,6,6,6,6,NA,NA,NA,NA,2019-02-19 03:51:00,0
2019-02-19 05:00:00,WIND,600702,1,HCM,1,18974,1011,240,8,250,15,426,6,6,6,6,6,NA,NA,NA,NA,2019-02-19 04:51:00,0
2019-02-19 06:00:00,WIND,600702,1,HCM,1,18974,1011,240,7,240,15,517,6,6,6,6,6,NA,NA,NA,NA,2019-02-19 05:51:00,0
2019-02-19 07:00:00,WIND,600702,1,HCM,1,18974,1011,240,10,240,17,612,6,6,6,6,6,NA,NA,NA,NA,2019-02-19 06:51:00,0
2019-02-19 08:00:00,WIND,600702,1,HCM,1,18974,1011,240,8,250,15,709,6,6,6,6,6,NA,NA,NA,NA,2019-02-19 07:51:00,0
2019-02-19 09:00:00,WIND,600702,1,HCM,1,18974,1011,220,6,230,9,803,6,6,6,6,6,NA,NA,NA,NA,2019-02-19 08:56:00,0
2019-02-19 10:00:00,WIND,600702,1,HCM,1,18974,1011,210,8,210,12,929,6,6,6,6,6,NA,NA,NA,NA,2019-02-19 09:51:00,0
2019-02-19 11:00:00,WIND,600702,1,HCM,1,18974,1011,210,12,200,19,1020,6,6,6,6,6,NA,NA,NA,NA,2019-02-19 10:52:00,0
2019-02-19 12:00:00,WIND,600702,1,HCM,1,18974,1011,190,13,190,20,1132,6,6,6,6,6,NA,NA,NA,NA,2019-02-19 11:51:00,0
2019-02-19 13:00:00,WIND,600702,1,HCM,1,18974,1011,180,16,180,22,1243,6,6,6,6,6,NA,NA,NA,NA,2019-02-19 12:51:00,0
2019-02-19 14:00:00,WIND,600702,1,HCM,1,18974,1011,170,18,170,25,1342,6,6,6,6,6,NA,NA,NA,NA,2019-02-19 13:51:00,0
2019-02-19 15:00:00,WIND,600702,1,HCM,1,18974,1011,170,20,170,26,1430,6,6,6,6,6,NA,NA,NA,NA,2019-02-19 14:51:00,0
2019-02-19 16:00:00,WIND,600702,1,HCM,1,18974,1011,160,21,160,29,1539,6,6,6,6,6,NA,NA,NA,NA,2019-02-19 15:52:00,0
2019-02-19 17:00:00,WIND,600702,1,HCM,1,18974,1011,150,25,150,31,1620,6,6,6,6,6,NA,NA,NA,NA,2019-02-19 16:51:00,0
2019-02-19 18:00:00,WIND,600702,1,HCM,1,18974,1011,150,27,150,37,1732,6,6,6,6,6,NA,NA,NA,NA,2019-02-19 17:51:00,0
2019-02-19 19:00:00,WIND,600702,1,HCM,1,18974,1011,150,27,140,36,1821,6,6,6,6,6,NA,NA,NA,NA,2019-02-19 18:51:00,0
2019-02-19 20:00:00,WIND,600702,1,HCM,1,18974,1011,150,28,140,38,1928,6,6,6,6,6,NA,NA,NA,NA,2019-02-19 19:51:00,0
2019-02-19 21:00:00,WIND,600702,1,HCM,1,18974,1011,150,26,140,35,1950,6,6,6,6,6,NA,NA,NA,NA,2019-02-19 20:54:00,0
2019-02-19 22:00:00,WIND,600702,1,HCM,1,18974,1011,160,24,160,32,2056,6,6,6,6,6,NA,NA,NA,NA,2019-02-19 21:51:00,0
2019-02-19 23:00:00,WIND,600702,1,HCM,1,18974,1011,170,23,170,31,2152,6,6,6,6,6,NA,NA,NA,NA,2019-02-19 22:51:00,0
2019-02-20 00:00:00,WIND,600702,1,HCM,1,18974,1011,170,23,180,30,2306,6,6,6,6,6,NA,NA,NA,NA,2019-02-19 23:51:00,0
2019-02-20 01:00:00,WIND,600702,1,HCM,1,18974,1011,170,23,170,30,4,6,6,6,6,6,NA,NA,NA,NA,2019-02-20 00:52:00,0
2019-02-20 02:00:00,WIND,600702,1,HCM,1,18974,1011,180,23,180,31,117,6,6,6,6,6,NA,NA,NA,NA,2019-02-20 01:51:00,0
2019-02-20 03:00:00,WIND,600702,1,HCM,1,18974,1011,180,22,180,28,239,6,6,6,6,6,NA,NA,NA,NA,2019-02-20 02:51:00,0
2019-02-20 04:00:00,WIND,600702,1,HCM,1,18974,1011,180,22,190,29,302,6,6,6,6,6,NA,NA,NA,NA,2019-02-20 03:51:00,0
2019-02-20 05:00:00,WIND,600702,1,HCM,1,18974,1011,180,22,190,30,403,6,6,6,6,6,NA,NA,NA,NA,2019-02-20 04:51:00,0
2019-02-20 06:00:00,WIND,600702,1,HCM,1,18974,1011,180,21,180,28,451,6,6,6,6,6,NA,NA,NA,NA,2019-02-20 05:51:00,0
2019-02-20 07:00:00,WIND,600702,1,HCM,1,18974,1011,170,22,170,29,643,6,6,6,6,6,NA,NA,NA,NA,2019-02-20 06:51:00,0
2019-02-20 08:00:00,WIND,600702,1,HCM,1,18974,1011,170,23,170,30,739,6,6,6,6,6,NA,NA,NA,NA,2019-02-20 07:51:00,0
2019-02-20 09:00:00,WIND,600702,1,HCM,1,18974,1011,160,21,160,28,838,6,6,6,6,6,NA,NA,NA,NA,2019-02-20 08:53:00,0
2019-02-20 10:00:00,WIND,600702,1,HCM,1,18974,1011,160,21,170,29,939,6,6,6,6,6,NA,NA,NA,NA,2019-02-20 09:52:00,0
2019-02-20 11:00:00,WIND,600702,1,HCM,1,18974,1011,170,20,170,27,1002,6,6,6,6,6,NA,NA,NA,NA,2019-02-20 10:51:00,0
2019-02-20 12:00:00,WIND,600702,1,HCM,1,18974,1011,190,22,190,31,1124,6,6,6,6,6,NA,NA,NA,NA,2019-02-20 11:52:00,0
2019-02-20 13:00:00,WIND,600702,1,HCM,1,18974,1011,220,20,200,27,1150,6,6,6,6,6,NA,NA,NA,NA,2019-02-20 12:51:00,0
2019-02-20 14:00:00,WIND,600702,1,HCM,1,18974,1011,220,16,230,25,1253,6,6,6,6,6,NA,NA,NA,NA,2019-02-20 13:52:00,0
2019-02-20 15:00:00,WIND,600702,1,HCM,1,18974,1011,220,15,220,22,1356,6,6,6,6,6,NA,NA,NA,NA,2019-02-20 14:51:00,0
2019-02-20 16:00:00,WIND,600702,1,HCM,1,18974,1011,210,11,210,17,1519,6,6,6,6,6,NA,NA,NA,NA,2019-02-20 15:51:00,0
2019-02-20 17:00:00,WIND,600702,1,HCM,1,18974,1011,210,11,200,16,1649,6,6,6,6,6,NA,NA,NA,NA,2019-02-20 16:52:00,0
2019-02-20 18:00:00,WIND,600702,1,HCM,1,18974,1011,200,11,200,16,1656,6,6,6,6,6,NA,NA,NA,NA,2019-02-20 17:51:00,0
2019-02-20 19:00:00,WIND,600702,1,HCM,1,18974,1011,190,9,190,15,1753,6,6,6,6,6,NA,NA,NA,NA,2019-02-20 18:52:00,0
2019-02-20 20:00:00,WIND,600702,1,HCM,1,18974,1011,170,11,160,15,1941,6,6,6,6,6,NA,NA,NA,NA,2019-02-20 19:51:00,0
2019-02-20 21:00:00,WIND,600702,1,HCM,1,18974,1011,160,11,160,14,2017,6,6,6,6,6,NA,NA,NA,NA,2019-02-20 20:55:00,0
2019-02-20 22:00:00,WIND,600702,1,HCM,1,18974,1011,150,12,140,16,2140,6,6,6,6,6,NA,NA,NA,NA,2019-02-20 21:52:00,0
2019-02-20 23:00:00,WIND,600702,1,HCM,1,18974,1011,140,14,150,18,2249,6,6,6,6,6,NA,NA,NA,NA,2019-02-20 22:51:00,0
2019-02-21 00:00:00,WIND,600702,1,HCM,1,18974,1011,150,15,150,20,2349,6,6,6,6,6,NA,NA,NA,NA,2019-02-20 23:51:00,0
2019-02-21 01:00:00,WIND,600702,1,HCM,1,18974,1011,160,17,150,22,32,6,6,6,6,6,NA,NA,NA,NA,2019-02-21 00:51:00,0
2019-02-21 02:00:00,WIND,600702,1,HCM,1,18974,1011,160,16,160,22,104,6,6,6,6,6,NA,NA,NA,NA,2019-02-21 01:51:00,0
2019-02-21 03:00:00,WIND,600702,1,HCM,1,18974,1011,160,16,160,21,244,6,6,6,6,6,NA,NA,NA,NA,2019-02-21 02:51:00,0
2019-02-21 04:00:00,WIND,600702,1,HCM,1,18974,1011,160,17,150,24,349,6,6,6,6,6,NA,NA,NA,NA,2019-02-21 03:51:00,0
2019-02-21 05:00:00,WIND,600702,1,HCM,1,18974,1011,170,18,150,24,350,6,6,6,6,6,NA,NA,NA,NA,2019-02-21 04:51:00,0
2019-02-21 06:00:00,WIND,600702,1,HCM,1,18974,1011,170,17,170,24,456,6,6,6,6,6,NA,NA,NA,NA,2019-02-21 05:52:00,0
2019-02-21 07:00:00,WIND,600702,1,HCM,1,18974,1011,160,16,170,22,551,6,6,6,6,6,NA,NA,NA,NA,2019-02-21 06:51:00,0
2019-02-21 08:00:00,WIND,600702,1,HCM,1,18974,1011,150,15,170,21,654,6,6,6,6,6,NA,NA,NA,NA,2019-02-21 07:51:00,0
2019-02-21 09:00:00,WIND,600702,1,HCM,1,18974,1011,150,15,140,19,757,6,6,6,6,6,NA,NA,NA,NA,2019-02-21 08:54:00,0
2019-02-21 10:00:00,WIND,600702,1,HCM,1,18974,1011,150,16,160,21,944,6,6,6,6,6,NA,NA,NA,NA,2019-02-21 09:51:00,0
2019-02-21 11:00:00,WIND,600702,1,HCM,1,18974,1011,160,15,150,21,1006,6,6,6,6,6,NA,NA,NA,NA,2019-02-21 10:51:00,0
2019-02-21 12:00:00,WIND,600702,1,HCM,1,18974,1011,150,17,150,25,1148,6,6,6,6,6,NA,NA,NA,NA,2019-02-21 11:51:00,0
2019-02-21 13:00:00,WIND,600702,1,HCM,1,18974,1011,150,18,150,24,1150,6,6,6,6,6,NA,NA,NA,NA,2019-02-21 12:51:00,0
2019-02-21 14:00:00,WIND,600702,1,HCM,1,18974,1011,140,18,140,24,1334,6,6,6,6,6,NA,NA,NA,NA,2019-02-21 13:52:00,0
2019-02-21 15:00:00,WIND,600702,1,HCM,1,18974,1011,140,20,140,27,1401,6,6,6,6,6,NA,NA,NA,NA,2019-02-21 14:52:00,0
2019-02-21 16:00:00,WIND,600702,1,HCM,1,18974,1011,140,20,130,27,1534,6,6,6,6,6,NA,NA,NA,NA,2019-02-21 15:51:00,0
2019-02-21 17:00:00,WIND,600702,1,HCM,1,18974,1011,140,20,140,26,1603,6,6,6,6,6,NA,NA,NA,NA,2019-02-21 16:51:00,0
2019-02-21 18:00:00,WIND,600702,1,HCM,1,18974,1011,140,22,140,31,1721,6,6,6,6,6,NA,NA,NA,NA,2019-02-21 17:51:00,0
2019-02-21 19:00:00,WIND,600702,1,HCM,1,18974,1011,140,24,140,30,1801,6,6,6,6,6,NA,NA,NA,NA,2019-02-21 18:52:00,0
2019-02-21 20:00:00,WIND,600702,1,HCM,1,18974,1011,140,22,140,31,1947,6,6,6,6,6,NA,NA,NA,NA,2019-02-21 19:51:00,0
2019-02-21 21:00:00,WIND,600702,1,HCM,1,18974,1011,140,23,140,32,1953,6,6,6,6,6,NA,NA,NA,NA,2019-02-21 20:55:00,0
2019-02-21 22:00:00,WIND,600702,1,HCM,1,18974,1011,140,25,140,32,2126,6,6,6,6,6,NA,NA,NA,NA,2019-02-21 21:51:00,0
2019-02-21 23:00:00,WIND,600702,1,HCM,1,18974,1011,130,24,140,33,2157,6,6,6,6,6,NA,NA,NA,NA,2019-02-21 22:51:00,0
2019-02-22 00:00:00,WIND,600702,1,HCM,1,18974,1011,130,26,130,34,2313,6,6,6,6,6,NA,NA,NA,NA,2019-02-21 23:51:00,0
2019-02-22 01:00:00,WIND,600702,1,HCM,1,18974,1011,130,26,140,33,25,6,6,6,6,6,NA,NA,NA,NA,2019-02-22 00:51:00,0
2019-02-22 02:00:00,WIND,600702,1,HCM,1,18974,1011,130,25,130,34,128,6,6,6,6,6,NA,NA,NA,NA,2019-02-22 01:52:00,0
2019-02-22 03:00:00,WIND,600702,1,HCM,1,18974,1011,140,25,140,34,202,6,6,6,6,6,NA,NA,NA,NA,2019-02-22 02:51:00,0
2019-02-22 04:00:00,WIND,600702,1,HCM,1,18974,1011,150,26,150,36,348,6,6,6,6,6,NA,NA,NA,NA,2019-02-22 03:51:00,0
2019-02-22 05:00:00,WIND,600702,1,HCM,1,18974,1011,150,29,150,39,428,6,6,6,6,6,NA,NA,NA,NA,2019-02-22 04:51:00,0
2019-02-22 06:00:00,WIND,600702,1,HCM,1,18974,1011,150,27,160,37,505,6,6,6,6,6,NA,NA,NA,NA,2019-02-22 05:51:00,0
2019-02-22 07:00:00,WIND,600702,1,HCM,1,18974,1011,150,27,150,35,612,6,6,6,6,6,NA,NA,NA,NA,2019-02-22 06:51:00,0
2019-02-22 08:00:00,WIND,600702,1,HCM,1,18974,1011,150,26,160,36,726,6,6,6,6,6,NA,NA,NA,NA,2019-02-22 07:51:00,0
2019-02-22 09:00:00,WIND,600702,1,HCM,1,18974,1011,160,22,150,30,750,6,6,6,6,6,NA,NA,NA,NA,2019-02-22 08:53:00,0
2019-02-22 10:00:00,WIND,600702,1,HCM,1,18974,1011,160,22,160,30,900,6,6,6,6,6,NA,NA,NA,NA,2019-02-22 09:52:00,0
2019-02-22 11:00:00,WIND,600702,1,HCM,1,18974,1011,150,21,160,28,1001,6,6,6,6,6,NA,NA,NA,NA,2019-02-22 10:51:00,0
2019-02-22 12:00:00,WIND,600702,1,HCM,1,18974,1011,150,22,160,29,1100,6,6,6,6,6,NA,NA,NA,NA,2019-02-22 11:51:00,0
2019-02-22 12:00:00,WMO,03100,1,SYNOP,1,18974,1011,NA,NA,NA,29,NA,NA,NA,NA,1,NA,NA,NA,NA,NA,2019-02-22 11:51:00,16
2019-02-22 13:00:00,WIND,600702,1,HCM,1,18974,1011,150,20,150,26,1154,6,6,6,6,6,NA,NA,NA,NA,2019-02-22 12:52:00,0
2019-02-22 14:00:00,WIND,600702,1,HCM,1,18974,1011,140,21,140,28,1349,6,6,6,6,6,NA,NA,NA,NA,2019-02-22 13:51:00,0
2019-02-22 15:00:00,WIND,600702,1,HCM,1,18974,1011,140,22,140,29,1351,6,6,6,6,6,NA,NA,NA,NA,2019-02-22 14:52:00,0
2019-02-22 16:00:00,WIND,600702,1,HCM,1,18974,1011,140,22,140,28,1525,6,6,6,6,6,NA,NA,NA,NA,2019-02-22 15:51:00,0
2019-02-22 17:00:00,WIND,600702,1,HCM,1,18974,1011,140,22,140,30,1615,6,6,6,6,6,NA,NA,NA,NA,2019-02-22 16:51:00,0
2019-02-22 18:00:00,WIND,600702,1,HCM,1,18974,1011,140,24,140,30,1708,6,6,6,6,6,NA,NA,NA,NA,2019-02-22 17:51:00,0
2019-02-22 19:00:00,WIND,600702,1,HCM,1,18974,1011,140,27,140,38,1838,6,6,6,6,6,NA,NA,NA,NA,2019-02-22 18:51:00,0
2019-02-22 20:00:00,WIND,600702,1,HCM,1,18974,1011,140,27,150,37,1851,6,6,6,6,6,NA,NA,NA,NA,2019-02-22 19:51:00,0
2019-02-22 21:00:00,WIND,600702,1,HCM,1,18974,1011,150,26,150,34,2047,6,6,6,6,6,NA,NA,NA,NA,2019-02-22 20:54:00,0
2019-02-22 22:00:00,WIND,600702,1,HCM,1,18974,1011,150,26,150,35,2123,6,6,6,6,6,NA,NA,NA,NA,2019-02-22 21:52:00,0
2019-02-22 23:00:00,WIND,600702,1,HCM,1,18974,1011,150,25,150,33,2240,6,6,6,6,6,NA,NA,NA,NA,2019-02-22 22:51:00,0
2019-02-23 00:00:00,WIND,600702,1,HCM,1,18974,1011,150,26,150,35,2340,6,6,6,6,6,NA,NA,NA,NA,2019-02-22 23:52:00,0
2019-02-23 01:00:00,WIND,600702,1,HCM,1,18974,1011,140,26,150,35,2351,6,6,6,6,6,NA,NA,NA,NA,2019-02-23 00:51:00,0
2019-02-23 02:00:00,WIND,600702,1,HCM,1,18974,1011,140,26,150,36,149,6,6,6,6,6,NA,NA,NA,NA,2019-02-23 01:51:00,0
2019-02-23 03:00:00,WIND,600702,1,HCM,1,18974,1011,140,28,140,35,216,6,6,6,6,6,NA,NA,NA,NA,2019-02-23 02:51:00,0
2019-02-23 04:00:00,WIND,600702,1,HCM,1,18974,1011,140,30,140,41,324,6,6,6,6,6,NA,NA,NA,NA,2019-02-23 03:51:00,0
2019-02-23 05:00:00,WIND,600702,1,HCM,1,18974,1011,140,31,140,40,401,6,6,6,6,6,NA,NA,NA,NA,2019-02-23 04:51:00,0
2019-02-23 06:00:00,WIND,600702,1,HCM,1,18974,1011,140,32,140,41,519,6,6,6,6,6,NA,NA,NA,NA,2019-02-23 05:51:00,0
2019-02-23 07:00:00,WIND,600702,1,HCM,1,18974,1011,140,31,140,42,608,6,6,6,6,6,NA,NA,NA,NA,2019-02-23 06:51:00,0
2019-02-23 08:00:00,WIND,600702,1,HCM,1,18974,1011,140,32,140,40,702,6,6,6,6,6,NA,NA,NA,NA,2019-02-23 07:51:00,0
2019-02-23 09:00:00,WIND,600702,1,HCM,1,18974,1011,150,28,140,39,809,6,6,6,6,6,NA,NA,NA,NA,2019-02-23 08:54:00,0
2019-02-23 10:00:00,WIND,600702,1,HCM,1,18974,1011,150,25,150,34,918,6,6,6,6,6,NA,NA,NA,NA,2019-02-23 09:51:00,0
2019-02-23 11:00:00,WIND,600702,1,HCM,1,18974,1011,160,22,160,29,1036,6,6,6,6,6,NA,NA,NA,NA,2019-02-23 10:51:00,0
2019-02-23 12:00:00,WIND,600702,1,HCM,1,18974,1011,170,21,170,29,1146,6,6,6,6,6,NA,NA,NA,NA,2019-02-23 11:51:00,0
2019-02-23 13:00:00,WIND,600702,1,HCM,1,18974,1011,170,21,170,27,1157,6,6,6,6,6,NA,NA,NA,NA,2019-02-23 12:51:00,0
2019-02-23 14:00:00,WIND,600702,1,HCM,1,18974,1011,180,20,180,26,1322,6,6,6,6,6,NA,NA,NA,NA,2019-02-23 13:51:00,0
2019-02-23 15:00:00,WIND,600702,1,HCM,1,18974,1011,180,19,180,26,1355,6,6,6,6,6,NA,NA,NA,NA,2019-02-23 14:52:00,0
2019-02-23 16:00:00,WIND,600702,1,HCM,1,18974,1011,180,18,180,25,1514,6,6,6,6,6,NA,NA,NA,NA,2019-02-23 15:51:00,0
2019-02-23 17:00:00,WIND,600702,1,HCM,1,18974,1011,180,17,170,22,1604,6,6,6,6,6,NA,NA,NA,NA,2019-02-23 16:51:00,0
2019-02-23 18:00:00,WIND,600702,1,HCM,1,18974,1011,200,18,200,37,1727,6,6,6,6,6,NA,NA,NA,NA,2019-02-23 17:51:00,0
2019-02-23 19:00:00,WIND,600702,1,HCM,1,18974,1011,240,14,250,24,1821,6,6,6,6,6,NA,NA,NA,NA,2019-02-23 18:52:00,0
2019-02-23 20:00:00,WIND,600702,1,HCM,1,18974,1011,240,10,240,13,1858,6,6,6,6,6,NA,NA,NA,NA,2019-02-23 19:51:00,0
2019-02-23 21:00:00,WIND,600702,1,HCM,1,18974,1011,230,7,230,10,1951,6,6,6,6,6,NA,NA,NA,NA,2019-02-23 20:54:00,0
2019-02-23 22:00:00,WIND,600702,1,HCM,1,18974,1011,210,7,210,9,2141,6,6,6,6,6,NA,NA,NA,NA,2019-02-23 21:52:00,0
2019-02-23 23:00:00,WIND,600702,1,HCM,1,18974,1011,210,8,200,10,2224,6,6,6,6,6,NA,NA,NA,NA,2019-02-23 22:51:00,0
2019-02-24 00:00:00,WIND,600702,1,HCM,1,18974,1011,200,7,210,10,2250,6,6,6,6,6,NA,NA,NA,NA,2019-02-23 23:52:00,0
2019-02-24 01:00:00,WIND,600702,1,HCM,1,18974,1011,200,6,200,7,1,6,6,6,6,6,NA,NA,NA,NA,2019-02-24 00:51:00,0
2019-02-24 02:00:00,WIND,600702,1,HCM,1,18974,1011,190,6,190,8,147,6,6,6,6,6,NA,NA,NA,NA,2019-02-24 01:51:00,0
2019-02-24 03:00:00,WIND,600702,1,HCM,1,18974,1011,170,6,200,8,150,6,6,6,6,6,NA,NA,NA,NA,2019-02-24 02:51:00,0
2019-02-24 04:00:00,WIND,600702,1,HCM,1,18974,1011,130,8,130,10,343,6,6,6,6,6,NA,NA,NA,NA,2019-02-24 03:51:00,0
2019-02-24 05:00:00,WIND,600702,1,HCM,1,18974,1011,130,12,140,17,438,6,6,6,6,6,NA,NA,NA,NA,2019-02-24 04:51:00,0
2019-02-24 06:00:00,WIND,600702,1,HCM,1,18974,1011,140,15,130,21,546,6,6,6,6,6,NA,NA,NA,NA,2019-02-24 05:51:00,0
2019-02-24 07:00:00,WIND,600702,1,HCM,1,18974,1011,140,16,130,22,614,6,6,6,6,6,NA,NA,NA,NA,2019-02-24 06:51:00,0
2019-02-24 08:00:00,WIND,600702,1,HCM,1,18974,1011,130,19,130,27,749,6,6,6,6,6,NA,NA,NA,NA,2019-02-24 07:51:00,0
2019-02-24 09:00:00,WIND,600702,1,HCM,1,18974,1011,130,21,130,28,830,6,6,6,6,6,NA,NA,NA,NA,2019-02-24 08:54:00,0
2019-02-24 10:00:00,WIND,600702,1,HCM,1,18974,1011,130,24,120,30,938,6,6,6,6,6,NA,NA,NA,NA,2019-02-24 09:51:00,0
2019-02-24 11:00:00,WIND,600702,1,HCM,1,18974,1011,130,23,140,31,1043,6,6,6,6,6,NA,NA,NA,NA,2019-02-24 10:51:00,0
2019-02-24 12:00:00,WIND,600702,1,HCM,1,18974,1011,140,22,150,30,1115,6,6,6,6,6,NA,NA,NA,NA,2019-02-24 11:51:00,0
2019-02-24 13:00:00,WIND,600702,1,HCM,1,18974,1011,150,25,150,34,1249,6,6,6,6,6,NA,NA,NA,NA,2019-02-24 12:51:00,0
2019-02-24 14:00:00,WIND,600702,1,HCM,1,18974,1011,150,27,150,37,1342,6,6,6,6,6,NA,NA,NA,NA,2019-02-24 13:52:00,0
2019-02-24 15:00:00,WIND,600702,1,HCM,1,18974,1011,150,26,150,35,1400,6,6,6,6,6,NA,NA,NA,NA,2019-02-24 14:51:00,0
2019-02-24 16:00:00,WIND,600702,1,HCM,1,18974,1011,150,24,150,33,1535,6,6,6,6,6,NA,NA,NA,NA,2019-02-24 15:51:00,0
2019-02-24 17:00:00,WIND,600702,1,HCM,1,18974,1011,150,25,140,33,1618,6,6,6,6,6,NA,NA,NA,NA,2019-02-24 16:51:00,0
2019-02-24 18:00:00,WIND,600702,1,HCM,1,18974,1011,140,23,140,31,1652,6,6,6,6,6,NA,NA,NA,NA,2019-02-24 17:51:00,0
2019-02-24 19:00:00,WIND,600702,1,HCM,1,18974,1011,150,19,140,26,1800,6,6,6,6,6,NA,NA,NA,NA,2019-02-24 18:51:00,0
2019-02-24 20:00:00,WIND,600702,1,HCM,1,18974,1011,150,18,150,24,1911,6,6,6,6,6,NA,NA,NA,NA,2019-02-24 19:52:00,0
2019-02-24 21:00:00,WIND,600702,1,HCM,1,18974,1011,150,18,140,24,2039,6,6,6,6,6,NA,NA,NA,NA,2019-02-24 20:56:00,0
2019-02-24 22:00:00,WIND,600702,1,HCM,1,18974,1011,150,19,150,26,2148,6,6,6,6,6,NA,NA,NA,NA,2019-02-24 21:51:00,0
2019-02-24 23:00:00,WIND,600702,1,HCM,1,18974,1011,150,21,150,28,2239,6,6,6,6,6,NA,NA,NA,NA,2019-02-24 22:51:00,0
2019-02-25 00:00:00,WIND,600702,1,HCM,1,18974,1011,150,19,150,26,2347,6,6,6,6,6,NA,NA,NA,NA,2019-02-24 23:51:00,0
2019-02-25 01:00:00,WIND,600702,1,HCM,1,18974,1011,150,15,150,21,2354,6,6,6,6,6,NA,NA,NA,NA,2019-02-25 00:51:00,0
2019-02-25 02:00:00,WIND,600702,1,HCM,1,18974,1011,160,10,160,15,101,6,6,6,6,6,NA,NA,NA,NA,2019-02-25 01:51:00,0
2019-02-25 03:00:00,WIND,600702,1,HCM,1,18974,1011,150,9,160,13,151,6,6,6,6,6,NA,NA,NA,NA,2019-02-25 02:51:00,0
2019-02-25 04:00:00,WIND,600702,1,HCM,1,18974,1011,150,8,160,11,330,6,6,6,6,6,NA,NA,NA,NA,2019-02-25 03:51:00,0
2019-02-25 05:00:00,WIND,600702,1,HCM,1,18974,1011,150,9,150,13,411,6,6,6,6,6,NA,NA,NA,NA,2019-02-25 04:51:00,0
2019-02-25 06:00:00,WIND,600702,1,HCM,1,18974,1011,150,12,140,18,546,6,6,6,6,6,NA,NA,NA,NA,2019-02-25 05:51:00,0
2019-02-25 07:00:00,WIND,600702,1,HCM,1,18974,1011,140,15,150,19,611,6,6,6,6,6,NA,NA,NA,NA,2019-02-25 06:51:00,0
2019-02-25 08:00:00,WIND,600702,1,HCM,1,18974,1011,140,14,140,18,653,6,6,6,6,6,NA,NA,NA,NA,2019-02-25 07:51:00,0
2019-02-25 09:00:00,WIND,600702,1,HCM,1,18974,1011,140,17,140,27,836,6,6,6,6,6,NA,NA,NA,NA,2019-02-25 08:53:00,0
2019-02-25 10:00:00,WIND,600702,1,HCM,1,18974,1011,140,19,140,25,908,6,6,6,6,6,NA,NA,NA,NA,2019-02-25 09:51:00,0
2019-02-25 11:00:00,WIND,600702,1,HCM,1,18974,1011,140,20,150,26,1037,6,6,6,6,6,NA,NA,NA,NA,2019-02-25 10:51:00,0
2019-02-25 12:00:00,WIND,600702,1,HCM,1,18974,1011,150,19,150,26,1111,6,6,6,6,6,NA,NA,NA,NA,2019-02-25 11:51:00,0
2019-02-25 13:00:00,WIND,600702,1,HCM,1,18974,1011,140,19,140,27,1240,6,6,6,6,6,NA,NA,NA,NA,2019-02-25 12:51:00,0
2019-02-25 14:00:00,WIND,600702,1,HCM,1,18974,1011,140,21,140,28,1338,6,6,6,6,6,NA,NA,NA,NA,2019-02-25 13:51:00,0
2019-02-25 15:00:00,WIND,600702,1,HCM,1,18974,1011,140,21,130,28,1441,6,6,6,6,6,NA,NA,NA,NA,2019-02-25 14:51:00,0
2019-02-25 16:00:00,WIND,600702,1,HCM,1,18974,1011,140,22,140,29,1547,6,6,6,6,6,NA,NA,NA,NA,2019-02-25 15:51:00,0
2019-02-25 17:00:00,WIND,600702,1,HCM,1,18974,1011,140,22,140,28,1609,6,6,6,6,6,NA,NA,NA,NA,2019-02-25 16:51:00,0
2019-02-25 18:00:00,WIND,600702,1,HCM,1,18974,1011,140,21,140,27,1746,6,6,6,6,6,NA,NA,NA,NA,2019-02-25 17:51:00,0
2019-02-25 19:00:00,WIND,600702,1,HCM,1,18974,1011,140,22,140,28,1819,6,6,6,6,6,NA,NA,NA,NA,2019-02-25 18:51:00,0
2019-02-25 20:00:00,WIND,600702,1,HCM,1,18974,1011,140,22,140,31,1947,6,6,6,6,6,NA,NA,NA,NA,2019-02-25 19:51:00,0
2019-02-25 21:00:00,WIND,600702,1,HCM,1,18974,1011,140,24,140,31,2026,6,6,6,6,6,NA,NA,NA,NA,2019-02-25 20:55:00,0
2019-02-25 22:00:00,WIND,600702,1,HCM,1,18974,1011,140,23,140,30,2050,6,6,6,6,6,NA,NA,NA,NA,2019-02-25 21:51:00,0
2019-02-25 23:00:00,WIND,600702,1,HCM,1,18974,1011,150,20,150,26,2156,6,6,6,6,6,NA,NA,NA,NA,2019-02-25 22:51:00,0
2019-02-26 00:00:00,WIND,600702,1,HCM,1,18974,1011,160,19,160,26,2305,6,6,6,6,6,NA,NA,NA,NA,2019-02-25 23:51:00,0
2019-02-26 01:00:00,WIND,600702,1,HCM,1,18974,1011,160,17,160,26,2355,6,6,6,6,6,NA,NA,NA,NA,2019-02-26 00:51:00,0
2019-02-26 02:00:00,WIND,600702,1,HCM,1,18974,1011,170,16,160,21,101,6,6,6,6,6,NA,NA,NA,NA,2019-02-26 01:51:00,0
2019-02-26 03:00:00,WIND,600702,1,HCM,1,18974,1011,170,15,170,20,221,6,6,6,6,6,NA,NA,NA,NA,2019-02-26 02:52:00,0
2019-02-26 04:00:00,WIND,600702,1,HCM,1,18974,1011,180,13,180,19,330,6,6,6,6,6,NA,NA,NA,NA,2019-02-26 03:51:00,0
2019-02-26 05:00:00,WIND,600702,1,HCM,1,18974,1011,180,12,180,17,441,6,6,6,6,6,NA,NA,NA,NA,2019-02-26 04:51:00,0
2019-02-26 06:00:00,WIND,600702,1,HCM,1,18974,1011,180,12,180,16,528,6,6,6,6,6,NA,NA,NA,NA,2019-02-26 05:51:00,0
2019-02-26 07:00:00,WIND,600702,1,HCM,1,18974,1011,170,11,170,15,551,6,6,6,6,6,NA,NA,NA,NA,2019-02-26 06:51:00,0
2019-02-26 08:00:00,WIND,600702,1,HCM,1,18974,1011,180,10,180,14,658,6,6,6,6,6,NA,NA,NA,NA,2019-02-26 07:51:00,0
2019-02-26 09:00:00,WIND,600702,1,HCM,1,18974,1011,180,11,180,16,842,6,6,6,6,6,NA,NA,NA,NA,2019-02-26 08:54:00,0
2019-02-26 10:00:00,WIND,600702,1,HCM,1,18974,1011,170,11,180,15,853,6,6,6,6,6,NA,NA,NA,NA,2019-02-26 09:51:00,0
2019-02-26 11:00:00,WIND,600702,1,HCM,1,18974,1011,170,11,170,14,1020,6,6,6,6,6,NA,NA,NA,NA,2019-02-26 10:51:00,0
2019-02-26 12:00:00,WIND,600702,1,HCM,1,18974,1011,160,13,150,18,1146,6,6,6,6,6,NA,NA,NA,NA,2019-02-26 11:52:00,0
2019-02-26 13:00:00,WIND,600702,1,HCM,1,18974,1011,150,11,150,17,1150,6,6,6,6,6,NA,NA,NA,NA,2019-02-26 12:51:00,0
2019-02-26 14:00:00,WIND,600702,1,HCM,1,18974,1011,140,10,150,15,1334,6,6,6,6,6,NA,NA,NA,NA,2019-02-26 13:52:00,0
2019-02-26 15:00:00,WIND,600702,1,HCM,1,18974,1011,130,9,130,13,1408,6,6,6,6,6,NA,NA,NA,NA,2019-02-26 14:52:00,0
2019-02-26 16:00:00,WIND,600702,1,HCM,1,18974,1011,140,8,140,11,1519,6,6,6,6,6,NA,NA,NA,NA,2019-02-26 15:52:00,0
2019-02-26 17:00:00,WIND,600702,1,HCM,1,18974,1011,150,10,130,16,1644,6,6,6,6,6,NA,NA,NA,NA,2019-02-26 16:51:00,0
2019-02-26 18:00:00,WIND,600702,1,HCM,1,18974,1011,130,12,130,17,1711,6,6,6,6,6,NA,NA,NA,NA,2019-02-26 17:51:00,0
2019-02-26 19:00:00,WIND,600702,1,HCM,1,18974,1011,130,13,140,18,1846,6,6,6,6,6,NA,NA,NA,NA,2019-02-26 18:51:00,0
2019-02-26 20:00:00,WIND,600702,1,HCM,1,18974,1011,140,15,140,20,1936,6,6,6,6,6,NA,NA,NA,NA,2019-02-26 19:52:00,0
2019-02-26 21:00:00,WIND,600702,1,HCM,1,18974,1011,140,15,130,20,2015,6,6,6,6,6,NA,NA,NA,NA,2019-02-26 20:53:00,0
2019-02-26 22:00:00,WIND,600702,1,HCM,1,18974,1011,140,16,140,21,2057,6,6,6,6,6,NA,NA,NA,NA,2019-02-26 21:51:00,0
2019-02-26 23:00:00,WIND,600702,1,HCM,1,18974,1011,140,14,150,19,2155,6,6,6,6,6,NA,NA,NA,NA,2019-02-26 22:51:00,0
2019-02-27 00:00:00,WIND,600702,1,HCM,1,18974,1011,150,10,140,15,2252,6,6,6,6,6,NA,NA,NA,NA,2019-02-26 23:51:00,0
2019-02-27 01:00:00,WIND,600702,1,HCM,1,18974,1011,170,10,160,14,2357,6,6,6,6,6,NA,NA,NA,NA,2019-02-27 00:51:00,0
2019-02-27 02:00:00,WIND,600702,1,HCM,1,18974,1011,170,11,170,14,129,6,6,6,6,6,NA,NA,NA,NA,2019-02-27 01:51:00,0
2019-02-27 03:00:00,WIND,600702,1,HCM,1,18974,1011,160,11,170,14,155,6,6,6,6,6,NA,NA,NA,NA,2019-02-27 02:51:00,0
2019-02-27 04:00:00,WIND,600702,1,HCM,1,18974,1011,160,9,150,13,251,6,6,6,6,6,NA,NA,NA,NA,2019-02-27 03:51:00,0
2019-02-27 05:00:00,WIND,600702,1,HCM,1,18974,1011,160,10,160,14,439,6,6,6,6,6,NA,NA,NA,NA,2019-02-27 04:51:00,0
2019-02-27 06:00:00,WIND,600702,1,HCM,1,18974,1011,170,11,160,14,507,6,6,6,6,6,NA,NA,NA,NA,2019-02-27 05:51:00,0
2019-02-27 07:00:00,WIND,600702,1,HCM,1,18974,1011,170,11,170,15,609,6,6,6,6,6,NA,NA,NA,NA,2019-02-27 06:51:00,0
2019-02-27 08:00:00,WIND,600702,1,HCM,1,18974,1011,160,9,170,13,706,6,6,6,6,6,NA,NA,NA,NA,2019-02-27 07:51:00,0
2019-02-27 09:00:00,WIND,600702,1,HCM,1,18974,1011,170,7,170,10,753,6,6,6,6,6,NA,NA,NA,NA,2019-02-27 08:54:00,0
2019-02-27 10:00:00,WIND,600702,1,HCM,1,18974,1011,190,7,200,12,939,6,6,6,6,6,NA,NA,NA,NA,2019-02-27 09:51:00,0
2019-02-27 11:00:00,WIND,600702,1,HCM,1,18974,1011,220,8,210,13,956,6,6,6,6,6,NA,NA,NA,NA,2019-02-27 10:51:00,0
2019-02-27 12:00:00,WIND,600702,1,HCM,1,18974,1011,240,9,240,13,1101,6,6,6,6,6,NA,NA,NA,NA,2019-02-27 11:53:00,0
2019-02-27 13:00:00,WIND,600702,1,HCM,1,18974,1011,260,8,260,12,1201,6,6,6,6,6,NA,NA,NA,NA,2019-02-27 12:53:00,0
2019-02-27 14:00:00,WIND,600702,1,HCM,1,18974,1011,260,6,240,11,1344,6,6,6,6,6,NA,NA,NA,NA,2019-02-27 13:56:00,0
2019-02-27 15:00:00,WIND,600702,1,HCM,1,18974,1011,220,6,210,9,1358,6,6,6,6,6,NA,NA,NA,NA,2019-02-27 14:52:00,0
2019-02-27 16:00:00,WIND,600702,1,HCM,1,18974,1011,210,5,200,7,1528,6,6,6,6,6,NA,NA,NA,NA,2019-02-27 15:52:00,0
2019-02-27 17:00:00,WIND,600702,1,HCM,1,18974,1011,170,3,180,5,1551,6,6,6,6,6,NA,NA,NA,NA,2019-02-27 16:53:00,0
2019-02-27 18:00:00,WIND,600702,1,HCM,1,18974,1011,160,3,170,5,1741,6,6,6,6,6,NA,NA,NA,NA,2019-02-27 17:53:00,0
2019-02-27 19:00:00,WIND,600702,1,HCM,1,18974,1011,170,4,170,5,1826,6,6,6,6,6,NA,NA,NA,NA,2019-02-27 18:52:00,0
2019-02-27 20:00:00,WIND,600702,1,HCM,1,18974,1011,150,3,130,5,1944,6,6,6,6,6,NA,NA,NA,NA,2019-02-27 19:53:00,0
2019-02-27 21:00:00,WIND,600702,1,HCM,1,18974,1011,130,3,140,5,1951,6,6,6,6,6,NA,NA,NA,NA,2019-02-27 20:54:00,0
2019-02-27 22:00:00,WIND,600702,1,HCM,1,18974,1011,130,3,140,4,2133,6,6,6,6,6,NA,NA,NA,NA,2019-02-27 21:53:00,0
2019-02-27 23:00:00,WIND,600702,1,HCM,1,18974,1011,120,3,110,4,2203,6,6,6,6,6,NA,NA,NA,NA,2019-02-27 22:52:00,0
2019-02-28 00:00:00,WIND,600702,1,HCM,1,18974,1011,100,1,70,3,2258,6,6,6,6,6,NA,NA,NA,NA,2019-02-27 23:51:00,0
2019-02-28 01:00:00,WIND,600702,1,HCM,1,18974,1011,60,3,60,5,27,6,6,6,6,6,NA,NA,NA,NA,2019-02-28 00:51:00,0
2019-02-28 02:00:00,WIND,600702,1,HCM,1,18974,1011,80,4,100,5,145,6,6,6,6,6,NA,NA,NA,NA,2019-02-28 01:51:00,0
2019-02-28 03:00:00,WIND,600702,1,HCM,1,18974,1011,90,5,100,6,216,6,6,6,6,6,NA,NA,NA,NA,2019-02-28 02:52:00,0
2019-02-28 04:00:00,WIND,600702,1,HCM,1,18974,1011,110,8,130,13,343,6,6,6,6,6,NA,NA,NA,NA,2019-02-28 03:51:00,0
2019-02-28 05:00:00,WIND,600702,1,HCM,1,18974,1011,120,11,130,15,412,6,6,6,6,6,NA,NA,NA,NA,2019-02-28 04:52:00,0
2019-02-28 06:00:00,WIND,600702,1,HCM,1,18974,1011,120,11,110,18,547,6,6,6,6,6,NA,NA,NA,NA,2019-02-28 05:51:00,0
2019-02-28 07:00:00,WIND,600702,1,HCM,1,18974,1011,130,13,140,17,630,6,6,6,6,6,NA,NA,NA,NA,2019-02-28 06:51:00,0
2019-02-28 08:00:00,WIND,600702,1,HCM,1,18974,1011,140,15,150,20,738,6,6,6,6,6,NA,NA,NA,NA,2019-02-28 07:51:00,0
2019-02-28 09:00:00,WIND,600702,1,HCM,1,18974,1011,150,12,150,17,753,6,6,6,6,6,NA,NA,NA,NA,2019-02-28 10:10:00,0
2019-02-28 10:00:00,WIND,600702,1,HCM,1,18974,1011,160,8,160,13,905,6,6,6,6,6,NA,NA,NA,NA,2019-02-28 10:10:00,0
2019-02-28 11:00:00,WIND,600702,1,HCM,1,18974,1011,160,7,160,11,951,6,6,6,6,6,NA,NA,NA,NA,2019-02-28 10:51:00,0
2019-02-28 12:00:00,WIND,600702,1,HCM,1,18974,1011,130,7,140,12,1108,6,6,6,6,6,NA,NA,NA,NA,2019-02-28 11:51:00,0
2019-02-28 13:00:00,WIND,600702,1,HCM,1,18974,1011,120,6,120,8,1150,6,6,6,6,6,NA,NA,NA,NA,2019-02-28 12:51:00,0
2019-02-28 14:00:00,WIND,600702,1,HCM,1,18974,1011,170,4,180,6,1329,6,6,6,6,6,NA,NA,NA,NA,2019-02-28 13:51:00,0
2019-02-28 15:00:00,WIND,600702,1,HCM,1,18974,1011,210,5,210,8,1423,6,6,6,6,6,NA,NA,NA,NA,2019-02-28 14:51:00,0
2019-02-28 16:00:00,WIND,600702,1,HCM,1,18974,1011,220,5,230,9,1532,6,6,6,6,6,NA,NA,NA,NA,2019-02-28 15:51:00,0
2019-02-28 17:00:00,WIND,600702,1,HCM,1,18974,1011,210,5,200,8,1609,6,6,6,6,6,NA,NA,NA,NA,2019-02-28 16:51:00,0
2019-02-28 18:00:00,WIND,600702,1,HCM,1,18974,1011,220,3,230,5,1728,6,6,6,6,6,NA,NA,NA,NA,2019-02-28 17:51:00,0
2019-02-28 19:00:00,WIND,600702,1,HCM,1,18974,1011,240,2,270,4,1827,6,6,6,6,6,NA,NA,NA,NA,2019-02-28 18:51:00,0
2019-02-28 20:00:00,WIND,600702,1,HCM,1,18974,1011,110,4,90,8,1942,6,6,6,6,6,NA,NA,NA,NA,2019-02-28 19:51:00,0
2019-02-28 21:00:00,WIND,600702,1,HCM,1,18974,1011,150,4,190,6,2049,6,6,6,6,6,NA,NA,NA,NA,2019-02-28 20:53:00,0
2019-02-28 22:00:00,WIND,600702,1,HCM,1,18974,1011,180,4,190,6,2140,6,6,6,6,6,NA,NA,NA,NA,2019-02-28 21:51:00,0
2019-02-28 23:00:00,WIND,600702,1,HCM,1,18974,1011,190,6,180,9,2226,6,6,6,6,6,NA,NA,NA,NA,2019-02-28 22:51:00,0
2019-03-01 00:00:00,WIND,600702,1,HCM,1,18974,1011,190,5,180,8,2251,6,6,6,6,6,NA,NA,NA,NA,2019-02-28 23:51:00,0
2019-03-01 01:00:00,WIND,600702,1,HCM,1,18974,1011,180,7,180,10,12,6,6,6,6,6,NA,NA,NA,NA,2019-03-01 00:51:00,0
2019-03-01 02:00:00,WIND,600702,1,HCM,1,18974,1011,180,8,190,13,133,6,6,6,6,6,NA,NA,NA,NA,2019-03-01 01:51:00,0
2019-03-01 03:00:00,WIND,600702,1,HCM,1,18974,1011,170,9,170,12,204,6,6,6,6,6,NA,NA,NA,NA,2019-03-01 02:51:00,0
2019-03-01 04:00:00,WIND,600702,1,HCM,1,18974,1011,170,9,170,12,317,6,6,6,6,6,NA,NA,NA,NA,2019-03-01 03:51:00,0
2019-03-01 05:00:00,WIND,600702,1,HCM,1,18974,1011,140,8,130,11,435,6,6,6,6,6,NA,NA,NA,NA,2019-03-01 04:51:00,0
2019-03-01 06:00:00,WIND,600702,1,HCM,1,18974,1011,160,8,180,11,547,6,6,6,6,6,NA,NA,NA,NA,2019-03-01 05:51:00,0
2019-03-01 07:00:00,WIND,600702,1,HCM,1,18974,1011,180,9,180,13,641,6,6,6,6,6,NA,NA,NA,NA,2019-03-01 06:51:00,0
2019-03-01 08:00:00,WIND,600702,1,HCM,1,18974,1011,180,8,180,13,727,6,6,6,6,6,NA,NA,NA,NA,2019-03-01 07:51:00,0
2019-03-01 09:00:00,WIND,600702,1,HCM,1,18974,1011,210,8,210,13,818,6,6,6,6,6,NA,NA,NA,NA,2019-03-01 08:53:00,0
2019-03-01 10:00:00,WIND,600702,1,HCM,1,18974,1011,190,7,180,13,948,6,6,6,6,6,NA,NA,NA,NA,2019-03-01 09:52:00,0
2019-03-01 11:00:00,WIND,600702,1,HCM,1,18974,1011,170,10,160,14,1045,6,6,6,6,6,NA,NA,NA,NA,2019-03-01 10:51:00,0
2019-03-01 12:00:00,WIND,600702,1,HCM,1,18974,1011,170,12,160,16,1117,6,6,6,6,6,NA,NA,NA,NA,2019-03-01 11:51:00,0
2019-03-01 13:00:00,WIND,600702,1,HCM,1,18974,1011,160,12,150,17,1228,6,6,6,6,6,NA,NA,NA,NA,2019-03-01 12:51:00,0
2019-03-01 14:00:00,WIND,600702,1,HCM,1,18974,1011,150,15,150,19,1328,6,6,6,6,6,NA,NA,NA,NA,2019-03-01 13:51:00,0
2019-03-01 15:00:00,WIND,600702,1,HCM,1,18974,1011,140,15,130,20,1427,6,6,6,6,6,NA,NA,NA,NA,2019-03-01 14:51:00,0
2019-03-01 16:00:00,WIND,600702,1,HCM,1,18974,1011,140,14,140,20,1499,6,6,6,6,6,NA,NA,NA,NA,2019-03-28 07:59:25,NA
2019-03-29 10:00:00,WIND,600702,1,HCM,1,18974,1011,220,17,210,25,946,6,6,6,6,6,NA,NA,NA,NA,2019-03-29 10:35:00,0
2019-03-29 11:00:00,WIND,600702,1,HCM,1,18974,1011,210,17,210,25,959,6,6,6,6,6,NA,NA,NA,NA,2019-03-29 10:52:00,0
2019-03-29 13:00:00,WIND,600702,1,HCM,1,18974,1011,220,17,220,25,1244,6,6,6,6,6,NA,NA,NA,NA,2019-03-29 12:52:00,0
2019-03-29 14:00:00,WIND,600702,1,HCM,1,18974,1011,210,17,220,25,1323,6,6,6,6,6,NA,NA,NA,NA,2019-03-29 13:51:00,0
2019-03-29 15:00:00,WIND,600702,1,HCM,1,18974,1011,220,18,210,25,1429,6,6,6,6,6,NA,NA,NA,NA,2019-03-29 14:52:00,0
2019-03-29 16:00:00,WIND,600702,1,HCM,1,18974,1011,220,16,220,24,1518,6,6,6,6,6,NA,NA,NA,NA,2019-03-29 15:52:00,0
2019-03-29 17:00:00,WIND,600702,1,HCM,1,18974,1011,220,15,220,22,1601,6,6,6,6,6,NA,NA,NA,NA,2019-03-29 16:52:00,0
2019-03-29 18:00:00,WIND,600702,1,HCM,1,18974,1011,220,13,230,20,1736,6,6,6,6,6,NA,NA,NA,NA,2019-03-29 17:51:00,0
2019-03-29 19:00:00,WIND,600702,1,HCM,1,18974,1011,230,15,230,23,1811,6,6,6,6,6,NA,NA,NA,NA,2019-03-29 18:52:00,0
2019-03-29 20:00:00,WIND,600702,1,HCM,1,18974,1011,220,13,220,20,1948,6,6,6,6,6,NA,NA,NA,NA,2019-03-29 19:51:00,0
2019-03-29 21:00:00,WIND,600702,1,HCM,1,18974,1011,220,13,240,20,1950,6,6,6,6,6,NA,NA,NA,NA,2019-03-29 20:55:00,0
2019-03-29 22:00:00,WIND,600702,1,HCM,1,18974,1011,220,13,220,21,2148,6,6,6,6,6,NA,NA,NA,NA,2019-03-29 21:52:00,0
2019-03-29 23:00:00,WIND,600702,1,HCM,1,18974,1011,330,11,220,20,2151,6,6,6,6,6,NA,NA,NA,NA,2019-03-29 22:52:00,0
2019-03-30 00:00:00,WIND,600702,1,HCM,1,18974,1011,360,10,360,13,2326,6,6,6,6,6,NA,NA,NA,NA,2019-03-29 23:51:00,0
2019-03-30 01:00:00,WIND,600702,1,HCM,1,18974,1011,350,10,340,14,2,6,6,6,6,6,NA,NA,NA,NA,2019-03-30 00:51:00,0
2019-03-30 02:00:00,WIND,600702,1,HCM,1,18974,1011,350,12,340,17,142,6,6,6,6,6,NA,NA,NA,NA,2019-03-30 01:52:00,0
2019-03-30 03:00:00,WIND,600702,1,HCM,1,18974,1011,350,14,350,18,249,6,6,6,6,6,NA,NA,NA,NA,2019-03-30 02:51:00,0
2019-03-30 04:00:00,WIND,600702,1,HCM,1,18974,1011,350,14,340,19,318,6,6,6,6,6,NA,NA,NA,NA,2019-03-30 03:53:00,0
2019-03-30 05:00:00,WIND,600702,1,HCM,1,18974,1011,350,13,340,20,353,6,6,6,6,6,NA,NA,NA,NA,2019-03-30 04:52:00,0
2019-03-30 06:00:00,WIND,600702,1,HCM,1,18974,1011,340,11,340,16,547,6,6,6,6,6,NA,NA,NA,NA,2019-03-30 05:53:00,0
2019-03-30 07:00:00,WIND,600702,1,HCM,1,18974,1011,330,9,330,17,608,6,6,6,6,6,NA,NA,NA,NA,2019-03-30 06:52:00,0
2019-03-30 08:00:00,WIND,600702,1,HCM,1,18974,1011,320,7,330,11,735,6,6,6,6,6,NA,NA,NA,NA,2019-03-30 07:52:00,0
2019-03-30 09:00:00,WIND,600702,1,HCM,1,18974,1011,320,11,340,17,840,6,6,6,6,6,NA,NA,NA,NA,2019-03-30 08:55:00,0
2019-03-30 10:00:00,WIND,600702,1,HCM,1,18974,1011,330,14,330,19,910,6,6,6,6,6,NA,NA,NA,NA,2019-03-30 09:52:00,0
2019-03-30 11:00:00,WIND,600702,1,HCM,1,18974,1011,330,15,330,19,1004,6,6,6,6,6,NA,NA,NA,NA,2019-03-30 10:51:00,0
2019-03-30 12:00:00,WIND,600702,1,HCM,1,18974,1011,320,12,320,21,1054,6,6,6,6,6,NA,NA,NA,NA,2019-03-30 11:52:00,0
2019-03-30 13:00:00,WIND,600702,1,HCM,1,18974,1011,330,14,330,18,1207,6,6,6,6,6,NA,NA,NA,NA,2019-03-30 12:52:00,0
2019-03-30 14:00:00,WIND,600702,1,HCM,1,18974,1011,330,15,320,23,1308,6,6,6,6,6,NA,NA,NA,NA,2019-03-30 13:52:00,0
2019-03-30 15:00:00,WIND,600702,1,HCM,1,18974,1011,330,12,340,23,1445,6,6,6,6,6,NA,NA,NA,NA,2019-03-30 14:51:00,0
2019-03-30 16:00:00,WIND,600702,1,HCM,1,18974,1011,340,15,330,20,1451,6,6,6,6,6,NA,NA,NA,NA,2019-03-30 15:53:00,0
2019-03-30 17:00:00,WIND,600702,1,HCM,1,18974,1011,350,13,340,20,1555,6,6,6,6,6,NA,NA,NA,NA,2019-03-30 16:53:00,0
2019-03-30 18:00:00,WIND,600702,1,HCM,1,18974,1011,350,12,360,18,1727,6,6,6,6,6,NA,NA,NA,NA,2019-03-30 17:51:00,0
2019-03-30 19:00:00,WIND,600702,1,HCM,1,18974,1011,340,11,320,19,1845,6,6,6,6,6,NA,NA,NA,NA,2019-03-30 18:52:00,0
2019-03-30 20:00:00,WIND,600702,1,HCM,1,18974,1011,340,12,330,16,1853,6,6,6,6,6,NA,NA,NA,NA,2019-03-30 19:51:00,0
2019-03-30 21:00:00,WIND,600702,1,HCM,1,18974,1011,10,11,20,15,2007,6,6,6,6,6,NA,NA,NA,NA,2019-03-30 20:55:00,0
2019-03-30 22:00:00,WIND,600702,1,HCM,1,18974,1011,360,10,360,15,2119,6,6,6,6,6,NA,NA,NA,NA,2019-03-30 21:51:00,0
2019-03-30 23:00:00,WIND,600702,1,HCM,1,18974,1011,360,10,10,15,2216,6,6,6,6,6,NA,NA,NA,NA,2019-03-30 22:52:00,0
2019-03-31 00:00:00,WIND,600702,1,HCM,1,18974,1011,10,8,10,12,2309,6,6,6,6,6,NA,NA,NA,NA,2019-03-30 23:52:00,0
2019-03-31 01:00:00,WIND,600702,1,HCM,1,18974,1011,10,8,20,10,2355,6,6,6,6,6,NA,NA,NA,NA,2019-03-31 00:52:00,0
2019-03-31 02:00:00,WIND,600702,1,HCM,1,18974,1011,20,5,20,8,117,6,6,6,6,6,NA,NA,NA,NA,2019-03-31 01:52:00,0
2019-03-31 03:00:00,WIND,600702,1,HCM,1,18974,1011,50,4,30,5,156,6,6,6,6,6,NA,NA,NA,NA,2019-03-31 02:52:00,0
2019-03-31 04:00:00,WIND,600702,1,HCM,1,18974,1011,60,2,80,4,251,6,6,6,6,6,NA,NA,NA,NA,2019-03-31 03:52:00,0
2019-03-31 05:00:00,WIND,600702,1,HCM,1,18974,1011,70,2,100,3,429,6,6,6,6,6,NA,NA,NA,NA,2019-03-31 04:52:00,0
2019-03-31 06:00:00,WIND,600702,1,HCM,1,18974,1011,100,5,110,7,521,6,6,6,6,6,NA,NA,NA,NA,2019-03-31 05:51:00,0
2019-03-31 07:00:00,WIND,600702,1,HCM,1,18974,1011,130,3,110,6,551,6,6,6,6,6,NA,NA,NA,NA,2019-03-31 06:52:00,0
2019-03-31 08:00:00,WIND,600702,1,HCM,1,18974,1011,160,2,200,4,655,6,6,6,6,6,NA,NA,NA,NA,2019-03-31 07:51:00,0
2019-03-31 09:00:00,WIND,600702,1,HCM,1,18974,1011,130,3,150,6,825,6,6,6,6,6,NA,NA,NA,NA,2019-03-31 08:54:00,0
2019-03-31 10:00:00,WIND,600702,1,HCM,1,18974,1011,150,4,130,7,948,6,6,6,6,6,NA,NA,NA,NA,2019-03-31 09:52:00,0
2019-03-31 11:00:00,WIND,600702,1,HCM,1,18974,1011,150,5,140,9,1039,6,6,6,6,6,NA,NA,NA,NA,2019-03-31 10:52:00,0
2019-03-31 12:00:00,WIND,600702,1,HCM,1,18974,1011,150,6,140,10,1130,6,6,6,6,6,NA,NA,NA,NA,2019-03-31 11:52:00,0
2019-03-31 13:00:00,WIND,600702,1,HCM,1,18974,1011,150,6,170,10,1232,6,6,6,6,6,NA,NA,NA,NA,2019-03-31 12:51:00,0
2019-03-31 14:00:00,WIND,600702,1,HCM,1,18974,1011,160,6,180,10,1336,6,6,6,6,6,NA,NA,NA,NA,2019-03-31 13:52:00,0
2019-03-31 15:00:00,WIND,600702,1,HCM,1,18974,1011,160,5,140,8,1418,6,6,6,6,6,NA,NA,NA,NA,2019-03-31 14:52:00,0
2019-03-31 16:00:00,WIND,600702,1,HCM,1,18974,1011,140,3,150,7,1453,6,6,6,6,6,NA,NA,NA,NA,2019-03-31 15:52:00,0
2019-03-31 17:00:00,WIND,600702,1,HCM,1,18974,1011,340,5,360,8,1611,6,6,6,6,6,NA,NA,NA,NA,2019-03-31 16:52:00,0
2019-03-31 18:00:00,WIND,600702,1,HCM,1,18974,1011,360,4,350,7,1651,6,6,6,6,6,NA,NA,NA,NA,2019-03-31 17:52:00,0
2019-03-31 19:00:00,WIND,600702,1,HCM,1,18974,1011,360,2,10,4,1750,6,6,6,6,6,NA,NA,NA,NA,2019-03-31 18:52:00,0
2019-03-31 20:00:00,WIND,600702,1,HCM,1,18974,1011,50,2,60,3,1937,6,6,6,6,6,NA,NA,NA,NA,2019-03-31 19:51:00,0
2019-03-31 21:00:00,WIND,600702,1,HCM,1,18974,1011,70,2,70,3,2037,6,6,6,6,6,NA,NA,NA,NA,2019-03-31 20:56:00,0
2019-03-31 22:00:00,WIND,600702,1,HCM,1,18974,1011,100,3,130,5,2141,6,6,6,6,6,NA,NA,NA,NA,2019-03-31 21:52:00,0
2019-03-31 23:00:00,WIND,600702,1,HCM,1,18974,1011,130,4,140,8,2243,6,6,6,6,6,NA,NA,NA,NA,2019-03-31 22:51:00,0
2019-04-01 00:00:00,WIND,600702,1,HCM,1,18974,1011,150,9,150,13,2324,6,6,6,6,6,NA,NA,NA,NA,2019-03-31 23:52:00,0
2019-04-01 01:00:00,WIND,600702,1,HCM,1,18974,1011,170,12,170,18,48,6,6,6,6,6,NA,NA,NA,NA,2019-04-01 00:52:00,0
2019-04-01 02:00:00,WIND,600702,1,HCM,1,18974,1011,170,16,170,21,149,6,6,6,6,6,NA,NA,NA,NA,2019-04-01 01:54:00,0
2019-04-01 03:00:00,WIND,600702,1,HCM,1,18974,1011,170,17,180,23,206,6,6,6,6,6,NA,NA,NA,NA,2019-04-01 02:52:00,0
2019-04-01 04:00:00,WIND,600702,1,HCM,1,18974,1011,180,18,170,25,339,6,6,6,6,6,NA,NA,NA,NA,2019-04-01 03:52:00,0
2019-04-01 05:00:00,WIND,600702,1,HCM,1,18974,1011,170,20,160,26,443,6,6,6,6,6,NA,NA,NA,NA,2019-04-01 04:52:00,0
2019-04-01 06:00:00,WIND,600702,1,HCM,1,18974,1011,170,20,180,27,516,6,6,6,6,6,NA,NA,NA,NA,2019-04-01 05:51:00,0
2019-04-01 07:00:00,WIND,600702,1,HCM,1,18974,1011,170,21,170,28,649,6,6,6,6,6,NA,NA,NA,NA,2019-04-01 06:52:00,0
2019-04-01 08:00:00,WIND,600702,1,HCM,1,18974,1011,170,23,180,29,701,6,6,6,6,6,NA,NA,NA,NA,2019-04-01 07:52:00,0
2019-04-01 09:00:00,WIND,600702,1,HCM,1,18974,1011,170,22,170,30,822,6,6,6,6,6,NA,NA,NA,NA,2019-04-01 08:55:00,0
2019-04-01 10:00:00,WIND,600702,1,HCM,1,18974,1011,170,20,170,27,949,6,6,6,6,6,NA,NA,NA,NA,2019-04-01 09:51:00,0
2019-04-01 11:00:00,WIND,600702,1,HCM,1,18974,1011,170,20,170,27,1001,6,6,6,6,6,NA,NA,NA,NA,2019-04-01 10:51:00,0
2019-04-01 12:00:00,WIND,600702,1,HCM,1,18974,1011,180,17,180,25,1056,6,6,6,6,6,NA,NA,NA,NA,2019-04-01 11:51:00,0
2019-04-01 13:00:00,WIND,600702,1,HCM,1,18974,1011,200,15,210,22,1236,6,6,6,6,6,NA,NA,NA,NA,2019-04-01 12:51:00,0
2019-04-01 14:00:00,WIND,600702,1,HCM,1,18974,1011,190,16,200,23,1343,6,6,6,6,6,NA,NA,NA,NA,2019-04-01 13:52:00,0
2019-04-01 15:00:00,WIND,600702,1,HCM,1,18974,1011,200,17,200,25,1429,6,6,6,6,6,NA,NA,NA,NA,2019-04-01 14:51:00,0
2019-04-01 16:00:00,WIND,600702,1,HCM,1,18974,1011,220,17,220,24,1531,6,6,6,6,6,NA,NA,NA,NA,2019-04-01 15:51:00,0
2019-04-01 17:00:00,WIND,600702,1,HCM,1,18974,1011,220,17,230,27,1602,6,6,6,6,6,NA,NA,NA,NA,2019-04-01 16:51:00,0
2019-04-01 18:00:00,WIND,600702,1,HCM,1,18974,1011,220,18,220,28,1716,6,6,6,6,6,NA,NA,NA,NA,2019-04-01 17:51:00,0
2019-04-01 19:00:00,WIND,600702,1,HCM,1,18974,1011,240,15,230,24,1804,6,6,6,6,6,NA,NA,NA,NA,2019-04-01 18:51:00,0
2019-04-01 20:00:00,WIND,600702,1,HCM,1,18974,1011,290,14,280,21,1855,6,6,6,6,6,NA,NA,NA,NA,2019-04-01 19:51:00,0
2019-04-01 21:00:00,WIND,600702,1,HCM,1,18974,1011,290,10,280,23,2046,6,6,6,6,6,NA,NA,NA,NA,2019-04-01 20:54:00,0
2019-04-01 22:00:00,WIND,600702,1,HCM,1,18974,1011,270,9,280,22,2052,6,6,6,6,6,NA,NA,NA,NA,2019-04-01 21:51:00,0
2019-04-01 23:00:00,WIND,600702,1,HCM,1,18974,1011,270,7,290,25,2222,6,6,6,6,6,NA,NA,NA,NA,2019-04-01 22:51:00,0
2019-04-02 00:00:00,WIND,600702,1,HCM,1,18974,1011,270,9,270,12,2321,6,6,6,6,6,NA,NA,NA,NA,2019-04-01 23:51:00,0
2019-04-02 01:00:00,WIND,600702,1,HCM,1,18974,1011,260,9,260,13,18,6,6,6,6,6,NA,NA,NA,NA,2019-04-02 00:51:00,0
2019-04-02 02:00:00,WIND,600702,1,HCM,1,18974,1011,260,10,260,15,102,6,6,6,6,6,NA,NA,NA,NA,2019-04-02 01:51:00,0
2019-04-02 03:00:00,WIND,600702,1,HCM,1,18974,1011,260,10,280,15,231,6,6,6,6,6,NA,NA,NA,NA,2019-04-02 02:52:00,0
2019-04-02 04:00:00,WIND,600702,1,HCM,1,18974,1011,240,10,230,16,344,6,6,6,6,6,NA,NA,NA,NA,2019-04-02 03:51:00,0
2019-04-02 05:00:00,WIND,600702,1,HCM,1,18974,1011,210,10,230,17,355,6,6,6,6,6,NA,NA,NA,NA,2019-04-02 04:51:00,0
2019-04-02 06:00:00,WIND,600702,1,HCM,1,18974,1011,210,7,230,16,450,6,6,6,6,6,NA,NA,NA,NA,2019-04-02 05:51:00,0
2019-04-02 07:00:00,WIND,600702,1,HCM,1,18974,1011,210,7,270,12,648,6,6,6,6,6,NA,NA,NA,NA,2019-04-02 06:51:00,0
2019-04-02 08:00:00,WIND,600702,1,HCM,1,18974,1011,260,15,260,25,718,6,6,6,6,6,NA,NA,NA,NA,2019-04-02 07:51:00,0
2019-04-02 09:00:00,WIND,600702,1,HCM,1,18974,1011,260,6,260,10,847,6,6,6,6,6,NA,NA,NA,NA,2019-04-02 08:55:00,0
2019-04-02 10:00:00,WIND,600702,1,HCM,1,18974,1011,240,7,230,13,948,6,6,6,6,6,NA,NA,NA,NA,2019-04-02 09:51:00,0
2019-04-02 11:00:00,WIND,600702,1,HCM,1,18974,1011,250,11,250,21,1000,6,6,6,6,6,NA,NA,NA,NA,2019-04-02 10:51:00,0
2019-04-02 12:00:00,WIND,600702,1,HCM,1,18974,1011,250,7,240,12,1144,6,6,6,6,6,NA,NA,NA,NA,2019-04-02 11:51:00,0
2019-04-02 13:00:00,WIND,600702,1,HCM,1,18974,1011,220,6,240,11,1215,6,6,6,6,6,NA,NA,NA,NA,2019-04-02 12:52:00,0
2019-04-02 14:00:00,WIND,600702,1,HCM,1,18974,1011,90,6,150,9,1339,6,6,6,6,6,NA,NA,NA,NA,2019-04-02 13:51:00,0
2019-04-02 15:00:00,WIND,600702,1,HCM,1,18974,1011,70,6,10,13,1448,6,6,6,6,6,NA,NA,NA,NA,2019-04-02 14:52:00,0
2019-04-02 16:00:00,WIND,600702,1,HCM,1,18974,1011,10,13,10,18,1549,6,6,6,6,6,NA,NA,NA,NA,2019-04-02 15:52:00,0
2019-04-02 17:00:00,WIND,600702,1,HCM,1,18974,1011,10,16,30,22,1634,6,6,6,6,6,NA,NA,NA,NA,2019-04-02 16:51:00,0
2019-04-02 18:00:00,WIND,600702,1,HCM,1,18974,1011,10,17,360,24,1720,6,6,6,6,6,NA,NA,NA,NA,2019-04-02 17:51:00,0
2019-04-02 19:00:00,WIND,600702,1,HCM,1,18974,1011,10,19,360,28,1832,6,6,6,6,6,NA,NA,NA,NA,2019-04-02 18:51:00,0
2019-04-02 20:00:00,WIND,600702,1,HCM,1,18974,1011,10,22,360,30,1943,6,6,6,6,6,NA,NA,NA,NA,2019-04-02 19:52:00,0
2019-04-02 21:00:00,WIND,600702,1,HCM,1,18974,1011,10,23,10,32,2047,6,6,6,6,6,NA,NA,NA,NA,2019-04-02 20:55:00,0
2019-04-02 22:00:00,WIND,600702,1,HCM,1,18974,1011,10,25,10,34,2134,6,6,6,6,6,NA,NA,NA,NA,2019-04-02 21:52:00,0
2019-04-02 23:00:00,WIND,600702,1,HCM,1,18974,1011,10,27,10,38,2243,6,6,6,6,6,NA,NA,NA,NA,2019-04-02 22:51:00,0
2019-04-03 00:00:00,WIND,600702,1,HCM,1,18974,1011,10,27,10,40,2315,6,6,6,6,6,NA,NA,NA,NA,2019-04-02 23:51:00,0
2019-04-03 01:00:00,WIND,600702,1,HCM,1,18974,1011,360,29,10,42,2357,6,6,6,6,6,NA,NA,NA,NA,2019-04-03 00:52:00,0
2019-04-03 02:00:00,WIND,600702,1,HCM,1,18974,1011,360,30,360,45,146,6,6,6,6,6,NA,NA,NA,NA,2019-04-03 01:51:00,0
2019-04-03 03:00:00,WIND,600702,1,HCM,1,18974,1011,360,28,360,38,158,6,6,6,6,6,NA,NA,NA,NA,2019-04-03 02:52:00,0
2019-04-03 04:00:00,WIND,600702,1,HCM,1,18974,1011,350,28,340,40,310,6,6,6,6,6,NA,NA,NA,NA,2019-04-03 03:52:00,0
2019-04-03 05:00:00,WIND,600702,1,HCM,1,18974,1011,350,28,340,43,448,6,6,6,6,6,NA,NA,NA,NA,2019-04-03 04:51:00,0
2019-04-03 06:00:00,WIND,600702,1,HCM,1,18974,1011,350,28,350,41,531,6,6,6,6,6,NA,NA,NA,NA,2019-04-03 05:52:00,0
2019-04-03 07:00:00,WIND,600702,1,HCM,1,18974,1011,360,28,360,41,648,6,6,6,6,6,NA,NA,NA,NA,2019-04-03 06:51:00,0
2019-04-03 08:00:00,WIND,600702,1,HCM,1,18974,1011,360,32,360,44,731,6,6,6,6,6,NA,NA,NA,NA,2019-04-03 07:52:00,0
2019-04-03 09:00:00,WIND,600702,1,HCM,1,18974,1011,360,34,350,46,827,6,6,6,6,6,NA,NA,NA,NA,2019-04-03 08:54:00,0
2019-04-03 10:00:00,WIND,600702,1,HCM,1,18974,1011,360,38,10,54,934,6,6,6,6,6,NA,NA,NA,NA,2019-04-03 09:51:00,0
2019-04-03 11:00:00,WIND,600702,1,HCM,1,18974,1011,360,39,350,53,1012,6,6,6,6,6,NA,NA,NA,NA,2019-04-03 10:51:00,0
2019-04-03 12:00:00,WIND,600702,1,HCM,1,18974,1011,360,38,360,51,1050,6,6,6,6,6,NA,NA,NA,NA,2019-04-03 11:53:00,0
2019-04-03 13:00:00,WIND,600702,1,HCM,1,18974,1011,NA,NA,360,51,1205,NA,NA,6,6,6,NA,NA,NA,NA,2019-04-03 12:52:00,0
2019-04-03 14:00:00,WIND,600702,1,HCM,1,18974,1011,360,37,350,51,1257,6,6,6,6,6,NA,NA,NA,NA,2019-04-03 13:52:00,0
2019-04-03 15:00:00,WIND,600702,1,HCM,1,18974,1011,10,35,10,48,1359,6,6,6,6,6,NA,NA,NA,NA,2019-04-03 14:51:00,0
2019-04-03 16:00:00,WIND,600702,1,HCM,1,18974,1011,10,34,10,44,1505,6,6,6,6,6,NA,NA,NA,NA,2019-04-03 15:52:00,0
2019-04-03 17:00:00,WIND,600702,1,HCM,1,18974,1011,10,31,10,41,1641,6,6,6,6,6,NA,NA,NA,NA,2019-04-03 16:52:00,0
2019-04-03 18:00:00,WIND,600702,1,HCM,1,18974,1011,20,28,10,39,1655,6,6,6,6,6,NA,NA,NA,NA,2019-04-03 17:53:00,0
2019-04-03 19:00:00,WIND,600702,1,HCM,1,18974,1011,30,23,40,32,1816,6,6,6,6,6,NA,NA,NA,NA,2019-04-03 18:52:00,0
2019-04-03 20:00:00,WIND,600702,1,HCM,1,18974,1011,30,21,30,28,1856,6,6,6,6,6,NA,NA,NA,NA,2019-04-03 19:51:00,0
2019-04-03 21:00:00,WIND,600702,1,HCM,1,18974,1011,40,17,40,26,1959,6,6,6,6,6,NA,NA,NA,NA,2019-04-03 20:55:00,0
2019-04-03 22:00:00,WIND,600702,1,HCM,1,18974,1011,50,15,60,24,2059,6,6,6,6,6,NA,NA,NA,NA,2019-04-03 21:52:00,0
2019-04-03 23:00:00,WIND,600702,1,HCM,1,18974,1011,50,13,50,17,2200,6,6,6,6,6,NA,NA,NA,NA,2019-04-03 22:52:00,0
2019-04-04 00:00:00,WIND,600702,1,HCM,1,18974,1011,40,12,50,18,2341,6,6,6,6,6,NA,NA,NA,NA,2019-04-03 23:52:00,0
2019-04-04 01:00:00,WIND,600702,1,HCM,1,18974,1011,50,13,50,19,7,6,6,6,6,6,NA,NA,NA,NA,2019-04-04 00:52:00,0
2019-04-04 02:00:00,WIND,600702,1,HCM,1,18974,1011,50,11,50,16,126,6,6,6,6,6,NA,NA,NA,NA,2019-04-04 01:52:00,0
2019-04-04 03:00:00,WIND,600702,1,HCM,1,18974,1011,40,14,40,19,238,6,6,6,6,6,NA,NA,NA,NA,2019-04-04 02:52:00,0
2019-04-04 04:00:00,WIND,600702,1,HCM,1,18974,1011,50,13,40,21,251,6,6,6,6,6,NA,NA,NA,NA,2019-04-04 03:52:00,0
2019-04-04 05:00:00,WIND,600702,1,HCM,1,18974,1011,40,15,40,22,406,6,6,6,6,6,NA,NA,NA,NA,2019-04-04 04:51:00,0
2019-04-04 06:00:00,WIND,600702,1,HCM,1,18974,1011,40,13,30,18,535,6,6,6,6,6,NA,NA,NA,NA,2019-04-04 05:52:00,0
2019-04-04 07:00:00,WIND,600702,1,HCM,1,18974,1011,30,14,30,21,646,6,6,6,6,6,NA,NA,NA,NA,2019-04-04 06:52:00,0
2019-04-04 08:00:00,WIND,600702,1,HCM,1,18974,1011,30,15,30,20,737,6,6,6,6,6,NA,NA,NA,NA,2019-04-04 07:52:00,0
2019-04-04 09:00:00,WIND,600702,1,HCM,1,18974,1011,30,14,40,20,835,6,6,6,6,6,NA,NA,NA,NA,2019-04-04 08:54:00,0
2019-04-04 10:00:00,WIND,600702,1,HCM,1,18974,1011,30,14,40,20,856,6,6,6,6,6,NA,NA,NA,NA,2019-04-04 09:52:00,0
2019-04-04 11:00:00,WIND,600702,1,HCM,1,18974,1011,30,15,30,20,1017,6,6,6,6,6,NA,NA,NA,NA,2019-04-04 10:52:00,0
2019-04-04 12:00:00,WIND,600702,1,HCM,1,18974,1011,30,15,30,21,1055,6,6,6,6,6,NA,NA,NA,NA,2019-04-04 11:52:00,0
2019-04-04 13:00:00,WIND,600702,1,HCM,1,18974,1011,40,15,40,20,1157,6,6,6,6,6,NA,NA,NA,NA,2019-04-04 12:51:00,0
2019-04-04 14:00:00,WIND,600702,1,HCM,1,18974,1011,50,14,50,20,1342,6,6,6,6,6,NA,NA,NA,NA,2019-04-04 13:52:00,0
2019-04-04 15:00:00,WIND,600702,1,HCM,1,18974,1011,70,15,100,23,1439,6,6,6,6,6,NA,NA,NA,NA,2019-04-04 14:52:00,0
2019-04-04 16:00:00,WIND,600702,1,HCM,1,18974,1011,100,14,90,21,1455,6,6,6,6,6,NA,NA,NA,NA,2019-04-04 15:51:00,0
2019-04-04 17:00:00,WIND,600702,1,HCM,1,18974,1011,90,17,90,27,1625,6,6,6,6,6,NA,NA,NA,NA,2019-04-04 16:52:00,0
2019-04-04 18:00:00,WIND,600702,1,HCM,1,18974,1011,80,19,80,28,1718,6,6,6,6,6,NA,NA,NA,NA,2019-04-04 17:51:00,0
2019-04-04 19:00:00,WIND,600702,1,HCM,1,18974,1011,80,18,90,28,1755,6,6,6,6,6,NA,NA,NA,NA,2019-04-04 18:52:00,0
2019-04-04 20:00:00,WIND,600702,1,HCM,1,18974,1011,70,16,70,23,1938,6,6,6,6,6,NA,NA,NA,NA,2019-04-04 19:52:00,0
2019-04-04 21:00:00,WIND,600702,1,HCM,1,18974,1011,70,18,100,29,2043,6,6,6,6,6,NA,NA,NA,NA,2019-04-04 20:56:00,0
2019-04-04 22:00:00,WIND,600702,1,HCM,1,18974,1011,80,22,80,31,2129,6,6,6,6,6,NA,NA,NA,NA,2019-04-04 21:52:00,0
2019-04-04 23:00:00,WIND,600702,1,HCM,1,18974,1011,70,21,70,29,2248,6,6,6,6,6,NA,NA,NA,NA,2019-04-04 22:51:00,0
2019-04-05 00:00:00,WIND,600702,1,HCM,1,18974,1011,70,23,60,31,2348,6,6,6,6,6,NA,NA,NA,NA,2019-04-04 23:52:00,0
2019-04-05 01:00:00,WIND,600702,1,HCM,1,18974,1011,60,23,60,36,2358,6,6,6,6,6,NA,NA,NA,NA,2019-04-05 00:52:00,0
2019-04-05 02:00:00,WIND,600702,1,HCM,1,18974,1011,60,18,70,32,143,6,6,6,6,6,NA,NA,NA,NA,2019-04-05 01:51:00,0
2019-04-05 03:00:00,WIND,600702,1,HCM,1,18974,1011,70,23,70,31,224,6,6,6,6,6,NA,NA,NA,NA,2019-04-05 02:51:00,0
2019-04-05 04:00:00,WIND,600702,1,HCM,1,18974,1011,80,21,90,31,337,6,6,6,6,6,NA,NA,NA,NA,2019-04-05 03:51:00,0
2019-04-05 05:00:00,WIND,600702,1,HCM,1,18974,1011,100,25,100,35,448,6,6,6,6,6,NA,NA,NA,NA,2019-04-05 04:51:00,0
2019-04-05 06:00:00,WIND,600702,1,HCM,1,18974,1011,100,24,100,33,451,6,6,6,6,6,NA,NA,NA,NA,2019-04-05 05:52:00,0
2019-04-05 07:00:00,WIND,600702,1,HCM,1,18974,1011,100,23,100,33,609,6,6,6,6,6,NA,NA,NA,NA,2019-04-05 06:52:00,0
2019-04-05 08:00:00,WIND,600702,1,HCM,1,18974,1011,100,22,100,31,700,6,6,6,6,6,NA,NA,NA,NA,2019-04-05 07:51:00,0
2019-04-05 09:00:00,WIND,600702,1,HCM,1,18974,1011,100,22,110,31,841,6,6,6,6,6,NA,NA,NA,NA,2019-04-05 08:55:00,0
2019-04-05 10:00:00,WIND,600702,1,HCM,1,18974,1011,110,21,110,28,908,6,6,6,6,6,NA,NA,NA,NA,2019-04-05 09:52:00,0
2019-04-05 11:00:00,WIND,600702,1,HCM,1,18974,1011,110,20,110,28,1046,6,6,6,6,6,NA,NA,NA,NA,2019-04-05 10:52:00,0
2019-04-05 12:00:00,WIND,600702,1,HCM,1,18974,1011,110,22,110,29,1107,6,6,6,6,6,NA,NA,NA,NA,2019-04-05 11:52:00,0
2019-04-05 13:00:00,WIND,600702,1,HCM,1,18974,1011,100,19,110,25,1151,6,6,6,6,6,NA,NA,NA,NA,2019-04-05 12:52:00,0
2019-04-05 14:00:00,WIND,600702,1,HCM,1,18974,1011,90,15,100,23,1310,6,6,6,6,6,NA,NA,NA,NA,2019-04-05 13:52:00,0
2019-04-05 15:00:00,WIND,600702,1,HCM,1,18974,1011,90,13,100,19,1352,6,6,6,6,6,NA,NA,NA,NA,2019-04-05 14:52:00,0
2019-04-05 16:00:00,WIND,600702,1,HCM,1,18974,1011,90,12,90,17,1541,6,6,6,6,6,NA,NA,NA,NA,2019-04-05 15:52:00,0
2019-04-05 17:00:00,WIND,600702,1,HCM,1,18974,1011,80,14,90,22,1647,6,6,6,6,6,NA,NA,NA,NA,2019-04-05 16:53:00,0
2019-04-05 18:00:00,WIND,600702,1,HCM,1,18974,1011,90,16,90,23,1721,6,6,6,6,6,NA,NA,NA,NA,2019-04-05 17:52:00,0
2019-04-05 19:00:00,WIND,600702,1,HCM,1,18974,1011,90,14,90,21,1752,6,6,6,6,6,NA,NA,NA,NA,2019-04-05 18:53:00,0
2019-04-05 20:00:00,WIND,600702,1,HCM,1,18974,1011,80,13,90,19,1947,6,6,6,6,6,NA,NA,NA,NA,2019-04-05 19:51:00,0
2019-04-05 21:00:00,WIND,600702,1,HCM,1,18974,1011,90,14,100,20,2008,6,6,6,6,6,NA,NA,NA,NA,2019-04-05 20:54:00,0
2019-04-05 22:00:00,WIND,600702,1,HCM,1,18974,1011,80,14,80,20,2149,6,6,6,6,6,NA,NA,NA,NA,2019-04-05 21:52:00,0
2019-04-05 23:00:00,WIND,600702,1,HCM,1,18974,1011,90,15,90,20,2151,6,6,6,6,6,NA,NA,NA,NA,2019-04-05 22:51:00,0
2019-04-06 00:00:00,WIND,600702,1,HCM,1,18974,1011,90,11,100,17,2324,6,6,6,6,6,NA,NA,NA,NA,2019-04-05 23:52:00,0
2019-04-06 01:00:00,WIND,600702,1,HCM,1,18974,1011,70,12,70,16,23,6,6,6,6,6,NA,NA,NA,NA,2019-04-06 00:52:00,0
2019-04-06 02:00:00,WIND,600702,1,HCM,1,18974,1011,90,11,100,17,55,6,6,6,6,6,NA,NA,NA,NA,2019-04-06 01:52:00,0
2019-04-06 03:00:00,WIND,600702,1,HCM,1,18974,1011,80,8,90,13,154,6,6,6,6,6,NA,NA,NA,NA,2019-04-06 02:52:00,0
2019-04-06 04:00:00,WIND,600702,1,HCM,1,18974,1011,80,4,100,11,325,6,6,6,6,6,NA,NA,NA,NA,2019-04-06 03:52:00,0
2019-04-06 05:00:00,WIND,600702,1,HCM,1,18974,1011,80,6,70,8,421,6,6,6,6,6,NA,NA,NA,NA,2019-04-06 04:52:00,0
2019-04-06 06:00:00,WIND,600702,1,HCM,1,18974,1011,70,6,70,9,526,6,6,6,6,6,NA,NA,NA,NA,2019-04-06 05:52:00,0
2019-04-06 07:00:00,WIND,600702,1,HCM,1,18974,1011,70,5,110,8,622,6,6,6,6,6,NA,NA,NA,NA,2019-04-06 06:52:00,0
2019-04-06 08:00:00,WIND,600702,1,HCM,1,18974,1011,70,4,90,6,726,6,6,6,6,6,NA,NA,NA,NA,2019-04-06 07:53:00,0
2019-04-06 09:00:00,WIND,600702,1,HCM,1,18974,1011,60,4,60,6,822,6,6,6,6,6,NA,NA,NA,NA,2019-04-06 08:53:00,0
2019-04-06 10:00:00,WIND,600702,1,HCM,1,18974,1011,40,5,40,8,935,6,6,6,6,6,NA,NA,NA,NA,2019-04-06 09:52:00,0
2019-04-06 11:00:00,WIND,600702,1,HCM,1,18974,1011,40,12,40,22,1045,6,6,6,6,6,NA,NA,NA,NA,2019-04-06 10:51:00,0
2019-04-06 12:00:00,WIND,600702,1,HCM,1,18974,1011,50,12,50,20,1050,6,6,6,6,6,NA,NA,NA,NA,2019-04-06 11:52:00,0
2019-04-06 13:00:00,WIND,600702,1,HCM,1,18974,1011,50,12,50,17,1245,6,6,6,6,6,NA,NA,NA,NA,2019-04-06 12:51:00,0
2019-04-06 14:00:00,WIND,600702,1,HCM,1,18974,1011,60,14,60,20,1345,6,6,6,6,6,NA,NA,NA,NA,2019-04-06 13:53:00,0
2019-04-06 15:00:00,WIND,600702,1,HCM,1,18974,1011,70,14,60,20,1356,6,6,6,6,6,NA,NA,NA,NA,2019-04-06 14:51:00,0
2019-04-06 16:00:00,WIND,600702,1,HCM,1,18974,1011,70,12,60,17,1512,6,6,6,6,6,NA,NA,NA,NA,2019-04-06 15:52:00,0
2019-04-06 17:00:00,WIND,600702,1,HCM,1,18974,1011,60,10,60,14,1558,6,6,6,6,6,NA,NA,NA,NA,2019-04-06 16:52:00,0
2019-04-06 18:00:00,WIND,600702,1,HCM,1,18974,1011,60,8,60,12,1651,6,6,6,6,6,NA,NA,NA,NA,2019-04-06 17:52:00,0
2019-04-06 19:00:00,WIND,600702,1,HCM,1,18974,1011,50,6,70,9,1810,6,6,6,6,6,NA,NA,NA,NA,2019-04-06 18:52:00,0
2019-04-06 20:00:00,WIND,600702,1,HCM,1,18974,1011,30,6,30,9,1945,6,6,6,6,6,NA,NA,NA,NA,2019-04-06 19:54:00,0
2019-04-06 21:00:00,WIND,600702,1,HCM,1,18974,1011,20,7,30,10,2043,6,6,6,6,6,NA,NA,NA,NA,2019-04-06 20:55:00,0
2019-04-06 22:00:00,WIND,600702,1,HCM,1,18974,1011,40,10,50,14,2144,6,6,6,6,6,NA,NA,NA,NA,2019-04-06 21:52:00,0
2019-04-06 23:00:00,WIND,600702,1,HCM,1,18974,1011,40,10,40,15,2155,6,6,6,6,6,NA,NA,NA,NA,2019-04-06 22:51:00,0
2019-04-07 00:00:00,WIND,600702,1,HCM,1,18974,1011,50,11,60,17,2331,6,6,6,6,6,NA,NA,NA,NA,2019-04-06 23:52:00,0
2019-04-07 01:00:00,WIND,600702,1,HCM,1,18974,1011,60,14,70,19,15,6,6,6,6,6,NA,NA,NA,NA,2019-04-07 00:51:00,0
2019-04-07 02:00:00,WIND,600702,1,HCM,1,18974,1011,60,11,60,16,51,6,6,6,6,6,NA,NA,NA,NA,2019-04-07 01:52:00,0
2019-04-07 03:00:00,WIND,600702,1,HCM,1,18974,1011,60,11,60,15,206,6,6,6,6,6,NA,NA,NA,NA,2019-04-07 02:51:00,0
2019-04-07 04:00:00,WIND,600702,1,HCM,1,18974,1011,60,10,70,14,333,6,6,6,6,6,NA,NA,NA,NA,2019-04-07 03:51:00,0
2019-04-07 05:00:00,WIND,600702,1,HCM,1,18974,1011,50,10,50,15,446,6,6,6,6,6,NA,NA,NA,NA,2019-04-07 04:52:00,0
2019-04-07 06:00:00,WIND,600702,1,HCM,1,18974,1011,60,12,60,18,501,6,6,6,6,6,NA,NA,NA,NA,2019-04-07 05:52:00,0
2019-04-07 07:00:00,WIND,600702,1,HCM,1,18974,1011,60,13,70,18,648,6,6,6,6,6,NA,NA,NA,NA,2019-04-07 06:52:00,0
2019-04-07 08:00:00,WIND,600702,1,HCM,1,18974,1011,70,13,70,19,653,6,6,6,6,6,NA,NA,NA,NA,2019-04-07 07:52:00,0
2019-04-07 09:00:00,WIND,600702,1,HCM,1,18974,1011,80,10,70,13,822,6,6,6,6,6,NA,NA,NA,NA,2019-04-07 08:55:00,0
2019-04-07 10:00:00,WIND,600702,1,HCM,1,18974,1011,70,9,70,12,855,6,6,6,6,6,NA,NA,NA,NA,2019-04-07 09:52:00,0
2019-04-07 11:00:00,WIND,600702,1,HCM,1,18974,1011,80,8,80,11,1013,6,6,6,6,6,NA,NA,NA,NA,2019-04-07 10:52:00,0
2019-04-07 12:00:00,WIND,600702,1,HCM,1,18974,1011,90,6,90,9,1050,6,6,6,6,6,NA,NA,NA,NA,2019-04-07 11:51:00,0
2019-04-07 13:00:00,WIND,600702,1,HCM,1,18974,1011,100,6,80,9,1219,6,6,6,6,6,NA,NA,NA,NA,2019-04-07 12:51:00,0
2019-04-07 14:00:00,WIND,600702,1,HCM,1,18974,1011,140,4,140,7,1349,6,6,6,6,6,NA,NA,NA,NA,2019-04-07 13:52:00,0
2019-04-07 15:00:00,WIND,600702,1,HCM,1,18974,1011,110,6,90,9,1440,6,6,6,6,6,NA,NA,NA,NA,2019-04-07 14:52:00,0
2019-04-07 16:00:00,WIND,600702,1,HCM,1,18974,1011,80,8,70,13,1533,6,6,6,6,6,NA,NA,NA,NA,2019-04-07 15:51:00,0
2019-04-07 17:00:00,WIND,600702,1,HCM,1,18974,1011,70,9,70,13,1557,6,6,6,6,6,NA,NA,NA,NA,2019-04-07 16:53:00,0
2019-04-07 18:00:00,WIND,600702,1,HCM,1,18974,1011,80,9,70,14,1658,6,6,6,6,6,NA,NA,NA,NA,2019-04-07 17:51:00,0
2019-04-07 19:00:00,WIND,600702,1,HCM,1,18974,1011,80,6,80,11,1849,6,6,6,6,6,NA,NA,NA,NA,2019-04-07 18:51:00,0
2019-04-07 20:00:00,WIND,600702,1,HCM,1,18974,1011,80,7,80,12,1851,6,6,6,6,6,NA,NA,NA,NA,2019-04-07 19:51:00,0
2019-04-07 21:00:00,WIND,600702,1,HCM,1,18974,1011,100,5,120,8,2022,6,6,6,6,6,NA,NA,NA,NA,2019-04-07 20:56:00,0
2019-04-07 22:00:00,WIND,600702,1,HCM,1,18974,1011,110,6,120,10,2131,6,6,6,6,6,NA,NA,NA,NA,2019-04-07 21:52:00,0
2019-04-07 23:00:00,WIND,600702,1,HCM,1,18974,1011,90,6,110,10,2152,6,6,6,6,6,NA,NA,NA,NA,2019-04-07 22:52:00,0
2019-04-08 00:00:00,WIND,600702,1,HCM,1,18974,1011,40,5,50,7,2340,6,6,6,6,6,NA,NA,NA,NA,2019-04-07 23:52:00,0
2019-04-08 01:00:00,WIND,600702,1,HCM,1,18974,1011,60,7,60,11,40,6,6,6,6,6,NA,NA,NA,NA,2019-04-08 00:54:00,0
2019-04-08 02:00:00,WIND,600702,1,HCM,1,18974,1011,40,5,40,9,149,6,6,6,6,6,NA,NA,NA,NA,2019-04-08 01:52:00,0
2019-04-08 03:00:00,WIND,600702,1,HCM,1,18974,1011,50,8,60,13,248,6,6,6,6,6,NA,NA,NA,NA,2019-04-08 02:53:00,0
2019-04-08 04:00:00,WIND,600702,1,HCM,1,18974,1011,40,6,60,12,250,6,6,6,6,6,NA,NA,NA,NA,2019-04-08 03:52:00,0
2019-04-08 05:00:00,WIND,600702,1,HCM,1,18974,1011,40,6,50,10,432,6,6,6,6,6,NA,NA,NA,NA,2019-04-08 04:52:00,0
2019-04-08 06:00:00,WIND,600702,1,HCM,1,18974,1011,50,7,80,11,458,6,6,6,6,6,NA,NA,NA,NA,2019-04-08 05:52:00,0
2019-04-08 07:00:00,WIND,600702,1,HCM,1,18974,1011,70,7,70,10,617,6,6,6,6,6,NA,NA,NA,NA,2019-04-08 06:52:00,0
2019-04-08 08:00:00,WIND,600702,1,HCM,1,18974,1011,60,6,60,8,728,6,6,6,6,6,NA,NA,NA,NA,2019-04-08 07:52:00,0
2019-04-08 09:00:00,WIND,600702,1,HCM,1,18974,1011,70,10,60,14,846,6,6,6,6,6,NA,NA,NA,NA,2019-04-08 08:56:00,0
2019-04-08 10:00:00,WIND,600702,1,HCM,1,18974,1011,70,12,70,15,926,6,6,6,6,6,NA,NA,NA,NA,2019-04-08 09:52:00,0
2019-04-08 11:00:00,WIND,600702,1,HCM,1,18974,1011,70,11,80,15,1017,6,6,6,6,6,NA,NA,NA,NA,2019-04-08 10:51:00,0
2019-04-08 12:00:00,WIND,600702,1,HCM,1,18974,1011,80,9,60,13,1051,6,6,6,6,6,NA,NA,NA,NA,2019-04-08 11:52:00,0
2019-04-08 13:00:00,WIND,600702,1,HCM,1,18974,1011,50,9,10,14,1238,6,6,6,6,6,NA,NA,NA,NA,2019-04-08 12:52:00,0
2019-04-08 14:00:00,WIND,600702,1,HCM,1,18974,1011,40,11,40,15,1309,6,6,6,6,6,NA,NA,NA,NA,2019-04-08 13:52:00,0
2019-04-08 15:00:00,WIND,600702,1,HCM,1,18974,1011,40,10,30,14,1425,6,6,6,6,6,NA,NA,NA,NA,2019-04-08 14:52:00,0
2019-04-08 16:00:00,WIND,600702,1,HCM,1,18974,1011,60,8,20,13,1450,6,6,6,6,6,NA,NA,NA,NA,2019-04-08 15:52:00,0
2019-04-08 17:00:00,WIND,600702,1,HCM,1,18974,1011,60,8,60,11,1605,6,6,6,6,6,NA,NA,NA,NA,2019-04-08 16:51:00,0
2019-04-08 18:00:00,WIND,600702,1,HCM,1,18974,1011,110,5,80,8,1651,6,6,6,6,6,NA,NA,NA,NA,2019-04-08 17:52:00,0
2019-04-08 19:00:00,WIND,600702,1,HCM,1,18974,1011,140,3,350,5,1847,6,6,6,6,6,NA,NA,NA,NA,2019-04-08 18:51:00,0
2019-04-08 20:00:00,WIND,600702,1,HCM,1,18974,1011,60,2,20,5,1933,6,6,6,6,6,NA,NA,NA,NA,2019-04-08 19:52:00,0
2019-04-08 21:00:00,WIND,600702,1,HCM,1,18974,1011,260,2,310,4,1952,6,6,6,6,6,NA,NA,NA,NA,2019-04-08 20:54:00,0
2019-04-08 22:00:00,WIND,600702,1,HCM,1,18974,1011,130,5,110,8,2136,6,6,6,6,6,NA,NA,NA,NA,2019-04-08 21:52:00,0
2019-04-08 23:00:00,WIND,600702,1,HCM,1,18974,1011,60,5,80,11,2249,6,6,6,6,6,NA,NA,NA,NA,2019-04-08 22:51:00,0
2019-04-09 00:00:00,WIND,600702,1,HCM,1,18974,1011,80,6,80,11,2255,6,6,6,6,6,NA,NA,NA,NA,2019-04-08 23:52:00,0
2019-04-09 01:00:00,WIND,600702,1,HCM,1,18974,1011,110,7,110,11,0,6,6,6,6,6,NA,NA,NA,NA,2019-04-09 00:52:00,0
2019-04-09 02:00:00,WIND,600702,1,HCM,1,18974,1011,110,9,130,17,112,6,6,6,6,6,NA,NA,NA,NA,2019-04-09 01:52:00,0
2019-04-09 03:00:00,WIND,600702,1,HCM,1,18974,1011,130,11,140,18,201,6,6,6,6,6,NA,NA,NA,NA,2019-04-09 02:51:00,0
2019-04-09 04:00:00,WIND,600702,1,HCM,1,18974,1011,130,12,130,16,304,6,6,6,6,6,NA,NA,NA,NA,2019-04-09 03:53:00,0
2019-04-09 05:00:00,WIND,600702,1,HCM,1,18974,1011,120,10,140,17,443,6,6,6,6,6,NA,NA,NA,NA,2019-04-09 04:52:00,0
2019-04-09 06:00:00,WIND,600702,1,HCM,1,18974,1011,110,9,130,18,546,6,6,6,6,6,NA,NA,NA,NA,2019-04-09 05:52:00,0
2019-04-09 07:00:00,WIND,600702,1,HCM,1,18974,1011,130,15,120,20,558,6,6,6,6,6,NA,NA,NA,NA,2019-04-09 06:52:00,0
2019-04-09 08:00:00,WIND,600702,1,HCM,1,18974,1011,120,11,130,16,722,6,6,6,6,6,NA,NA,NA,NA,2019-04-09 07:51:00,0
2019-04-09 09:00:00,WIND,600702,1,HCM,1,18974,1011,130,13,130,20,828,6,6,6,6,6,NA,NA,NA,NA,2019-04-09 08:54:00,0
2019-04-09 10:00:00,WIND,600702,1,HCM,1,18974,1011,130,13,140,18,907,6,6,6,6,6,NA,NA,NA,NA,2019-04-09 09:52:00,0
2019-04-09 11:00:00,WIND,600702,1,HCM,1,18974,1011,140,11,140,16,951,6,6,6,6,6,NA,NA,NA,NA,2019-04-09 10:51:00,0
2019-04-09 12:00:00,WIND,600702,1,HCM,1,18974,1011,140,8,130,11,1106,6,6,6,6,6,NA,NA,NA,NA,2019-04-09 11:51:00,0
2019-04-09 13:00:00,WIND,600702,1,HCM,1,18974,1011,130,8,120,12,1203,6,6,6,6,6,NA,NA,NA,NA,2019-04-09 12:51:00,0
2019-04-09 14:00:00,WIND,600702,1,HCM,1,18974,1011,140,8,130,12,1348,6,6,6,6,6,NA,NA,NA,NA,2019-04-09 13:52:00,0
2019-04-09 15:00:00,WIND,600702,1,HCM,1,18974,1011,140,9,130,12,1357,6,6,6,6,6,NA,NA,NA,NA,2019-04-09 14:51:00,0
2019-04-09 16:00:00,WIND,600702,1,HCM,1,18974,1011,140,6,150,10,1453,6,6,6,6,6,NA,NA,NA,NA,2019-04-09 15:51:00,0
2019-04-09 17:00:00,WIND,600702,1,HCM,1,18974,1011,90,4,80,8,1609,6,6,6,6,6,NA,NA,NA,NA,2019-04-09 16:51:00,0
2019-04-09 18:00:00,WIND,600702,1,HCM,1,18974,1011,30,4,110,6,1650,6,6,6,6,6,NA,NA,NA,NA,2019-04-09 17:52:00,0
2019-04-09 19:00:00,WIND,600702,1,HCM,1,18974,1011,10,5,360,7,1811,6,6,6,6,6,NA,NA,NA,NA,2019-04-09 18:52:00,0
2019-04-09 20:00:00,WIND,600702,1,HCM,1,18974,1011,30,4,10,6,1901,6,6,6,6,6,NA,NA,NA,NA,2019-04-09 19:52:00,0
2019-04-09 21:00:00,WIND,600702,1,HCM,1,18974,1011,100,6,130,14,2041,6,6,6,6,6,NA,NA,NA,NA,2019-04-09 20:56:00,0
2019-04-09 22:00:00,WIND,600702,1,HCM,1,18974,1011,130,11,130,15,2138,6,6,6,6,6,NA,NA,NA,NA,2019-04-09 21:52:00,0
2019-04-09 23:00:00,WIND,600702,1,HCM,1,18974,1011,130,13,130,18,2249,6,6,6,6,6,NA,NA,NA,NA,2019-04-09 22:51:00,0
2019-04-10 00:00:00,WIND,600702,1,HCM,1,18974,1011,130,15,130,20,2308,6,6,6,6,6,NA,NA,NA,NA,2019-04-09 23:52:00,0
2019-04-10 01:00:00,WIND,600702,1,HCM,1,18974,1011,130,15,120,20,5,6,6,6,6,6,NA,NA,NA,NA,2019-04-10 00:52:00,0
2019-04-10 02:00:00,WIND,600702,1,HCM,1,18974,1011,130,15,130,19,124,6,6,6,6,6,NA,NA,NA,NA,2019-04-10 01:52:00,0
2019-04-10 03:00:00,WIND,600702,1,HCM,1,18974,1011,130,15,130,20,248,6,6,6,6,6,NA,NA,NA,NA,2019-04-10 02:51:00,0
2019-04-10 04:00:00,WIND,600702,1,HCM,1,18974,1011,140,15,130,19,250,6,6,6,6,6,NA,NA,NA,NA,2019-04-10 03:52:00,0
2019-04-10 05:00:00,WIND,600702,1,HCM,1,18974,1011,150,14,140,18,355,6,6,6,6,6,NA,NA,NA,NA,2019-04-10 04:52:00,0
2019-04-10 06:00:00,WIND,600702,1,HCM,1,18974,1011,150,12,150,15,544,6,6,6,6,6,NA,NA,NA,NA,2019-04-10 05:51:00,0
2019-04-10 07:00:00,WIND,600702,1,HCM,1,18974,1011,150,12,150,15,600,6,6,6,6,6,NA,NA,NA,NA,2019-04-10 06:51:00,0
2019-04-10 08:00:00,WIND,600702,1,HCM,1,18974,1011,160,10,150,14,720,6,6,6,6,6,NA,NA,NA,NA,2019-04-10 07:52:00,0
2019-04-10 09:00:00,WIND,600702,1,HCM,1,18974,1011,160,10,150,14,847,6,6,6,6,6,NA,NA,NA,NA,2019-04-10 08:56:00,0
2019-04-10 10:00:00,WIND,600702,1,HCM,1,18974,1011,150,11,140,14,938,6,6,6,6,6,NA,NA,NA,NA,2019-04-10 09:52:00,0
2019-04-10 11:00:00,WIND,600702,1,HCM,1,18974,1011,140,10,140,13,1000,6,6,6,6,6,NA,NA,NA,NA,2019-04-10 10:52:00,0
2019-04-10 12:00:00,WIND,600702,1,HCM,1,18974,1011,150,9,140,13,1057,6,6,6,6,6,NA,NA,NA,NA,2019-04-10 11:52:00,0
2019-04-10 13:00:00,WIND,600702,1,HCM,1,18974,1011,160,9,150,13,1204,6,6,6,6,6,NA,NA,NA,NA,2019-04-10 12:52:00,0
2019-04-10 14:00:00,WIND,600702,1,HCM,1,18974,1011,160,8,180,11,1256,6,6,6,6,6,NA,NA,NA,NA,2019-04-10 13:52:00,0
2019-04-10 15:00:00,WIND,600702,1,HCM,1,18974,1011,170,7,180,11,1436,6,6,6,6,6,NA,NA,NA,NA,2019-04-10 14:52:00,0
2019-04-10 16:00:00,WIND,600702,1,HCM,1,18974,1011,170,7,180,10,1502,6,6,6,6,6,NA,NA,NA,NA,2019-04-10 15:52:00,0
2019-04-10 17:00:00,WIND,600702,1,HCM,1,18974,1011,220,4,210,9,1613,6,6,6,6,6,NA,NA,NA,NA,2019-04-10 16:53:00,0
2019-04-10 18:00:00,WIND,600702,1,HCM,1,18974,1011,180,3,250,5,1654,6,6,6,6,6,NA,NA,NA,NA,2019-04-10 17:51:00,0
2019-04-10 19:00:00,WIND,600702,1,HCM,1,18974,1011,80,3,40,5,1849,6,6,6,6,6,NA,NA,NA,NA,2019-04-10 18:51:00,0
2019-04-10 20:00:00,WIND,600702,1,HCM,1,18974,1011,50,4,60,6,1939,6,6,6,6,6,NA,NA,NA,NA,2019-04-10 19:52:00,0
2019-04-10 21:00:00,WIND,600702,1,HCM,1,18974,1011,70,3,70,4,2012,6,6,6,6,6,NA,NA,NA,NA,2019-04-10 20:54:00,0
2019-04-10 22:00:00,WIND,600702,1,HCM,1,18974,1011,70,5,90,6,2140,6,6,6,6,6,NA,NA,NA,NA,2019-04-10 21:52:00,0
2019-04-10 23:00:00,WIND,600702,1,HCM,1,18974,1011,80,5,100,8,2249,6,6,6,6,6,NA,NA,NA,NA,2019-04-10 22:53:00,0
2019-04-11 00:00:00,WIND,600702,1,HCM,1,18974,1011,100,7,100,9,2303,6,6,6,6,6,NA,NA,NA,NA,2019-04-10 23:52:00,0
2019-04-11 01:00:00,WIND,600702,1,HCM,1,18974,1011,110,6,100,7,19,6,6,6,6,6,NA,NA,NA,NA,2019-04-11 00:52:00,0
2019-04-11 02:00:00,WIND,600702,1,HCM,1,18974,1011,130,6,130,11,144,6,6,6,6,6,NA,NA,NA,NA,2019-04-11 01:52:00,0
2019-04-11 03:00:00,WIND,600702,1,HCM,1,18974,1011,120,7,130,11,232,6,6,6,6,6,NA,NA,NA,NA,2019-04-11 02:52:00,0
2019-04-11 04:00:00,WIND,600702,1,HCM,1,18974,1011,140,8,140,11,325,6,6,6,6,6,NA,NA,NA,NA,2019-04-11 03:52:00,0
2019-04-11 05:00:00,WIND,600702,1,HCM,1,18974,1011,150,8,140,11,444,6,6,6,6,6,NA,NA,NA,NA,2019-04-11 04:51:00,0
2019-04-11 06:00:00,WIND,600702,1,HCM,1,18974,1011,150,10,140,12,515,6,6,6,6,6,NA,NA,NA,NA,2019-04-11 05:53:00,0
2019-04-11 07:00:00,WIND,600702,1,HCM,1,18974,1011,160,10,170,13,634,6,6,6,6,6,NA,NA,NA,NA,2019-04-11 06:52:00,0
2019-04-11 08:00:00,WIND,600702,1,HCM,1,18974,1011,160,11,160,15,745,6,6,6,6,6,NA,NA,NA,NA,2019-04-11 07:52:00,0
2019-04-11 09:00:00,WIND,600702,1,HCM,1,18974,1011,150,13,150,18,849,6,6,6,6,6,NA,NA,NA,NA,2019-04-11 08:55:00,0
2019-04-11 10:00:00,WIND,600702,1,HCM,1,18974,1011,150,14,150,18,947,6,6,6,6,6,NA,NA,NA,NA,2019-04-11 09:51:00,0
2019-04-11 11:00:00,WIND,600702,1,HCM,1,18974,1011,150,14,160,18,1040,6,6,6,6,6,NA,NA,NA,NA,2019-04-11 12:47:00,0
2019-04-11 12:00:00,WIND,600702,1,HCM,1,18974,1011,150,13,160,17,1054,6,6,6,6,6,NA,NA,NA,NA,2019-04-11 12:50:00,0
2019-04-11 13:00:00,WIND,600702,1,HCM,1,18974,1011,150,13,160,17,1225,6,6,6,6,6,NA,NA,NA,NA,2019-04-11 12:53:00,0
2019-04-11 14:00:00,WIND,600702,1,HCM,1,18974,1011,160,11,170,15,1254,6,6,6,6,6,NA,NA,NA,NA,2019-04-13 08:26:00,0
2019-04-11 15:00:00,WIND,600702,1,HCM,1,18974,1011,140,11,140,14,1415,6,6,6,6,6,NA,NA,NA,NA,2019-04-13 08:26:00,0
2019-04-11 16:00:00,WIND,600702,1,HCM,1,18974,1011,140,10,140,13,1457,6,6,6,6,6,NA,NA,NA,NA,2019-04-13 08:28:00,0
2019-04-11 17:00:00,WIND,600702,1,HCM,1,18974,1011,150,8,140,11,1608,6,6,6,6,6,NA,NA,NA,NA,2019-04-13 08:38:00,0
2019-04-11 18:00:00,WIND,600702,1,HCM,1,18974,1011,150,5,180,8,1700,6,6,6,6,6,NA,NA,NA,NA,2019-04-13 08:38:00,0
2019-04-11 19:00:00,WIND,600702,1,HCM,1,18974,1011,140,4,140,6,1822,6,6,6,6,6,NA,NA,NA,NA,2019-04-13 08:39:00,0
2019-04-11 20:00:00,WIND,600702,1,HCM,1,18974,1011,150,3,150,4,1850,6,6,6,6,6,NA,NA,NA,NA,2019-04-13 08:39:00,0
2019-04-11 21:00:00,WIND,600702,1,HCM,1,18974,1011,120,3,110,5,2049,6,6,6,6,6,NA,NA,NA,NA,2019-04-13 08:41:00,0
2019-04-11 22:00:00,WIND,600702,1,HCM,1,18974,1011,120,6,120,10,2141,6,6,6,6,6,NA,NA,NA,NA,2019-04-13 08:41:00,0
2019-04-11 23:00:00,WIND,600702,1,HCM,1,18974,1011,130,8,130,10,2223,6,6,6,6,6,NA,NA,NA,NA,2019-04-13 08:41:00,0
2019-04-12 00:00:00,WIND,600702,1,HCM,1,18974,1011,120,9,120,12,2336,6,6,6,6,6,NA,NA,NA,NA,2019-04-13 08:42:00,0
2019-04-12 01:00:00,WIND,600702,1,HCM,1,18974,1011,120,10,120,14,33,6,6,6,6,6,NA,NA,NA,NA,2019-04-13 08:42:00,0
2019-04-12 02:00:00,WIND,600702,1,HCM,1,18974,1011,120,11,120,14,52,6,6,6,6,6,NA,NA,NA,NA,2019-04-13 08:43:00,0
2019-04-12 03:00:00,WIND,600702,1,HCM,1,18974,1011,120,11,110,15,227,6,6,6,6,6,NA,NA,NA,NA,2019-04-13 08:43:00,0
2019-04-12 04:00:00,WIND,600702,1,HCM,1,18974,1011,120,12,120,17,343,6,6,6,6,6,NA,NA,NA,NA,2019-04-13 08:43:00,0
2019-04-12 05:00:00,WIND,600702,1,HCM,1,18974,1011,120,15,120,19,420,6,6,6,6,6,NA,NA,NA,NA,2019-04-13 08:44:00,0
2019-04-12 06:00:00,WIND,600702,1,HCM,1,18974,1011,120,15,120,19,503,6,6,6,6,6,NA,NA,NA,NA,2019-04-13 08:44:00,0
2019-04-12 07:00:00,WIND,600702,1,HCM,1,18974,1011,130,16,130,22,636,6,6,6,6,6,NA,NA,NA,NA,2019-04-13 08:44:00,0
2019-04-12 08:00:00,WIND,600702,1,HCM,1,18974,1011,140,18,150,24,749,6,6,6,6,6,NA,NA,NA,NA,2019-04-13 08:45:00,0
2019-04-12 09:00:00,WIND,600702,1,HCM,1,18974,1011,150,19,150,26,839,6,6,6,6,6,NA,NA,NA,NA,2019-04-13 08:46:00,0
2019-04-12 10:00:00,WIND,600702,1,HCM,1,18974,1011,150,20,150,27,939,6,6,6,6,6,NA,NA,NA,NA,2019-04-13 08:47:00,0
2019-04-12 11:00:00,WIND,600702,1,HCM,1,18974,1011,150,20,150,26,1008,6,6,6,6,6,NA,NA,NA,NA,2019-04-13 08:47:00,0
2019-04-12 12:00:00,WIND,600702,1,HCM,1,18974,1011,150,20,150,26,1125,6,6,6,6,6,NA,NA,NA,NA,2019-04-13 12:44:00,0
2019-04-12 13:00:00,WIND,600702,1,HCM,1,18974,1011,150,21,150,29,1229,6,6,6,6,6,NA,NA,NA,NA,2019-04-13 12:45:00,0
2019-04-12 14:00:00,WIND,600702,1,HCM,1,18974,1011,140,21,130,27,1347,6,6,6,6,6,NA,NA,NA,NA,2019-04-13 12:46:00,0
2019-04-12 15:00:00,WIND,600702,1,HCM,1,18974,1011,130,19,140,26,1352,6,6,6,6,6,NA,NA,NA,NA,2019-04-13 12:46:00,0
2019-04-12 16:00:00,WIND,600702,1,HCM,1,18974,1011,150,21,140,28,1515,6,6,6,6,6,NA,NA,NA,NA,2019-04-13 12:46:00,0
2019-04-12 17:00:00,WIND,600702,1,HCM,1,18974,1011,150,20,150,27,1601,6,6,6,6,6,NA,NA,NA,NA,2019-04-13 12:47:00,0
2019-04-12 18:00:00,WIND,600702,1,HCM,1,18974,1011,150,22,150,29,1720,6,6,6,6,6,NA,NA,NA,NA,2019-04-13 12:47:00,0
2019-04-12 19:00:00,WIND,600702,1,HCM,1,18974,1011,150,23,140,30,1825,6,6,6,6,6,NA,NA,NA,NA,2019-04-13 12:48:00,0
2019-04-12 20:00:00,WIND,600702,1,HCM,1,18974,1011,150,23,150,32,1921,6,6,6,6,6,NA,NA,NA,NA,2019-04-13 12:48:00,0
2019-04-12 21:00:00,WIND,600702,1,HCM,1,18974,1011,150,25,150,33,2031,6,6,6,6,6,NA,NA,NA,NA,2019-04-13 12:50:00,0
2019-04-12 22:00:00,WIND,600702,1,HCM,1,18974,1011,150,24,150,33,2112,6,6,6,6,6,NA,NA,NA,NA,2019-04-13 12:50:00,0
2019-04-12 23:00:00,WIND,600702,1,HCM,1,18974,1011,150,26,140,33,2246,6,6,6,6,6,NA,NA,NA,NA,2019-04-13 12:51:00,0
2019-04-13 00:00:00,WIND,600702,1,HCM,1,18974,1011,140,24,140,32,2257,6,6,6,6,6,NA,NA,NA,NA,2019-04-13 12:51:00,0
2019-04-13 01:00:00,WIND,600702,1,HCM,1,18974,1011,140,25,140,34,7,6,6,6,6,6,NA,NA,NA,NA,2019-04-13 12:51:00,0
2019-04-13 02:00:00,WIND,600702,1,HCM,1,18974,1011,130,25,130,33,136,6,6,6,6,6,NA,NA,NA,NA,2019-04-13 12:52:00,0
2019-04-13 03:00:00,WIND,600702,1,HCM,1,18974,1011,130,26,140,32,202,6,6,6,6,6,NA,NA,NA,NA,2019-04-13 12:53:00,0
2019-04-13 04:00:00,WIND,600702,1,HCM,1,18974,1011,130,25,130,32,256,6,6,6,6,6,NA,NA,NA,NA,2019-04-13 12:53:00,0
2019-04-13 05:00:00,WIND,600702,1,HCM,1,18974,1011,120,25,110,32,425,6,6,6,6,6,NA,NA,NA,NA,2019-04-13 12:54:00,0
2019-04-13 06:00:00,WIND,600702,1,HCM,1,18974,1011,120,26,120,33,546,6,6,6,6,6,NA,NA,NA,NA,2019-04-13 12:54:00,0
2019-04-13 07:00:00,WIND,600702,1,HCM,1,18974,1011,120,26,120,34,618,6,6,6,6,6,NA,NA,NA,NA,2019-04-13 12:55:00,0
2019-04-13 08:00:00,WIND,600702,1,HCM,1,18974,1011,130,29,130,38,744,6,6,6,6,6,NA,NA,NA,NA,2019-04-13 12:55:00,0
2019-04-13 09:00:00,WIND,600702,1,HCM,1,18974,1011,130,31,130,39,826,6,6,6,6,6,NA,NA,NA,NA,2019-04-13 12:58:00,0
2019-04-13 10:00:00,WIND,600702,1,HCM,1,18974,1011,130,32,130,41,936,6,6,6,6,6,NA,NA,NA,NA,2019-04-13 13:00:00,0
2019-04-13 11:00:00,WIND,600702,1,HCM,1,18974,1011,130,32,140,40,1041,6,6,6,6,6,NA,NA,NA,NA,2019-04-13 13:00:00,0
2019-04-13 12:00:00,WIND,600702,1,HCM,1,18974,1011,130,32,130,40,1055,6,6,6,6,6,NA,NA,NA,NA,2019-04-13 13:00:00,0
2019-04-13 13:00:00,WIND,600702,1,HCM,1,18974,1011,130,31,130,40,1157,6,6,6,6,6,NA,NA,NA,NA,2019-04-13 13:01:00,0
2019-04-13 14:00:00,WIND,600702,1,HCM,1,18974,1011,130,31,130,39,1302,6,6,6,6,6,NA,NA,NA,NA,2019-04-15 15:37:00,0
2019-04-13 15:00:00,WIND,600702,1,HCM,1,18974,1011,130,31,130,40,1435,6,6,6,6,6,NA,NA,NA,NA,2019-04-15 15:38:00,0
2019-04-13 16:00:00,WIND,600702,1,HCM,1,18974,1011,130,30,130,38,1525,6,6,6,6,6,NA,NA,NA,NA,2019-04-15 15:38:00,0
2019-04-13 17:00:00,WIND,600702,1,HCM,1,18974,1011,140,29,130,39,1552,6,6,6,6,6,NA,NA,NA,NA,2019-04-15 15:38:00,0
2019-04-13 18:00:00,WIND,600702,1,HCM,1,18974,1011,140,27,140,36,1700,6,6,6,6,6,NA,NA,NA,NA,2019-04-15 15:39:00,0
2019-04-13 19:00:00,WIND,600702,1,HCM,1,18974,1011,150,27,140,38,1844,6,6,6,6,6,NA,NA,NA,NA,2019-04-15 15:39:00,0
2019-04-13 20:00:00,WIND,600702,1,HCM,1,18974,1011,150,28,150,36,1921,6,6,6,6,6,NA,NA,NA,NA,2019-04-15 15:39:00,0
2019-04-13 21:00:00,WIND,600702,1,HCM,1,18974,1011,140,27,130,35,2032,6,6,6,6,6,NA,NA,NA,NA,2019-04-15 15:41:00,0
2019-04-13 22:00:00,WIND,600702,1,HCM,1,18974,1011,130,30,130,40,2145,6,6,6,6,6,NA,NA,NA,NA,2019-04-15 15:41:00,0
2019-04-13 23:00:00,WIND,600702,1,HCM,1,18974,1011,130,33,130,41,2228,6,6,6,6,6,NA,NA,NA,NA,2019-04-15 15:42:00,0
2019-04-14 00:00:00,WIND,600702,1,HCM,1,18974,1011,130,31,130,40,2307,6,6,6,6,6,NA,NA,NA,NA,2019-04-15 15:43:00,0
2019-04-14 01:00:00,WIND,600702,1,HCM,1,18974,1011,120,31,120,40,11,6,6,6,6,6,NA,NA,NA,NA,2019-04-15 15:43:00,0
2019-04-14 02:00:00,WIND,600702,1,HCM,1,18974,1011,130,31,130,41,143,6,6,6,6,6,NA,NA,NA,NA,2019-04-15 15:44:00,0
2019-04-14 03:00:00,WIND,600702,1,HCM,1,18974,1011,120,31,120,41,212,6,6,6,6,6,NA,NA,NA,NA,2019-04-15 15:44:00,0
2019-04-14 04:00:00,WIND,600702,1,HCM,1,18974,1011,120,31,120,40,321,6,6,6,6,6,NA,NA,NA,NA,2019-04-15 15:44:00,0
2019-04-14 05:00:00,WIND,600702,1,HCM,1,18974,1011,130,30,120,39,404,6,6,6,6,6,NA,NA,NA,NA,2019-04-15 15:45:00,0
2019-04-14 06:00:00,WIND,600702,1,HCM,1,18974,1011,130,30,130,39,547,6,6,6,6,6,NA,NA,NA,NA,2019-04-15 15:45:00,0
2019-04-14 07:00:00,WIND,600702,1,HCM,1,18974,1011,130,31,120,42,612,6,6,6,6,6,NA,NA,NA,NA,2019-04-15 15:45:00,0
2019-04-14 08:00:00,WIND,600702,1,HCM,1,18974,1011,130,31,120,41,717,6,6,6,6,6,NA,NA,NA,NA,2019-04-15 15:46:00,0
2019-04-14 09:00:00,WIND,600702,1,HCM,1,18974,1011,130,30,140,38,753,6,6,6,6,6,NA,NA,NA,NA,2019-04-15 15:48:00,0
2019-04-14 10:00:00,WIND,600702,1,HCM,1,18974,1011,130,28,120,36,942,6,6,6,6,6,NA,NA,NA,NA,2019-04-15 15:48:00,0
2019-04-14 11:00:00,WIND,600702,1,HCM,1,18974,1011,130,29,130,38,1029,6,6,6,6,6,NA,NA,NA,NA,2019-04-15 15:49:00,0
2019-04-14 12:00:00,WIND,600702,1,HCM,1,18974,1011,140,29,140,38,1052,6,6,6,6,6,NA,NA,NA,NA,2019-04-15 15:49:00,0
2019-04-14 13:00:00,WIND,600702,1,HCM,1,18974,1011,140,29,140,39,1214,6,6,6,6,6,NA,NA,NA,NA,2019-04-15 15:49:00,0
2019-04-14 14:00:00,WIND,600702,1,HCM,1,18974,1011,140,27,140,36,1309,6,6,6,6,6,NA,NA,NA,NA,2019-04-15 15:50:00,0
2019-04-14 15:00:00,WIND,600702,1,HCM,1,18974,1011,140,26,140,33,1426,6,6,6,6,6,NA,NA,NA,NA,2019-04-15 15:50:00,0
2019-04-14 16:00:00,WIND,600702,1,HCM,1,18974,1011,140,26,130,33,1513,6,6,6,6,6,NA,NA,NA,NA,2019-04-15 15:50:00,0
2019-04-14 17:00:00,WIND,600702,1,HCM,1,18974,1011,140,25,140,34,1619,6,6,6,6,6,NA,NA,NA,NA,2019-04-15 15:51:00,0
2019-04-14 18:00:00,WIND,600702,1,HCM,1,18974,1011,140,23,130,31,1708,6,6,6,6,6,NA,NA,NA,NA,2019-04-15 15:51:00,0
2019-04-14 19:00:00,WIND,600702,1,HCM,1,18974,1011,140,23,130,30,1823,6,6,6,6,6,NA,NA,NA,NA,2019-04-15 15:52:00,0
2019-04-14 20:00:00,WIND,600702,1,HCM,1,18974,1011,140,23,130,30,1859,6,6,6,6,6,NA,NA,NA,NA,2019-04-15 15:53:00,0
2019-04-14 21:00:00,WIND,600702,1,HCM,1,18974,1011,140,22,130,31,2047,6,6,6,6,6,NA,NA,NA,NA,2019-04-15 15:55:00,0
2019-04-14 22:00:00,WIND,600702,1,HCM,1,18974,1011,130,27,130,34,2148,6,6,6,6,6,NA,NA,NA,NA,2019-04-15 15:56:00,0
2019-04-14 23:00:00,WIND,600702,1,HCM,1,18974,1011,130,28,130,36,2231,6,6,6,6,6,NA,NA,NA,NA,2019-04-15 15:56:00,0
2019-04-15 00:00:00,WIND,600702,1,HCM,1,18974,1011,130,27,130,36,2303,6,6,6,6,6,NA,NA,NA,NA,2019-04-15 15:57:00,0
2019-04-15 01:00:00,WIND,600702,1,HCM,1,18974,1011,130,27,120,35,43,6,6,6,6,6,NA,NA,NA,NA,2019-04-15 15:57:00,0
2019-04-15 02:00:00,WIND,600702,1,HCM,1,18974,1011,120,26,120,34,51,6,6,6,6,6,NA,NA,NA,NA,2019-04-15 15:58:00,0
2019-04-15 03:00:00,WIND,600702,1,HCM,1,18974,1011,120,25,130,34,151,6,6,6,6,6,NA,NA,NA,NA,2019-04-15 15:59:00,0
2019-04-15 04:00:00,WIND,600702,1,HCM,1,18974,1011,120,25,110,31,328,6,6,6,6,6,NA,NA,NA,NA,2019-04-15 15:59:00,0
2019-04-15 05:00:00,WIND,600702,1,HCM,1,18974,1011,120,25,120,32,427,6,6,6,6,6,NA,NA,NA,NA,2019-04-15 16:00:00,0
2019-04-15 06:00:00,WIND,600702,1,HCM,1,18974,1011,120,26,120,34,530,6,6,6,6,6,NA,NA,NA,NA,2019-04-15 16:01:00,0
2019-04-15 07:00:00,WIND,600702,1,HCM,1,18974,1011,120,28,120,36,603,6,6,6,6,6,NA,NA,NA,NA,2019-04-15 16:01:00,0
2019-04-15 08:00:00,WIND,600702,1,HCM,1,18974,1011,110,28,110,35,713,6,6,6,6,6,NA,NA,NA,NA,2019-04-15 16:04:00,0
2019-04-15 09:00:00,WIND,600702,1,HCM,1,18974,1011,120,29,120,38,839,6,6,6,6,6,NA,NA,NA,NA,2019-04-15 16:07:00,0
2019-04-15 10:00:00,WIND,600702,1,HCM,1,18974,1011,120,30,110,38,935,6,6,6,6,6,NA,NA,NA,NA,2019-04-15 16:08:00,0
2019-04-15 11:00:00,WIND,600702,1,HCM,1,18974,1011,120,30,120,43,1046,6,6,6,6,6,NA,NA,NA,NA,2019-04-15 16:08:00,0
2019-04-15 12:00:00,WIND,600702,1,HCM,1,18974,1011,120,31,120,41,1130,6,6,6,6,6,NA,NA,NA,NA,2019-04-15 16:09:00,0
2019-04-15 13:00:00,WIND,600702,1,HCM,1,18974,1011,120,35,130,47,1211,6,6,6,6,6,NA,NA,NA,NA,2019-04-15 16:09:00,0
2019-04-15 14:00:00,WIND,600702,1,HCM,1,18974,1011,120,32,130,44,1252,6,6,6,6,6,NA,NA,NA,NA,2019-04-15 16:09:00,0
2019-04-15 15:00:00,WIND,600702,1,HCM,1,18974,1011,120,30,130,40,1446,6,6,6,6,6,NA,NA,NA,NA,2019-04-15 16:10:00,0
2019-04-15 16:00:00,WIND,600702,1,HCM,1,18974,1011,130,28,120,38,1549,6,6,6,6,6,NA,NA,NA,NA,2019-04-15 16:10:00,0
2019-04-15 17:00:00,WIND,600702,1,HCM,1,18974,1011,130,28,130,38,1636,6,6,6,6,6,NA,NA,NA,NA,2019-04-16 01:07:00,0
2019-04-15 18:00:00,WIND,600702,1,HCM,1,18974,1011,130,28,130,37,1658,6,6,6,6,6,NA,NA,NA,NA,2019-04-17 12:10:00,0
2019-04-15 19:00:00,WIND,600702,1,HCM,1,18974,1011,120,25,130,34,1756,6,6,6,6,6,NA,NA,NA,NA,2019-04-17 12:10:00,0
2019-04-15 20:00:00,WIND,600702,1,HCM,1,18974,1011,110,23,110,32,1908,6,6,6,6,6,NA,NA,NA,NA,2019-04-17 12:10:00,0
2019-04-15 21:00:00,WIND,600702,1,HCM,1,18974,1011,110,24,110,33,2046,6,6,6,6,6,NA,NA,NA,NA,2019-04-17 12:14:00,0
2019-04-15 22:00:00,WIND,600702,1,HCM,1,18974,1011,120,27,120,34,2122,6,6,6,6,6,NA,NA,NA,NA,2019-04-17 12:14:00,0
2019-04-15 23:00:00,WIND,600702,1,HCM,1,18974,1011,120,29,120,37,2155,6,6,6,6,6,NA,NA,NA,NA,2019-04-17 12:14:00,0
2019-04-16 00:00:00,WIND,600702,1,HCM,1,18974,1011,120,28,120,37,2304,6,6,6,6,6,NA,NA,NA,NA,2019-04-17 12:15:00,0
2019-04-16 01:00:00,WIND,600702,1,HCM,1,18974,1011,120,27,120,34,0,6,6,6,6,6,NA,NA,NA,NA,2019-04-17 12:15:00,0
2019-04-16 02:00:00,WIND,600702,1,HCM,1,18974,1011,130,25,130,33,101,6,6,6,6,6,NA,NA,NA,NA,2019-04-17 13:36:00,0
2019-04-16 03:00:00,WIND,600702,1,HCM,1,18974,1011,130,25,130,33,157,6,6,6,6,6,NA,NA,NA,NA,2019-04-17 13:37:00,0
2019-04-16 04:00:00,WIND,600702,1,HCM,1,18974,1011,130,21,140,28,251,6,6,6,6,6,NA,NA,NA,NA,2019-04-17 13:37:00,0
2019-04-16 05:00:00,WIND,600702,1,HCM,1,18974,1011,130,19,140,25,351,6,6,6,6,6,NA,NA,NA,NA,2019-04-17 13:37:00,0
2019-04-16 06:00:00,WIND,600702,1,HCM,1,18974,1011,130,19,120,24,549,6,6,6,6,6,NA,NA,NA,NA,2019-04-17 13:37:00,0
2019-04-16 07:00:00,WIND,600702,1,HCM,1,18974,1011,120,19,120,26,630,6,6,6,6,6,NA,NA,NA,NA,2019-04-17 13:38:00,0
2019-04-16 08:00:00,WIND,600702,1,HCM,1,18974,1011,130,18,130,24,734,6,6,6,6,6,NA,NA,NA,NA,2019-04-17 13:38:00,0
2019-04-16 09:00:00,WIND,600702,1,HCM,1,18974,1011,130,16,130,22,753,6,6,6,6,6,NA,NA,NA,NA,2019-04-17 13:40:00,0
2019-04-16 10:00:00,WIND,600702,1,HCM,1,18974,1011,130,15,130,20,935,6,6,6,6,6,NA,NA,NA,NA,2019-04-17 13:41:00,0
2019-04-16 11:00:00,WIND,600702,1,HCM,1,18974,1011,130,13,120,16,1002,6,6,6,6,6,NA,NA,NA,NA,2019-04-17 13:41:00,0
2019-04-16 12:00:00,WIND,600702,1,HCM,1,18974,1011,130,12,130,16,1108,6,6,6,6,6,NA,NA,NA,NA,2019-04-17 13:41:00,0
2019-04-16 13:00:00,WIND,600702,1,HCM,1,18974,1011,120,10,130,13,1150,6,6,6,6,6,NA,NA,NA,NA,2019-04-17 13:42:00,0
2019-04-16 14:00:00,WIND,600702,1,HCM,1,18974,1011,120,9,120,12,1316,6,6,6,6,6,NA,NA,NA,NA,2019-04-17 13:42:00,0
2019-04-16 15:00:00,WIND,600702,1,HCM,1,18974,1011,120,8,130,12,1446,6,6,6,6,6,NA,NA,NA,NA,2019-04-17 13:43:00,0
2019-04-16 16:00:00,WIND,600702,1,HCM,1,18974,1011,120,13,120,18,1541,6,6,6,6,6,NA,NA,NA,NA,2019-04-17 13:44:00,0
2019-04-16 17:00:00,WIND,600702,1,HCM,1,18974,1011,110,13,110,18,1556,6,6,6,6,6,NA,NA,NA,NA,2019-04-17 13:53:00,0
2019-04-16 18:00:00,WIND,600702,1,HCM,1,18974,1011,110,10,110,14,1657,6,6,6,6,6,NA,NA,NA,NA,2019-04-17 13:54:00,0
2019-04-16 19:00:00,WIND,600702,1,HCM,1,18974,1011,110,11,110,14,1812,6,6,6,6,6,NA,NA,NA,NA,2019-04-17 13:55:00,0
2019-04-16 20:00:00,WIND,600702,1,HCM,1,18974,1011,120,12,120,16,1936,6,6,6,6,6,NA,NA,NA,NA,2019-04-17 13:55:00,0
2019-04-16 21:00:00,WIND,600702,1,HCM,1,18974,1011,120,12,120,18,2014,6,6,6,6,6,NA,NA,NA,NA,2019-04-17 13:58:00,0
2019-04-16 22:00:00,WIND,600702,1,HCM,1,18974,1011,110,15,110,21,2121,6,6,6,6,6,NA,NA,NA,NA,2019-04-17 13:58:00,0
2019-04-16 23:00:00,WIND,600702,1,HCM,1,18974,1011,120,13,120,18,2201,6,6,6,6,6,NA,NA,NA,NA,2019-04-17 13:58:00,0
2019-04-17 00:00:00,WIND,600702,1,HCM,1,18974,1011,120,15,120,23,2340,6,6,6,6,6,NA,NA,NA,NA,2019-04-17 14:05:00,0
2019-04-17 01:00:00,WIND,600702,1,HCM,1,18974,1011,120,16,120,22,5,6,6,6,6,6,NA,NA,NA,NA,2019-04-17 14:05:00,0
2019-04-17 02:00:00,WIND,600702,1,HCM,1,18974,1011,120,15,120,20,110,6,6,6,6,6,NA,NA,NA,NA,2019-04-17 14:06:00,0
2019-04-17 03:00:00,WIND,600702,1,HCM,1,18974,1011,120,16,120,23,248,6,6,6,6,6,NA,NA,NA,NA,2019-04-17 14:39:00,0
2019-04-17 04:00:00,WIND,600702,1,HCM,1,18974,1011,120,18,130,23,317,6,6,6,6,6,NA,NA,NA,NA,2019-04-17 14:39:00,0
2019-04-17 05:00:00,WIND,600702,1,HCM,1,18974,1011,130,18,120,23,411,6,6,6,6,6,NA,NA,NA,NA,2019-04-17 14:40:00,0
2019-04-17 06:00:00,WIND,600702,1,HCM,1,18974,1011,130,17,130,22,525,6,6,6,6,6,NA,NA,NA,NA,2019-04-17 14:40:00,0
2019-04-17 07:00:00,WIND,600702,1,HCM,1,18974,1011,120,18,110,23,603,6,6,6,6,6,NA,NA,NA,NA,2019-04-17 14:40:00,0
2019-04-17 08:00:00,WIND,600702,1,HCM,1,18974,1011,120,17,120,23,728,6,6,6,6,6,NA,NA,NA,NA,2019-04-17 14:41:00,0
2019-04-17 09:00:00,WIND,600702,1,HCM,1,18974,1011,120,18,120,23,838,6,6,6,6,6,NA,NA,NA,NA,2019-04-17 14:42:00,0
2019-04-17 10:00:00,WIND,600702,1,HCM,1,18974,1011,120,17,120,23,850,6,6,6,6,6,NA,NA,NA,NA,2019-04-17 14:43:00,0
2019-04-17 11:00:00,WIND,600702,1,HCM,1,18974,1011,120,18,130,23,1014,6,6,6,6,6,NA,NA,NA,NA,2019-04-17 14:43:00,0
2019-04-17 12:00:00,WIND,600702,1,HCM,1,18974,1011,130,15,130,21,1104,6,6,6,6,6,NA,NA,NA,NA,2019-04-17 14:43:00,0
2019-04-17 13:00:00,WIND,600702,1,HCM,1,18974,1011,130,15,130,19,1224,6,6,6,6,6,NA,NA,NA,NA,2019-04-17 14:44:00,0
2019-04-17 14:00:00,WIND,600702,1,HCM,1,18974,1011,130,15,130,20,1312,6,6,6,6,6,NA,NA,NA,NA,2019-04-17 14:44:00,0
2019-04-17 15:00:00,WIND,600702,1,HCM,1,18974,1011,130,14,130,19,1356,6,6,6,6,6,NA,NA,NA,NA,2019-04-17 14:52:00,0
2019-04-17 16:00:00,WIND,600702,1,HCM,1,18974,1011,130,12,130,18,1452,6,6,6,6,6,NA,NA,NA,NA,2019-04-17 17:34:00,0
2019-04-17 17:00:00,WIND,600702,1,HCM,1,18974,1011,150,8,150,11,1600,6,6,6,6,6,NA,NA,NA,NA,2019-04-17 17:38:00,0
2019-04-17 18:00:00,WIND,600702,1,HCM,1,18974,1011,170,7,180,11,1731,6,6,6,6,6,NA,NA,NA,NA,2019-04-17 19:58:00,0
2019-04-17 19:00:00,WIND,600702,1,HCM,1,18974,1011,180,6,170,10,1801,6,6,6,6,6,NA,NA,NA,NA,2019-04-17 19:59:00,0
2019-04-17 20:00:00,WIND,600702,1,HCM,1,18974,1011,160,3,170,5,1851,6,6,6,6,6,NA,NA,NA,NA,2019-04-17 19:59:00,0
2019-04-17 21:00:00,WIND,600702,1,HCM,1,18974,1011,130,4,120,6,2044,6,6,6,6,6,NA,NA,NA,NA,2019-04-18 01:29:00,0
2019-04-17 22:00:00,WIND,600702,1,HCM,1,18974,1011,120,6,120,9,2112,6,6,6,6,6,NA,NA,NA,NA,2019-04-18 03:12:00,0
2019-04-17 23:00:00,WIND,600702,1,HCM,1,18974,1011,120,5,130,7,2156,6,6,6,6,6,NA,NA,NA,NA,2019-04-18 03:12:00,0
2019-04-18 00:00:00,WIND,600702,1,HCM,1,18974,1011,120,10,120,17,2347,6,6,6,6,6,NA,NA,NA,NA,2019-04-18 03:13:00,0
2019-04-18 01:00:00,WIND,600702,1,HCM,1,18974,1011,120,12,120,15,2353,6,6,6,6,6,NA,NA,NA,NA,2019-04-18 03:13:00,0
2019-04-18 02:00:00,WIND,600702,1,HCM,1,18974,1011,120,14,120,17,122,6,6,6,6,6,NA,NA,NA,NA,2019-04-18 03:13:00,0
2019-04-18 03:00:00,WIND,600702,1,HCM,1,18974,1011,130,13,130,17,239,6,6,6,6,6,NA,NA,NA,NA,2019-04-18 03:14:00,0
2019-04-18 04:00:00,WIND,600702,1,HCM,1,18974,1011,120,14,120,18,257,6,6,6,6,6,NA,NA,NA,NA,2019-04-18 05:37:00,0
2019-04-18 05:00:00,WIND,600702,1,HCM,1,18974,1011,120,12,120,16,435,6,6,6,6,6,NA,NA,NA,NA,2019-04-18 05:37:00,0
2019-04-18 06:00:00,WIND,600702,1,HCM,1,18974,1011,130,14,120,20,543,6,6,6,6,6,NA,NA,NA,NA,2019-04-18 07:44:00,0
2019-04-18 07:00:00,WIND,600702,1,HCM,1,18974,1011,120,15,130,19,550,6,6,6,6,6,NA,NA,NA,NA,2019-04-18 07:45:00,0
2019-04-18 08:00:00,WIND,600702,1,HCM,1,18974,1011,120,16,120,21,733,6,6,6,6,6,NA,NA,NA,NA,2019-04-18 07:52:00,0
2019-04-18 09:00:00,WIND,600702,1,HCM,1,18974,1011,120,15,120,20,828,6,6,6,6,6,NA,NA,NA,NA,2019-04-18 08:55:00,0
2019-04-18 10:00:00,WIND,600702,1,HCM,1,18974,1011,120,15,120,20,856,6,6,6,6,6,NA,NA,NA,NA,2019-04-18 09:51:00,0
2019-04-18 11:00:00,WIND,600702,1,HCM,1,18974,1011,120,16,110,21,1013,6,6,6,6,6,NA,NA,NA,NA,2019-04-18 10:51:00,0
2019-04-18 12:00:00,WIND,600702,1,HCM,1,18974,1011,120,16,120,20,1105,6,6,6,6,6,NA,NA,NA,NA,2019-04-18 11:51:00,0
2019-04-18 13:00:00,WIND,600702,1,HCM,1,18974,1011,130,14,120,19,1159,6,6,6,6,6,NA,NA,NA,NA,2019-04-18 12:51:00,0
2019-04-18 14:00:00,WIND,600702,1,HCM,1,18974,1011,130,13,140,18,1256,6,6,6,6,6,NA,NA,NA,NA,2019-04-18 15:54:00,0
2019-04-18 15:00:00,WIND,600702,1,HCM,1,18974,1011,130,13,130,19,1406,6,6,6,6,6,NA,NA,NA,NA,2019-04-18 15:55:00,0
2019-04-18 16:00:00,WIND,600702,1,HCM,1,18974,1011,130,11,130,16,1516,6,6,6,6,6,NA,NA,NA,NA,2019-04-18 15:55:00,0
2019-04-18 17:00:00,WIND,600702,1,HCM,1,18974,1011,130,11,130,14,1550,6,6,6,6,6,NA,NA,NA,NA,2019-04-19 17:34:00,0
2019-04-18 18:00:00,WIND,600702,1,HCM,1,18974,1011,140,8,120,12,1654,6,6,6,6,6,NA,NA,NA,NA,2019-04-19 17:35:00,0
2019-04-18 19:00:00,WIND,600702,1,HCM,1,18974,1011,140,6,130,10,1756,6,6,6,6,6,NA,NA,NA,NA,2019-04-19 17:35:00,0
2019-04-18 20:00:00,WIND,600702,1,HCM,1,18974,1011,160,4,160,7,1850,6,6,6,6,6,NA,NA,NA,NA,2019-04-19 17:35:00,0
2019-04-18 21:00:00,WIND,600702,1,HCM,1,18974,1011,160,4,130,9,2049,6,6,6,6,6,NA,NA,NA,NA,2019-04-19 17:37:00,0
2019-04-18 22:00:00,WIND,600702,1,HCM,1,18974,1011,160,7,170,11,2110,6,6,6,6,6,NA,NA,NA,NA,2019-04-19 17:37:00,0
2019-04-18 23:00:00,WIND,600702,1,HCM,1,18974,1011,140,5,150,10,2158,6,6,6,6,6,NA,NA,NA,NA,2019-04-19 17:38:00,0
2019-04-19 00:00:00,WIND,600702,1,HCM,1,18974,1011,130,8,130,11,2325,6,6,6,6,6,NA,NA,NA,NA,2019-04-19 17:38:00,0
2019-04-19 01:00:00,WIND,600702,1,HCM,1,18974,1011,150,5,120,10,49,6,6,6,6,6,NA,NA,NA,NA,2019-04-19 17:38:00,0
2019-04-19 02:00:00,WIND,600702,1,HCM,1,18974,1011,110,4,120,11,51,6,6,6,6,6,NA,NA,NA,NA,2019-04-19 17:39:00,0
2019-04-19 03:00:00,WIND,600702,1,HCM,1,18974,1011,130,12,130,16,219,6,6,6,6,6,NA,NA,NA,NA,2019-04-19 17:39:00,0
2019-04-19 04:00:00,WIND,600702,1,HCM,1,18974,1011,130,14,130,18,332,6,6,6,6,6,NA,NA,NA,NA,2019-04-19 17:39:00,0
2019-04-19 05:00:00,WIND,600702,1,HCM,1,18974,1011,140,13,140,18,430,6,6,6,6,6,NA,NA,NA,NA,2019-04-19 17:39:00,0
2019-04-19 06:00:00,WIND,600702,1,HCM,1,18974,1011,140,15,140,19,531,6,6,6,6,6,NA,NA,NA,NA,2019-04-19 17:40:00,0
2019-04-19 07:00:00,WIND,600702,1,HCM,1,18974,1011,140,15,140,20,635,6,6,6,6,6,NA,NA,NA,NA,2019-04-19 17:40:00,0
2019-04-19 08:00:00,WIND,600702,1,HCM,1,18974,1011,140,14,140,18,741,6,6,6,6,6,NA,NA,NA,NA,2019-04-19 17:40:00,0
2019-04-19 09:00:00,WIND,600702,1,HCM,1,18974,1011,140,15,140,20,823,6,6,6,6,6,NA,NA,NA,NA,2019-04-19 17:42:00,0
2019-04-19 10:00:00,WIND,600702,1,HCM,1,18974,1011,140,16,140,21,907,6,6,6,6,6,NA,NA,NA,NA,2019-04-19 17:42:00,0
2019-04-19 11:00:00,WIND,600702,1,HCM,1,18974,1011,140,16,140,20,1019,6,6,6,6,6,NA,NA,NA,NA,2019-04-19 17:43:00,0
2019-04-19 12:00:00,WIND,600702,1,HCM,1,18974,1011,140,16,140,20,1100,6,6,6,6,6,NA,NA,NA,NA,2019-04-19 17:43:00,0
2019-04-19 13:00:00,WIND,600702,1,HCM,1,18974,1011,150,15,150,21,1220,6,6,6,6,6,NA,NA,NA,NA,2019-04-19 17:43:00,0
2019-04-19 14:00:00,WIND,600702,1,HCM,1,18974,1011,150,14,150,19,1334,6,6,6,6,6,NA,NA,NA,NA,2019-04-19 17:44:00,0
2019-04-19 15:00:00,WIND,600702,1,HCM,1,18974,1011,150,13,150,18,1405,6,6,6,6,6,NA,NA,NA,NA,2019-04-19 17:44:00,0
2019-04-19 16:00:00,WIND,600702,1,HCM,1,18974,1011,160,12,160,17,1549,6,6,6,6,6,NA,NA,NA,NA,2019-04-19 17:44:00,0
2019-04-19 17:00:00,WIND,600702,1,HCM,1,18974,1011,160,10,170,15,1607,6,6,6,6,6,NA,NA,NA,NA,2019-04-19 17:45:00,0
2019-04-19 18:00:00,WIND,600702,1,HCM,1,18974,1011,170,9,160,13,1737,6,6,6,6,6,NA,NA,NA,NA,2019-04-19 17:51:00,0
2019-04-19 19:00:00,WIND,600702,1,HCM,1,18974,1011,180,12,180,19,1831,6,6,6,6,6,NA,NA,NA,NA,2019-04-19 21:44:00,0
2019-04-19 20:00:00,WIND,600702,1,HCM,1,18974,1011,200,7,190,17,1853,6,6,6,6,6,NA,NA,NA,NA,2019-04-19 21:45:00,0
2019-04-19 21:00:00,WIND,600702,1,HCM,1,18974,1011,200,6,220,11,2007,6,6,6,6,6,NA,NA,NA,NA,2019-04-19 21:47:00,0
2019-04-19 22:00:00,WIND,600702,1,HCM,1,18974,1011,230,8,250,14,2112,6,6,6,6,6,NA,NA,NA,NA,2019-04-19 21:53:00,0
2019-04-19 23:00:00,WIND,600702,1,HCM,1,18974,1011,210,8,230,12,2203,6,6,6,6,6,NA,NA,NA,NA,2019-04-20 00:05:00,0
2019-04-20 00:00:00,WIND,600702,1,HCM,1,18974,1011,200,9,200,14,2337,6,6,6,6,6,NA,NA,NA,NA,2019-04-20 00:06:00,0
2019-04-20 01:00:00,WIND,600702,1,HCM,1,18974,1011,190,9,190,15,47,6,6,6,6,6,NA,NA,NA,NA,2019-04-20 00:51:00,0
2019-04-20 02:00:00,WIND,600702,1,HCM,1,18974,1011,200,9,200,13,113,6,6,6,6,6,NA,NA,NA,NA,2019-04-20 01:51:00,0
2019-04-20 03:00:00,WIND,600702,1,HCM,1,18974,1011,220,9,200,13,159,6,6,6,6,6,NA,NA,NA,NA,2019-04-20 02:51:00,0
2019-04-20 04:00:00,WIND,600702,1,HCM,1,18974,1011,220,7,220,10,329,6,6,6,6,6,NA,NA,NA,NA,2019-04-20 03:51:00,0
2019-04-20 05:00:00,WIND,600702,1,HCM,1,18974,1011,210,7,220,11,401,6,6,6,6,6,NA,NA,NA,NA,2019-04-20 04:51:00,0
2019-04-20 06:00:00,WIND,600702,1,HCM,1,18974,1011,190,6,180,8,546,6,6,6,6,6,NA,NA,NA,NA,2019-04-20 05:51:00,0
2019-04-20 07:00:00,WIND,600702,1,HCM,1,18974,1011,190,6,200,9,618,6,6,6,6,6,NA,NA,NA,NA,2019-04-20 10:48:00,0
2019-04-20 08:00:00,WIND,600702,1,HCM,1,18974,1011,180,7,180,10,732,6,6,6,6,6,NA,NA,NA,NA,2019-04-20 10:49:00,0
2019-04-20 09:00:00,WIND,600702,1,HCM,1,18974,1011,180,8,170,11,810,6,6,6,6,6,NA,NA,NA,NA,2019-04-20 10:51:00,0
2019-04-20 10:00:00,WIND,600702,1,HCM,1,18974,1011,170,8,180,11,903,6,6,6,6,6,NA,NA,NA,NA,2019-04-20 10:51:00,0
2019-04-20 11:00:00,WIND,600702,1,HCM,1,18974,1011,170,8,170,10,1026,6,6,6,6,6,NA,NA,NA,NA,2019-04-20 11:38:00,0
2019-04-20 12:00:00,WIND,600702,1,HCM,1,18974,1011,200,7,220,11,1123,6,6,6,6,6,NA,NA,NA,NA,2019-04-20 11:51:00,0
2019-04-20 13:00:00,WIND,600702,1,HCM,1,18974,1011,190,6,160,8,1212,6,6,6,6,6,NA,NA,NA,NA,2019-04-20 16:25:00,0
2019-04-20 14:00:00,WIND,600702,1,HCM,1,18974,1011,220,5,240,8,1251,6,6,6,6,6,NA,NA,NA,NA,2019-04-20 17:37:00,0
2019-04-20 15:00:00,WIND,600702,1,HCM,1,18974,1011,160,6,160,8,1432,6,6,6,6,6,NA,NA,NA,NA,2019-04-20 18:05:00,0
2019-04-20 16:00:00,WIND,600702,1,HCM,1,18974,1011,170,5,150,9,1500,6,6,6,6,6,NA,NA,NA,NA,2019-04-20 18:28:00,0
2019-04-20 17:00:00,WIND,600702,1,HCM,1,18974,1011,170,4,150,6,1605,6,6,6,6,6,NA,NA,NA,NA,2019-04-20 23:53:00,0
2019-04-20 18:00:00,WIND,600702,1,HCM,1,18974,1011,240,4,260,6,1714,6,6,6,6,6,NA,NA,NA,NA,2019-04-21 00:55:00,6
2019-04-20 19:00:00,WIND,600702,1,HCM,1,18974,1011,160,4,140,7,1753,6,6,6,6,6,NA,NA,NA,NA,2019-04-21 00:58:00,3
2019-04-20 20:00:00,WIND,600702,1,HCM,1,18974,1011,180,3,180,4,1853,6,6,6,6,6,NA,NA,NA,NA,2019-04-21 01:00:00,0
2019-04-20 21:00:00,WIND,600702,1,HCM,1,18974,1011,210,2,180,4,2036,6,6,6,6,6,NA,NA,NA,NA,2019-04-21 01:20:00,0
2019-04-20 22:00:00,WIND,600702,1,HCM,1,18974,1011,170,3,160,5,2146,6,6,6,6,6,NA,NA,NA,NA,2019-04-21 02:00:00,0
2019-04-20 23:00:00,WIND,600702,1,HCM,1,18974,1011,170,4,170,5,2236,6,6,6,6,6,NA,NA,NA,NA,2019-04-21 02:00:00,0
2019-04-21 00:00:00,WIND,600702,1,HCM,1,18974,1011,180,4,160,6,2343,6,6,6,6,6,NA,NA,NA,NA,2019-04-21 03:37:00,0
2019-04-21 01:00:00,WIND,600702,1,HCM,1,18974,1011,170,6,170,9,33,6,6,6,6,6,NA,NA,NA,NA,2019-04-21 03:38:00,0
2019-04-21 02:00:00,WIND,600702,1,HCM,1,18974,1011,170,8,180,11,144,6,6,6,6,6,NA,NA,NA,NA,2019-04-21 03:38:00,0
2019-04-21 03:00:00,WIND,600702,1,HCM,1,18974,1011,180,9,180,11,202,6,6,6,6,6,NA,NA,NA,NA,2019-04-21 03:38:00,0
2019-04-21 04:00:00,WIND,600702,1,HCM,1,18974,1011,170,8,170,11,303,6,6,6,6,6,NA,NA,NA,NA,2019-04-21 03:51:00,0
2019-04-21 05:00:00,WIND,600702,1,HCM,1,18974,1011,170,10,170,13,443,6,6,6,6,6,NA,NA,NA,NA,2019-04-21 12:38:00,0
2019-04-21 06:00:00,WIND,600702,1,HCM,1,18974,1011,170,10,180,14,535,6,6,6,6,6,NA,NA,NA,NA,2019-04-21 16:56:00,0
2019-04-21 07:00:00,WIND,600702,1,HCM,1,18974,1011,170,11,180,15,628,6,6,6,6,6,NA,NA,NA,NA,2019-04-21 16:58:00,0
2019-04-21 08:00:00,WIND,600702,1,HCM,1,18974,1011,170,10,170,13,657,6,6,6,6,6,NA,NA,NA,NA,2019-04-21 16:59:00,0
2019-04-21 09:00:00,WIND,600702,1,HCM,1,18974,1011,170,11,160,14,830,6,6,6,6,6,NA,NA,NA,NA,2019-04-21 17:02:00,0
2019-04-21 10:00:00,WIND,600702,1,HCM,1,18974,1011,170,10,170,14,949,6,6,6,6,6,NA,NA,NA,NA,2019-04-21 17:05:00,0
2019-04-21 11:00:00,WIND,600702,1,HCM,1,18974,1011,170,12,170,17,1041,6,6,6,6,6,NA,NA,NA,NA,2019-04-21 17:05:00,0
2019-04-21 12:00:00,WIND,600702,1,HCM,1,18974,1011,180,14,180,19,1132,6,6,6,6,6,NA,NA,NA,NA,2019-04-21 17:06:00,0
2019-04-21 13:00:00,WIND,600702,1,HCM,1,18974,1011,170,13,170,18,1227,6,6,6,6,6,NA,NA,NA,NA,2019-04-21 17:06:00,0
2019-04-21 14:00:00,WIND,600702,1,HCM,1,18974,1011,180,13,170,18,1321,6,6,6,6,6,NA,NA,NA,NA,2019-04-21 17:07:00,0
2019-04-21 15:00:00,WIND,600702,1,HCM,1,18974,1011,180,13,180,17,1410,6,6,6,6,6,NA,NA,NA,NA,2019-04-21 17:07:00,0
2019-04-21 16:00:00,WIND,600702,1,HCM,1,18974,1011,180,13,180,18,1546,6,6,6,6,6,NA,NA,NA,NA,2019-04-21 17:07:00,0
2019-04-21 17:00:00,WIND,600702,1,HCM,1,18974,1011,180,13,190,19,1603,6,6,6,6,6,NA,NA,NA,NA,2019-04-21 17:08:00,0
2019-04-21 18:00:00,WIND,600702,1,HCM,1,18974,1011,180,13,180,19,1745,6,6,6,6,6,NA,NA,NA,NA,2019-04-21 17:54:00,0
2019-04-21 19:00:00,WIND,600702,1,HCM,1,18974,1011,180,14,180,20,1814,6,6,6,6,6,NA,NA,NA,NA,2019-04-21 21:52:00,0
2019-04-21 20:00:00,WIND,600702,1,HCM,1,18974,1011,180,13,180,17,1854,6,6,6,6,6,NA,NA,NA,NA,2019-04-22 01:24:00,0
2019-04-21 21:00:00,WIND,600702,1,HCM,1,18974,1011,170,11,160,15,2001,6,6,6,6,6,NA,NA,NA,NA,2019-04-22 01:29:00,0
2019-04-21 22:00:00,WIND,600702,1,HCM,1,18974,1011,170,10,170,14,2055,6,6,6,6,6,NA,NA,NA,NA,2019-04-22 01:29:00,0
2019-04-21 23:00:00,WIND,600702,1,HCM,1,18974,1011,150,14,150,21,2241,6,6,6,6,6,NA,NA,NA,NA,2019-04-22 01:29:00,0
2019-04-22 00:00:00,WIND,600702,1,HCM,1,18974,1011,150,14,150,20,2254,6,6,6,6,6,NA,NA,NA,NA,2019-04-22 01:30:00,0
2019-04-22 01:00:00,WIND,600702,1,HCM,1,18974,1011,150,12,160,18,2350,6,6,6,6,6,NA,NA,NA,NA,2019-04-22 01:30:00,0
2019-04-22 02:00:00,WIND,600702,1,HCM,1,18974,1011,160,11,150,20,149,6,6,6,6,6,NA,NA,NA,NA,2019-04-22 01:53:00,0
2019-04-22 03:00:00,WIND,600702,1,HCM,1,18974,1011,150,16,150,21,235,6,6,6,6,6,NA,NA,NA,NA,2019-04-22 04:51:00,0
2019-04-22 04:00:00,WIND,600702,1,HCM,1,18974,1011,150,15,150,22,338,6,6,6,6,6,NA,NA,NA,NA,2019-04-22 05:44:00,0
2019-04-22 05:00:00,WIND,600702,1,HCM,1,18974,1011,140,19,140,27,439,6,6,6,6,6,NA,NA,NA,NA,2019-04-22 05:48:00,0
2019-04-22 06:00:00,WIND,600702,1,HCM,1,18974,1011,140,22,130,29,511,6,6,6,6,6,NA,NA,NA,NA,2019-04-22 08:17:00,0
2019-04-22 07:00:00,WIND,600702,1,HCM,1,18974,1011,140,20,130,26,616,6,6,6,6,6,NA,NA,NA,NA,2019-04-22 08:34:00,0
2019-04-22 08:00:00,WIND,600702,1,HCM,1,18974,1011,140,21,140,28,727,6,6,6,6,6,NA,NA,NA,NA,2019-04-22 08:35:00,0
2019-04-22 09:00:00,WIND,600702,1,HCM,1,18974,1011,140,22,140,29,750,6,6,6,6,6,NA,NA,NA,NA,2019-04-22 18:48:00,0
2019-04-22 10:00:00,WIND,600702,1,HCM,1,18974,1011,130,20,130,27,908,6,6,6,6,6,NA,NA,NA,NA,2019-04-22 20:58:00,0
2019-04-22 11:00:00,WIND,600702,1,HCM,1,18974,1011,130,19,120,25,1026,6,6,6,6,6,NA,NA,NA,NA,2019-04-23 08:38:00,0
2019-04-22 12:00:00,WIND,600702,1,HCM,1,18974,1011,130,18,130,24,1122,6,6,6,6,6,NA,NA,NA,NA,2019-04-23 08:39:00,0
2019-04-22 13:00:00,WIND,600702,1,HCM,1,18974,1011,130,17,130,23,1209,6,6,6,6,6,NA,NA,NA,NA,2019-04-23 08:39:00,0
2019-04-22 14:00:00,WIND,600702,1,HCM,1,18974,1011,140,16,140,22,1343,6,6,6,6,6,NA,NA,NA,NA,2019-04-23 08:39:00,0
2019-04-22 15:00:00,WIND,600702,1,HCM,1,18974,1011,130,17,130,23,1441,6,6,6,6,6,NA,NA,NA,NA,2019-04-23 08:40:00,0
2019-04-22 16:00:00,WIND,600702,1,HCM,1,18974,1011,130,17,140,22,1503,6,6,6,6,6,NA,NA,NA,NA,2019-04-23 08:40:00,0
2019-04-22 17:00:00,WIND,600702,1,HCM,1,18974,1011,140,17,140,21,1626,6,6,6,6,6,NA,NA,NA,NA,2019-04-23 08:40:00,0
2019-04-22 18:00:00,WIND,600702,1,HCM,1,18974,1011,140,15,140,20,1719,6,6,6,6,6,NA,NA,NA,NA,2019-04-23 08:41:00,0
2019-04-22 19:00:00,WIND,600702,1,HCM,1,18974,1011,140,14,130,19,1756,6,6,6,6,6,NA,NA,NA,NA,2019-04-23 08:41:00,0
2019-04-22 20:00:00,WIND,600702,1,HCM,1,18974,1011,140,15,140,19,1944,6,6,6,6,6,NA,NA,NA,NA,2019-04-23 08:41:00,0
2019-04-22 21:00:00,WIND,600702,1,HCM,1,18974,1011,140,14,150,18,1953,6,6,6,6,6,NA,NA,NA,NA,2019-04-23 08:43:00,0
2019-04-22 22:00:00,WIND,600702,1,HCM,1,18974,1011,130,9,130,13,2052,6,6,6,6,6,NA,NA,NA,NA,2019-04-23 08:43:00,0
2019-04-22 23:00:00,WIND,600702,1,HCM,1,18974,1011,120,10,110,13,2233,6,6,6,6,6,NA,NA,NA,NA,2019-04-23 08:44:00,0
2019-04-23 00:00:00,WIND,600702,1,HCM,1,18974,1011,100,10,100,14,2305,6,6,6,6,6,NA,NA,NA,NA,2019-04-23 08:44:00,0
2019-04-23 01:00:00,WIND,600702,1,HCM,1,18974,1011,100,11,110,15,28,6,6,6,6,6,NA,NA,NA,NA,2019-04-23 08:44:00,0
2019-04-23 02:00:00,WIND,600702,1,HCM,1,18974,1011,120,14,110,21,58,6,6,6,6,6,NA,NA,NA,NA,2019-04-23 08:45:00,0
2019-04-23 03:00:00,WIND,600702,1,HCM,1,18974,1011,110,11,110,17,247,6,6,6,6,6,NA,NA,NA,NA,2019-04-23 08:45:00,0
2019-04-23 04:00:00,WIND,600702,1,HCM,1,18974,1011,110,15,110,19,348,6,6,6,6,6,NA,NA,NA,NA,2019-04-23 08:45:00,0
2019-04-23 05:00:00,WIND,600702,1,HCM,1,18974,1011,110,15,110,21,409,6,6,6,6,6,NA,NA,NA,NA,2019-04-23 08:45:00,0
2019-04-23 06:00:00,WIND,600702,1,HCM,1,18974,1011,110,10,120,15,451,6,6,6,6,6,NA,NA,NA,NA,2019-04-23 08:46:00,0
2019-04-23 07:00:00,WIND,600702,1,HCM,1,18974,1011,130,14,130,20,623,6,6,6,6,6,NA,NA,NA,NA,2019-04-23 08:46:00,0
2019-04-23 08:00:00,WIND,600702,1,HCM,1,18974,1011,140,13,130,19,650,6,6,6,6,6,NA,NA,NA,NA,2019-04-23 08:46:00,0
2019-04-23 09:00:00,WIND,600702,1,HCM,1,18974,1011,140,12,140,16,754,6,6,6,6,6,NA,NA,NA,NA,2019-04-23 08:56:00,0
2019-04-23 10:00:00,WIND,600702,1,HCM,1,18974,1011,130,12,130,16,931,6,6,6,6,6,NA,NA,NA,NA,2019-04-23 09:53:00,0
2019-04-23 11:00:00,WIND,600702,1,HCM,1,18974,1011,120,12,120,18,950,6,6,6,6,6,NA,NA,NA,NA,2019-04-23 11:25:00,0
2019-04-23 12:00:00,WIND,600702,1,HCM,1,18974,1011,130,9,130,14,1055,6,6,6,6,6,NA,NA,NA,NA,2019-04-24 00:45:00,16
2019-04-23 13:00:00,WIND,600702,1,HCM,1,18974,1011,140,8,130,12,1227,6,6,6,6,6,NA,NA,NA,NA,2019-04-24 00:47:00,14
2019-04-23 14:00:00,WIND,600702,1,HCM,1,18974,1011,150,9,150,13,1323,6,6,6,6,6,NA,NA,NA,NA,2019-04-24 00:52:00,9
2019-04-23 15:00:00,WIND,600702,1,HCM,1,18974,1011,140,8,130,14,1443,6,6,6,6,6,NA,NA,NA,NA,2019-04-24 00:54:00,7
2019-04-23 16:00:00,WIND,600702,1,HCM,1,18974,1011,140,8,140,15,1453,6,6,6,6,6,NA,NA,NA,NA,2019-04-24 00:55:00,6
2019-04-23 17:00:00,WIND,600702,1,HCM,1,18974,1011,120,10,110,16,1646,6,6,6,6,6,NA,NA,NA,NA,2019-04-24 00:55:00,6
2019-04-23 18:00:00,WIND,600702,1,HCM,1,18974,1011,90,10,120,17,1657,6,6,6,6,6,NA,NA,NA,NA,2019-04-24 00:56:00,5
2019-04-23 19:00:00,WIND,600702,1,HCM,1,18974,1011,90,14,90,21,1840,6,6,6,6,6,NA,NA,NA,NA,2019-04-24 00:58:00,3
2019-04-23 20:00:00,WIND,600702,1,HCM,1,18974,1011,100,15,90,21,1901,6,6,6,6,6,NA,NA,NA,NA,2019-04-24 00:59:00,0
2019-04-23 21:00:00,WIND,600702,1,HCM,1,18974,1011,110,18,100,24,2011,6,6,6,6,6,NA,NA,NA,NA,2019-04-24 01:02:00,0
2019-04-23 22:00:00,WIND,600702,1,HCM,1,18974,1011,110,16,110,22,2111,6,6,6,6,6,NA,NA,NA,NA,2019-04-24 01:04:00,0
2019-04-23 23:00:00,WIND,600702,1,HCM,1,18974,1011,100,15,110,20,2158,6,6,6,6,6,NA,NA,NA,NA,2019-04-24 01:05:00,0
2019-04-24 00:00:00,WIND,600702,1,HCM,1,18974,1011,90,13,110,20,2255,6,6,6,6,6,NA,NA,NA,NA,2019-04-24 01:05:00,0
2019-04-24 01:00:00,WIND,600702,1,HCM,1,18974,1011,90,15,100,22,16,6,6,6,6,6,NA,NA,NA,NA,2019-04-24 01:05:00,0
2019-04-24 02:00:00,WIND,600702,1,HCM,1,18974,1011,100,15,110,20,121,6,6,6,6,6,NA,NA,NA,NA,2019-04-24 07:35:00,0
2019-04-24 03:00:00,WIND,600702,1,HCM,1,18974,1011,110,15,110,21,220,6,6,6,6,6,NA,NA,NA,NA,2019-04-24 07:36:00,0
2019-04-24 04:00:00,WIND,600702,1,HCM,1,18974,1011,110,20,110,29,349,6,6,6,6,6,NA,NA,NA,NA,2019-04-24 07:36:00,0
2019-04-24 05:00:00,WIND,600702,1,HCM,1,18974,1011,110,19,120,30,350,6,6,6,6,6,NA,NA,NA,NA,2019-04-24 07:36:00,0
2019-04-24 06:00:00,WIND,600702,1,HCM,1,18974,1011,110,15,120,21,457,6,6,6,6,6,NA,NA,NA,NA,2019-04-24 07:37:00,0
2019-04-24 07:00:00,WIND,600702,1,HCM,1,18974,1011,100,12,110,20,635,6,6,6,6,6,NA,NA,NA,NA,2019-04-24 07:37:00,0
2019-04-24 08:00:00,WIND,600702,1,HCM,1,18974,1011,110,13,120,20,744,6,6,6,6,6,NA,NA,NA,NA,2019-04-24 07:53:00,0
2019-04-24 09:00:00,WIND,600702,1,HCM,1,18974,1011,90,13,90,22,836,6,6,6,6,6,NA,NA,NA,NA,2019-04-24 11:01:00,0
2019-04-24 10:00:00,WIND,600702,1,HCM,1,18974,1011,80,18,100,30,858,6,6,6,6,6,NA,NA,NA,NA,2019-04-24 11:03:00,0
2019-04-24 11:00:00,WIND,600702,1,HCM,1,18974,1011,90,16,110,24,1031,6,6,6,6,6,NA,NA,NA,NA,2019-04-24 11:05:00,0
2019-04-24 12:00:00,WIND,600702,1,HCM,1,18974,1011,100,19,90,29,1120,6,6,6,6,6,NA,NA,NA,NA,2019-04-24 11:51:00,0
2019-04-24 13:00:00,WIND,600702,1,HCM,1,18974,1011,90,19,100,27,1239,6,6,6,6,6,NA,NA,NA,NA,2019-04-24 12:51:00,0
2019-04-24 14:00:00,WIND,600702,1,HCM,1,18974,1011,100,17,110,23,1342,6,6,6,6,6,NA,NA,NA,NA,2019-04-24 13:51:00,0
2019-04-24 15:00:00,WIND,600702,1,HCM,1,18974,1011,100,18,110,26,1419,6,6,6,6,6,NA,NA,NA,NA,2019-04-24 14:51:00,0
2019-04-24 16:00:00,WIND,600702,1,HCM,1,18974,1011,100,17,100,23,1528,6,6,6,6,6,NA,NA,NA,NA,2019-04-24 15:51:00,0
2019-04-24 17:00:00,WIND,600702,1,HCM,1,18974,1011,110,16,110,22,1612,6,6,6,6,6,NA,NA,NA,NA,2019-04-24 16:52:00,0
2019-04-24 18:00:00,WIND,600702,1,HCM,1,18974,1011,100,17,110,23,1659,6,6,6,6,6,NA,NA,NA,NA,2019-04-24 17:57:00,0
2019-04-24 19:00:00,WIND,600702,1,HCM,1,18974,1011,70,11,70,19,1826,6,6,6,6,6,NA,NA,NA,NA,2019-04-24 18:51:00,0
2019-04-24 20:00:00,WIND,600702,1,HCM,1,18974,1011,80,12,80,20,1926,6,6,6,6,6,NA,NA,NA,NA,2019-04-24 19:57:00,0
2019-04-24 21:00:00,WIND,600702,1,HCM,1,18974,1011,90,16,90,23,2023,6,6,6,6,6,NA,NA,NA,NA,2019-04-25 00:32:00,29
2019-04-24 22:00:00,WIND,600702,1,HCM,1,18974,1011,70,12,90,19,2052,6,6,6,6,6,NA,NA,NA,NA,2019-04-25 00:32:00,29
2019-04-24 23:00:00,WIND,600702,1,HCM,1,18974,1011,70,15,90,24,2235,6,6,6,6,6,NA,NA,NA,NA,2019-04-25 00:34:00,27
2019-04-25 00:00:00,WIND,600702,1,HCM,1,18974,1011,80,11,100,17,2332,6,6,6,6,6,NA,NA,NA,NA,2019-04-25 00:34:00,0
2019-04-25 01:00:00,WIND,600702,1,HCM,1,18974,1011,120,19,130,34,38,6,6,6,6,6,NA,NA,NA,NA,2019-04-25 02:42:00,0
2019-04-25 02:00:00,WIND,600702,1,HCM,1,18974,1011,120,26,120,32,115,6,6,6,6,6,NA,NA,NA,NA,2019-04-25 02:42:00,0
2019-04-25 03:00:00,WIND,600702,1,HCM,1,18974,1011,130,22,120,30,153,6,6,6,6,6,NA,NA,NA,NA,2019-04-25 02:51:00,0
2019-04-25 04:00:00,WIND,600702,1,HCM,1,18974,1011,130,20,130,26,308,6,6,6,6,6,NA,NA,NA,NA,2019-04-25 03:51:00,0
2019-04-25 05:00:00,WIND,600702,1,HCM,1,18974,1011,130,17,140,23,445,6,6,6,6,6,NA,NA,NA,NA,2019-04-25 04:51:00,0
2019-04-25 06:00:00,WIND,600702,1,HCM,1,18974,1011,140,17,140,22,504,6,6,6,6,6,NA,NA,NA,NA,2019-04-25 05:51:00,0
2019-04-25 07:00:00,WIND,600702,1,HCM,1,18974,1011,140,17,140,23,626,6,6,6,6,6,NA,NA,NA,NA,2019-04-25 06:51:00,0
2019-04-25 08:00:00,WIND,600702,1,HCM,1,18974,1011,140,18,140,23,714,6,6,6,6,6,NA,NA,NA,NA,2019-04-25 07:51:00,0
2019-04-25 09:00:00,WIND,600702,1,HCM,1,18974,1011,140,16,140,23,801,6,6,6,6,6,NA,NA,NA,NA,2019-04-25 08:53:00,0
2019-04-25 10:00:00,WIND,600702,1,HCM,1,18974,1011,140,16,130,21,944,6,6,6,6,6,NA,NA,NA,NA,2019-04-25 09:51:00,0
2019-04-25 11:00:00,WIND,600702,1,HCM,1,18974,1011,130,16,130,20,952,6,6,6,6,6,NA,NA,NA,NA,2019-04-25 10:51:00,0
2019-04-25 12:00:00,WIND,600702,1,HCM,1,18974,1011,130,16,140,21,1102,6,6,6,6,6,NA,NA,NA,NA,2019-04-25 11:51:00,0
2019-04-25 13:00:00,WIND,600702,1,HCM,1,18974,1011,130,14,130,20,1200,6,6,6,6,6,NA,NA,NA,NA,2019-04-25 12:51:00,0
2019-04-25 14:00:00,WIND,600702,1,HCM,1,18974,1011,130,13,120,19,1256,6,6,6,6,6,NA,NA,NA,NA,2019-04-25 13:51:00,0
2019-04-25 15:00:00,WIND,600702,1,HCM,1,18974,1011,130,9,130,14,1350,6,6,6,6,6,NA,NA,NA,NA,2019-04-25 14:51:00,0
2019-04-25 16:00:00,WIND,600702,1,HCM,1,18974,1011,120,11,120,27,1543,6,6,6,6,6,NA,NA,NA,NA,2019-04-25 15:51:00,0
2019-04-25 17:00:00,WIND,600702,1,HCM,1,18974,1011,120,13,130,26,1551,6,6,6,6,6,NA,NA,NA,NA,2019-04-25 16:51:00,0
2019-04-25 18:00:00,WIND,600702,1,HCM,1,18974,1011,110,6,120,9,1658,6,6,6,6,6,NA,NA,NA,NA,2019-04-25 17:51:00,0
2019-04-25 19:00:00,WIND,600702,1,HCM,1,18974,1011,90,5,70,6,1835,6,6,6,6,6,NA,NA,NA,NA,2019-04-25 18:51:00,0
2019-04-25 20:00:00,WIND,600702,1,HCM,1,18974,1011,90,8,100,13,1930,6,6,6,6,6,NA,NA,NA,NA,2019-04-25 19:51:00,0
2019-04-25 21:00:00,WIND,600702,1,HCM,1,18974,1011,100,9,110,14,2000,6,6,6,6,6,NA,NA,NA,NA,2019-04-25 20:55:00,0
2019-04-25 22:00:00,WIND,600702,1,HCM,1,18974,1011,110,11,110,19,2132,6,6,6,6,6,NA,NA,NA,NA,2019-04-25 21:51:00,0
2019-04-25 23:00:00,WIND,600702,1,HCM,1,18974,1011,120,16,120,25,2205,6,6,6,6,6,NA,NA,NA,NA,2019-04-25 22:51:00,0
2019-04-26 00:00:00,WIND,600702,1,HCM,1,18974,1011,120,16,120,23,2253,6,6,6,6,6,NA,NA,NA,NA,2019-04-25 23:51:00,0
2019-04-26 01:00:00,WIND,600702,1,HCM,1,18974,1011,120,15,120,20,31,6,6,6,6,6,NA,NA,NA,NA,2019-04-26 01:04:00,0
2019-04-26 02:00:00,WIND,600702,1,HCM,1,18974,1011,120,15,130,19,140,6,6,6,6,6,NA,NA,NA,NA,2019-04-26 01:51:00,0
2019-04-26 03:00:00,WIND,600702,1,HCM,1,18974,1011,130,15,130,20,248,6,6,6,6,6,NA,NA,NA,NA,2019-04-26 02:51:00,0
2019-04-26 04:00:00,WIND,600702,1,HCM,1,18974,1011,120,16,120,22,308,6,6,6,6,6,NA,NA,NA,NA,2019-04-26 03:51:00,0
2019-04-26 05:00:00,WIND,600702,1,HCM,1,18974,1011,120,16,120,20,438,6,6,6,6,6,NA,NA,NA,NA,2019-04-26 04:51:00,0
2019-04-26 06:00:00,WIND,600702,1,HCM,1,18974,1011,130,16,130,21,541,6,6,6,6,6,NA,NA,NA,NA,2019-04-26 05:51:00,0
2019-04-26 07:00:00,WIND,600702,1,HCM,1,18974,1011,130,16,140,22,642,6,6,6,6,6,NA,NA,NA,NA,2019-04-26 06:51:00,0
2019-04-26 08:00:00,WIND,600702,1,HCM,1,18974,1011,140,16,150,22,749,6,6,6,6,6,NA,NA,NA,NA,2019-04-26 07:51:00,0
2019-04-26 09:00:00,WIND,600702,1,HCM,1,18974,1011,150,18,160,25,814,6,6,6,6,6,NA,NA,NA,NA,2019-04-26 08:54:00,0
2019-04-26 10:00:00,WIND,600702,1,HCM,1,18974,1011,150,18,150,23,925,6,6,6,6,6,NA,NA,NA,NA,2019-04-26 11:00:00,0
2019-04-26 11:00:00,WIND,600702,1,HCM,1,18974,1011,160,17,160,23,1005,6,6,6,6,6,NA,NA,NA,NA,2019-04-26 11:00:00,0
2019-04-26 12:00:00,WIND,600702,1,HCM,1,18974,1011,150,17,150,23,1106,6,6,6,6,6,NA,NA,NA,NA,2019-04-26 11:51:00,0
2019-04-26 13:00:00,WIND,600702,1,HCM,1,18974,1011,150,16,150,23,1245,6,6,6,6,6,NA,NA,NA,NA,2019-04-26 12:51:00,0
2019-04-26 14:00:00,WIND,600702,1,HCM,1,18974,1011,150,20,150,27,1301,6,6,6,6,6,NA,NA,NA,NA,2019-04-26 13:52:00,0
2019-04-26 15:00:00,WIND,600702,1,HCM,1,18974,1011,190,14,170,25,1350,6,6,6,6,6,NA,NA,NA,NA,2019-04-26 16:14:00,0
2019-04-26 16:00:00,WIND,600702,1,HCM,1,18974,1011,200,10,200,16,1513,6,6,6,6,6,NA,NA,NA,NA,2019-04-26 16:14:00,0
2019-04-26 17:00:00,WIND,600702,1,HCM,1,18974,1011,200,9,210,17,1610,6,6,6,6,6,NA,NA,NA,NA,2019-04-26 19:53:00,0
2019-04-26 18:00:00,WIND,600702,1,HCM,1,18974,1011,180,8,170,10,1719,6,6,6,6,6,NA,NA,NA,NA,2019-04-26 19:55:00,0
2019-04-26 19:00:00,WIND,600702,1,HCM,1,18974,1011,130,9,120,15,1845,6,6,6,6,6,NA,NA,NA,NA,2019-04-26 19:55:00,0
2019-04-26 20:00:00,WIND,600702,1,HCM,1,18974,1011,110,12,100,15,1943,6,6,6,6,6,NA,NA,NA,NA,2019-04-26 20:08:00,0
2019-04-26 21:00:00,WIND,600702,1,HCM,1,18974,1011,100,13,100,18,2023,6,6,6,6,6,NA,NA,NA,NA,2019-04-26 21:57:00,0
2019-04-26 22:00:00,WIND,600702,1,HCM,1,18974,1011,130,14,140,21,2130,6,6,6,6,6,NA,NA,NA,NA,2019-04-26 21:58:00,0
2019-04-26 23:00:00,WIND,600702,1,HCM,1,18974,1011,130,13,130,19,2248,6,6,6,6,6,NA,NA,NA,NA,2019-04-27 01:50:00,0
2019-04-27 00:00:00,WIND,600702,1,HCM,1,18974,1011,100,12,130,19,2250,6,6,6,6,6,NA,NA,NA,NA,2019-04-27 03:39:00,0
2019-04-27 01:00:00,WIND,600702,1,HCM,1,18974,1011,90,12,100,18,2353,6,6,6,6,6,NA,NA,NA,NA,2019-04-27 05:35:00,0
2019-04-27 02:00:00,WIND,600702,1,HCM,1,18974,1011,80,10,100,15,130,6,6,6,6,6,NA,NA,NA,NA,2019-04-27 05:37:00,0
2019-04-27 03:00:00,WIND,600702,1,HCM,1,18974,1011,90,8,110,13,151,6,6,6,6,6,NA,NA,NA,NA,2019-04-27 05:51:00,0
2019-04-27 04:00:00,WIND,600702,1,HCM,1,18974,1011,90,7,100,10,330,6,6,6,6,6,NA,NA,NA,NA,2019-04-27 05:52:00,0
2019-04-27 05:00:00,WIND,600702,1,HCM,1,18974,1011,110,6,100,9,358,6,6,6,6,6,NA,NA,NA,NA,2019-04-27 05:52:00,0
2019-04-27 06:00:00,WIND,600702,1,HCM,1,18974,1011,130,5,150,8,541,6,6,6,6,6,NA,NA,NA,NA,2019-04-27 05:53:00,0
2019-04-27 07:00:00,WIND,600702,1,HCM,1,18974,1011,140,6,140,8,559,6,6,6,6,6,NA,NA,NA,NA,2019-04-27 13:11:00,0
2019-04-27 08:00:00,WIND,600702,1,HCM,1,18974,1011,150,6,160,8,723,6,6,6,6,6,NA,NA,NA,NA,2019-04-27 14:29:00,0
2019-04-27 09:00:00,WIND,600702,1,HCM,1,18974,1011,200,5,180,9,758,6,6,6,6,6,NA,NA,NA,NA,2019-04-27 16:13:00,0
2019-04-27 10:00:00,WIND,600702,1,HCM,1,18974,1011,270,6,270,11,938,6,6,6,6,6,NA,NA,NA,NA,2019-04-27 16:13:00,0
2019-04-27 11:00:00,WIND,600702,1,HCM,1,18974,1011,290,11,280,15,1035,6,6,6,6,6,NA,NA,NA,NA,2019-04-27 23:44:00,0
2019-04-27 12:00:00,WIND,600702,1,HCM,1,18974,1011,290,13,300,25,1147,6,6,6,6,6,NA,NA,NA,NA,2019-04-27 23:46:00,0
2019-04-27 13:00:00,WIND,600702,1,HCM,1,18974,1011,300,20,300,27,1151,6,6,6,6,6,NA,NA,NA,NA,2019-04-27 23:46:00,0
2019-04-27 14:00:00,WIND,600702,1,HCM,1,18974,1011,290,20,300,27,1306,6,6,6,6,6,NA,NA,NA,NA,2019-04-27 23:47:00,0
2019-04-27 15:00:00,WIND,600702,1,HCM,1,18974,1011,280,18,290,27,1437,6,6,6,6,6,NA,NA,NA,NA,2019-04-27 23:47:00,0
2019-04-27 16:00:00,WIND,600702,1,HCM,1,18974,1011,280,18,290,25,1500,6,6,6,6,6,NA,NA,NA,NA,2019-04-27 23:47:00,0
2019-04-27 17:00:00,WIND,600702,1,HCM,1,18974,1011,300,12,290,22,1600,6,6,6,6,6,NA,NA,NA,NA,2019-04-27 23:53:00,0
2019-04-27 18:00:00,WIND,600702,1,HCM,1,18974,1011,320,13,320,19,1747,6,6,6,6,6,NA,NA,NA,NA,2019-04-27 23:54:00,0
2019-04-27 19:00:00,WIND,600702,1,HCM,1,18974,1011,310,17,300,27,1847,6,6,6,6,6,NA,NA,NA,NA,2019-04-27 23:56:00,0
2019-04-27 20:00:00,WIND,600702,1,HCM,1,18974,1011,300,22,300,31,1913,6,6,6,6,6,NA,NA,NA,NA,2019-04-28 01:33:00,0
2019-04-27 21:00:00,WIND,600702,1,HCM,1,18974,1011,310,21,300,29,1950,6,6,6,6,6,NA,NA,NA,NA,2019-04-28 01:35:00,0
2019-04-27 22:00:00,WIND,600702,1,HCM,1,18974,1011,310,19,300,25,2106,6,6,6,6,6,NA,NA,NA,NA,2019-04-28 01:35:00,0
2019-04-27 23:00:00,WIND,600702,1,HCM,1,18974,1011,310,17,300,24,2159,6,6,6,6,6,NA,NA,NA,NA,2019-04-28 01:35:00,0
2019-04-28 00:00:00,WIND,600702,1,HCM,1,18974,1011,310,15,310,20,2252,6,6,6,6,6,NA,NA,NA,NA,2019-04-28 01:36:00,0
2019-04-28 01:00:00,WIND,600702,1,HCM,1,18974,1011,310,13,310,18,2354,6,6,6,6,6,NA,NA,NA,NA,2019-04-28 01:36:00,0
2019-04-28 02:00:00,WIND,600702,1,HCM,1,18974,1011,310,11,310,16,54,6,6,6,6,6,NA,NA,NA,NA,2019-04-28 01:52:00,0
2019-04-28 03:00:00,WIND,600702,1,HCM,1,18974,1011,310,9,310,13,207,6,6,6,6,6,NA,NA,NA,NA,2019-04-28 02:51:00,0
2019-04-28 04:00:00,WIND,600702,1,HCM,1,18974,1011,310,6,310,9,255,6,6,6,6,6,NA,NA,NA,NA,2019-04-28 03:51:00,0
2019-04-28 05:00:00,WIND,600702,1,HCM,1,18974,1011,300,4,310,5,355,6,6,6,6,6,NA,NA,NA,NA,2019-04-28 04:51:00,0
2019-04-28 06:00:00,WIND,600702,1,HCM,1,18974,1011,290,4,280,5,505,6,6,6,6,6,NA,NA,NA,NA,2019-04-28 05:51:00,0
2019-04-28 07:00:00,WIND,600702,1,HCM,1,18974,1011,260,3,260,4,626,6,6,6,6,6,NA,NA,NA,NA,2019-04-28 06:51:00,0
2019-04-28 08:00:00,WIND,600702,1,HCM,1,18974,1011,170,3,190,7,738,6,6,6,6,6,NA,NA,NA,NA,2019-04-28 07:53:00,0
2019-04-28 09:00:00,WIND,600702,1,HCM,1,18974,1011,150,6,150,9,842,6,6,6,6,6,NA,NA,NA,NA,2019-04-28 08:54:00,0
2019-04-28 10:00:00,WIND,600702,1,HCM,1,18974,1011,160,8,150,11,946,6,6,6,6,6,NA,NA,NA,NA,2019-04-28 09:52:00,0
2019-04-28 11:00:00,WIND,600702,1,HCM,1,18974,1011,160,10,170,13,1044,6,6,6,6,6,NA,NA,NA,NA,2019-04-28 10:52:00,0
2019-04-28 12:00:00,WIND,600702,1,HCM,1,18974,1011,170,11,170,15,1139,6,6,6,6,6,NA,NA,NA,NA,2019-04-28 11:53:00,0
2019-04-28 13:00:00,WIND,600702,1,HCM,1,18974,1011,170,12,170,15,1227,6,6,6,6,6,NA,NA,NA,NA,2019-04-28 12:52:00,0
2019-04-28 14:00:00,WIND,600702,1,HCM,1,18974,1011,170,12,170,17,1300,6,6,6,6,6,NA,NA,NA,NA,2019-04-28 13:52:00,0
2019-04-28 15:00:00,WIND,600702,1,HCM,1,18974,1011,160,14,160,19,1442,6,6,6,6,6,NA,NA,NA,NA,2019-04-28 16:24:00,0
2019-04-28 16:00:00,WIND,600702,1,HCM,1,18974,1011,160,15,160,19,1525,6,6,6,6,6,NA,NA,NA,NA,2019-04-28 16:26:00,0
2019-04-28 17:00:00,WIND,600702,1,HCM,1,18974,1011,160,14,160,20,1613,6,6,6,6,6,NA,NA,NA,NA,2019-04-28 18:11:00,0
2019-04-28 18:00:00,WIND,600702,1,HCM,1,18974,1011,160,14,150,18,1728,6,6,6,6,6,NA,NA,NA,NA,2019-04-28 18:12:00,0
2019-04-28 19:00:00,WIND,600702,1,HCM,1,18974,1011,160,12,160,17,1752,6,6,6,6,6,NA,NA,NA,NA,2019-04-28 18:51:00,0
2019-04-28 20:00:00,WIND,600702,1,HCM,1,18974,1011,160,14,160,19,1921,6,6,6,6,6,NA,NA,NA,NA,2019-04-28 21:42:00,0
2019-04-28 21:00:00,WIND,600702,1,HCM,1,18974,1011,150,13,160,19,2000,6,6,6,6,6,NA,NA,NA,NA,2019-04-28 21:44:00,0
2019-04-28 22:00:00,WIND,600702,1,HCM,1,18974,1011,140,12,140,16,2054,6,6,6,6,6,NA,NA,NA,NA,2019-04-28 22:49:00,0
2019-04-28 23:00:00,WIND,600702,1,HCM,1,18974,1011,140,14,140,20,2215,6,6,6,6,6,NA,NA,NA,NA,2019-04-28 22:53:00,0
2019-04-29 00:00:00,WIND,600702,1,HCM,1,18974,1011,130,16,130,21,2340,6,6,6,6,6,NA,NA,NA,NA,2019-04-28 23:51:00,0
2019-04-29 01:00:00,WIND,600702,1,HCM,1,18974,1011,130,16,130,21,30,6,6,6,6,6,NA,NA,NA,NA,2019-04-29 02:16:00,0
2019-04-29 02:00:00,WIND,600702,1,HCM,1,18974,1011,140,17,140,22,104,6,6,6,6,6,NA,NA,NA,NA,2019-04-29 02:18:00,0
2019-04-29 03:00:00,WIND,600702,1,HCM,1,18974,1011,130,16,130,21,153,6,6,6,6,6,NA,NA,NA,NA,2019-04-29 04:58:00,0
2019-04-29 04:00:00,WIND,600702,1,HCM,1,18974,1011,140,15,140,20,313,6,6,6,6,6,NA,NA,NA,NA,2019-04-29 04:59:00,0
2019-04-29 05:00:00,WIND,600702,1,HCM,1,18974,1011,140,14,140,19,425,6,6,6,6,6,NA,NA,NA,NA,2019-04-29 04:59:00,0
2019-04-29 06:00:00,WIND,600702,1,HCM,1,18974,1011,140,14,140,19,500,6,6,6,6,6,NA,NA,NA,NA,2019-04-29 05:53:00,0
2019-04-29 07:00:00,WIND,600702,1,HCM,1,18974,1011,140,15,140,21,643,6,6,6,6,6,NA,NA,NA,NA,2019-04-29 07:33:00,0
2019-04-29 08:00:00,WIND,600702,1,HCM,1,18974,1011,140,16,140,22,704,6,6,6,6,6,NA,NA,NA,NA,2019-04-29 09:28:00,0
2019-04-29 09:00:00,WIND,600702,1,HCM,1,18974,1011,140,17,140,22,812,6,6,6,6,6,NA,NA,NA,NA,2019-04-29 09:30:00,0
2019-04-29 10:00:00,WIND,600702,1,HCM,1,18974,1011,140,17,140,22,857,6,6,6,6,6,NA,NA,NA,NA,2019-04-29 09:51:00,0
2019-04-29 11:00:00,WIND,600702,1,HCM,1,18974,1011,130,15,130,20,1015,6,6,6,6,6,NA,NA,NA,NA,2019-04-29 10:51:00,0
2019-04-29 12:00:00,WIND,600702,1,HCM,1,18974,1011,130,16,130,21,1121,6,6,6,6,6,NA,NA,NA,NA,2019-04-29 12:40:00,0
2019-04-29 13:00:00,WIND,600702,1,HCM,1,18974,1011,140,14,130,18,1241,6,6,6,6,6,NA,NA,NA,NA,2019-04-29 12:51:00,0
2019-04-29 14:00:00,WIND,600702,1,HCM,1,18974,1011,140,15,140,21,1320,6,6,6,6,6,NA,NA,NA,NA,2019-04-29 13:54:00,0
2019-04-29 15:00:00,WIND,600702,1,HCM,1,18974,1011,150,13,150,18,1354,6,6,6,6,6,NA,NA,NA,NA,2019-04-29 14:51:00,0
2019-04-29 16:00:00,WIND,600702,1,HCM,1,18974,1011,150,11,150,18,1524,6,6,6,6,6,NA,NA,NA,NA,2019-04-29 15:52:00,0
2019-04-29 17:00:00,WIND,600702,1,HCM,1,18974,1011,150,13,150,18,1605,6,6,6,6,6,NA,NA,NA,NA,2019-04-29 16:51:00,0
2019-04-29 18:00:00,WIND,600702,1,HCM,1,18974,1011,150,12,140,18,1741,6,6,6,6,6,NA,NA,NA,NA,2019-04-29 17:51:00,0
2019-04-29 19:00:00,WIND,600702,1,HCM,1,18974,1011,130,11,140,15,1751,6,6,6,6,6,NA,NA,NA,NA,2019-04-29 18:51:00,0
2019-04-29 20:00:00,WIND,600702,1,HCM,1,18974,1011,130,8,130,12,1943,6,6,6,6,6,NA,NA,NA,NA,2019-04-29 19:51:00,0
2019-04-29 21:00:00,WIND,600702,1,HCM,1,18974,1011,130,14,130,20,2039,6,6,6,6,6,NA,NA,NA,NA,2019-04-29 20:56:00,0
2019-04-29 22:00:00,WIND,600702,1,HCM,1,18974,1011,110,13,120,22,2101,6,6,6,6,6,NA,NA,NA,NA,2019-04-29 23:30:00,0
2019-04-29 23:00:00,WIND,600702,1,HCM,1,18974,1011,110,13,130,20,2227,6,6,6,6,6,NA,NA,NA,NA,2019-04-29 23:33:00,0
2019-04-30 00:00:00,WIND,600702,1,HCM,1,18974,1011,120,14,120,20,2259,6,6,6,6,6,NA,NA,NA,NA,2019-04-30 00:15:00,0
2019-04-30 01:00:00,WIND,600702,1,HCM,1,18974,1011,120,14,120,18,27,6,6,6,6,6,NA,NA,NA,NA,2019-04-30 00:54:00,0
2019-04-30 02:00:00,WIND,600702,1,HCM,1,18974,1011,120,13,120,18,140,6,6,6,6,6,NA,NA,NA,NA,2019-04-30 02:04:00,0
2019-04-30 03:00:00,WIND,600702,1,HCM,1,18974,1011,130,16,130,21,242,6,6,6,6,6,NA,NA,NA,NA,2019-04-30 02:51:00,0
2019-04-30 04:00:00,WIND,600702,1,HCM,1,18974,1011,130,19,130,25,339,6,6,6,6,6,NA,NA,NA,NA,2019-04-30 03:51:00,0
2019-04-30 05:00:00,WIND,600702,1,HCM,1,18974,1011,130,20,130,27,423,6,6,6,6,6,NA,NA,NA,NA,2019-04-30 04:51:00,0
2019-04-30 06:00:00,WIND,600702,1,HCM,1,18974,1011,130,20,130,26,505,6,6,6,6,6,NA,NA,NA,NA,2019-04-30 05:51:00,0
2019-04-30 07:00:00,WIND,600702,1,HCM,1,18974,1011,130,20,130,27,649,6,6,6,6,6,NA,NA,NA,NA,2019-04-30 06:51:00,0
2019-04-30 08:00:00,WIND,600702,1,HCM,1,18974,1011,130,21,130,27,704,6,6,6,6,6,NA,NA,NA,NA,2019-04-30 07:52:00,0
2019-04-30 09:00:00,WIND,600702,1,HCM,1,18974,1011,130,21,130,28,845,6,6,6,6,6,NA,NA,NA,NA,2019-04-30 08:54:00,0
2019-04-30 10:00:00,WIND,600702,1,HCM,1,18974,1011,130,21,130,27,850,6,6,6,6,6,NA,NA,NA,NA,2019-04-30 09:52:00,0
2019-04-30 11:00:00,WIND,600702,1,HCM,1,18974,1011,130,20,140,28,1041,6,6,6,6,6,NA,NA,NA,NA,2019-04-30 10:52:00,0
2019-04-30 12:00:00,WIND,600702,1,HCM,1,18974,1011,140,23,140,30,1110,6,6,6,6,6,NA,NA,NA,NA,2019-04-30 11:52:00,0
2019-04-30 13:00:00,WIND,600702,1,HCM,1,18974,1011,140,21,130,27,1201,6,6,6,6,6,NA,NA,NA,NA,2019-04-30 12:51:00,0
2019-04-30 14:00:00,WIND,600702,1,HCM,1,18974,1011,140,20,140,26,1303,6,6,6,6,6,NA,NA,NA,NA,2019-04-30 13:51:00,0
2019-04-30 15:00:00,WIND,600702,1,HCM,1,18974,1011,150,17,160,25,1414,6,6,6,6,6,NA,NA,NA,NA,2019-04-30 14:51:00,0
2019-04-30 16:00:00,WIND,600702,1,HCM,1,18974,1011,150,9,150,16,1450,6,6,6,6,6,NA,NA,NA,NA,2019-04-30 15:51:00,0
2019-04-30 17:00:00,WIND,600702,1,HCM,1,18974,1011,150,7,160,10,1558,6,6,6,6,6,NA,NA,NA,NA,2019-04-30 16:51:00,0
2019-04-30 18:00:00,WIND,600702,1,HCM,1,18974,1011,130,8,130,11,1732,6,6,6,6,6,NA,NA,NA,NA,2019-04-30 17:51:00,0
2019-04-30 19:00:00,WIND,600702,1,HCM,1,18974,1011,140,7,140,9,1809,6,6,6,6,6,NA,NA,NA,NA,2019-04-30 18:51:00,0
2019-04-30 20:00:00,WIND,600702,1,HCM,1,18974,1011,120,6,130,7,1913,6,6,6,6,6,NA,NA,NA,NA,2019-04-30 19:51:00,0
2019-04-30 21:00:00,WIND,600702,1,HCM,1,18974,1011,120,7,120,10,2032,6,6,6,6,6,NA,NA,NA,NA,2019-04-30 20:55:00,0
2019-04-30 22:00:00,WIND,600702,1,HCM,1,18974,1011,130,9,140,11,2145,6,6,6,6,6,NA,NA,NA,NA,2019-04-30 21:51:00,0
2019-04-30 23:00:00,WIND,600702,1,HCM,1,18974,1011,140,8,140,11,2151,6,6,6,6,6,NA,NA,NA,NA,2019-04-30 22:51:00,0
2019-05-01 00:00:00,WIND,600702,1,HCM,1,18974,1011,180,5,160,9,2252,6,6,6,6,6,NA,NA,NA,NA,2019-04-30 23:51:00,0
2019-05-01 01:00:00,WIND,600702,1,HCM,1,18974,1011,90,2,80,5,49,6,6,6,6,6,NA,NA,NA,NA,2019-05-01 00:51:00,0
2019-05-01 02:00:00,WIND,600702,1,HCM,1,18974,1011,140,4,120,6,134,6,6,6,6,6,NA,NA,NA,NA,2019-05-01 01:51:00,0
2019-05-01 03:00:00,WIND,600702,1,HCM,1,18974,1011,200,5,170,6,156,6,6,6,6,6,NA,NA,NA,NA,2019-05-01 02:51:00,0
2019-05-01 04:00:00,WIND,600702,1,HCM,1,18974,1011,220,4,220,8,315,6,6,6,6,6,NA,NA,NA,NA,2019-05-01 03:51:00,0
2019-05-01 05:00:00,WIND,600702,1,HCM,1,18974,1011,200,3,210,5,442,6,6,6,6,6,NA,NA,NA,NA,2019-05-01 04:51:00,0
2019-05-01 06:00:00,WIND,600702,1,HCM,1,18974,1011,180,4,150,8,544,6,6,6,6,6,NA,NA,NA,NA,2019-05-01 05:51:00,0
2019-05-01 07:00:00,WIND,600702,1,HCM,1,18974,1011,160,4,160,8,559,6,6,6,6,6,NA,NA,NA,NA,2019-05-01 06:51:00,0
2019-05-01 08:00:00,WIND,600702,1,HCM,1,18974,1011,170,4,170,7,749,6,6,6,6,6,NA,NA,NA,NA,2019-05-01 07:52:00,0
2019-05-01 09:00:00,WIND,600702,1,HCM,1,18974,1011,170,7,170,11,842,6,6,6,6,6,NA,NA,NA,NA,2019-05-01 08:55:00,0
2019-05-01 10:00:00,WIND,600702,1,HCM,1,18974,1011,170,9,180,13,942,6,6,6,6,6,NA,NA,NA,NA,2019-05-01 09:52:00,0
2019-05-01 11:00:00,WIND,600702,1,HCM,1,18974,1011,160,8,170,12,954,6,6,6,6,6,NA,NA,NA,NA,2019-05-01 10:51:00,0
2019-05-01 12:00:00,WIND,600702,1,HCM,1,18974,1011,150,8,140,11,1055,6,6,6,6,6,NA,NA,NA,NA,2019-05-01 11:51:00,0
2019-05-01 13:00:00,WIND,600702,1,HCM,1,18974,1011,160,9,180,12,1236,6,6,6,6,6,NA,NA,NA,NA,2019-05-01 12:55:00,0
2019-05-01 14:00:00,WIND,600702,1,HCM,1,18974,1011,150,8,160,12,1339,6,6,6,6,6,NA,NA,NA,NA,2019-05-01 13:52:00,0
2019-05-01 15:00:00,WIND,600702,1,HCM,1,18974,1011,170,9,180,12,1435,6,6,6,6,6,NA,NA,NA,NA,2019-05-01 14:51:00,0
2019-05-01 16:00:00,WIND,600702,1,HCM,1,18974,1011,160,8,170,12,1450,6,6,6,6,6,NA,NA,NA,NA,2019-05-01 15:52:00,0
2019-05-01 17:00:00,WIND,600702,1,HCM,1,18974,1011,160,7,170,10,1557,6,6,6,6,6,NA,NA,NA,NA,2019-05-01 16:51:00,0
2019-05-01 18:00:00,WIND,600702,1,HCM,1,18974,1011,160,5,160,7,1653,6,6,6,6,6,NA,NA,NA,NA,2019-05-01 17:51:00,0
2019-05-01 19:00:00,WIND,600702,1,HCM,1,18974,1011,150,5,130,7,1750,6,6,6,6,6,NA,NA,NA,NA,2019-05-01 18:51:00,0
2019-05-01 20:00:00,WIND,600702,1,HCM,1,18974,1011,150,6,140,7,1858,6,6,6,6,6,NA,NA,NA,NA,2019-05-01 19:51:00,0
2019-05-01 21:00:00,WIND,600702,1,HCM,1,18974,1011,140,5,140,7,1953,6,6,6,6,6,NA,NA,NA,NA,2019-05-01 20:53:00,0
2019-05-01 22:00:00,WIND,600702,1,HCM,1,18974,1011,130,3,130,5,2104,6,6,6,6,6,NA,NA,NA,NA,2019-05-01 21:51:00,0
2019-05-01 23:00:00,WIND,600702,1,HCM,1,18974,1011,150,3,150,5,2249,6,6,6,6,6,NA,NA,NA,NA,2019-05-01 22:51:00,0
2019-05-02 00:00:00,WIND,600702,1,HCM,1,18974,1011,160,5,170,7,2305,6,6,6,6,6,NA,NA,NA,NA,2019-05-01 23:51:00,0
2019-05-02 01:00:00,WIND,600702,1,HCM,1,18974,1011,190,7,180,13,47,6,6,6,6,6,NA,NA,NA,NA,2019-05-02 00:51:00,0
2019-05-02 02:00:00,WIND,600702,1,HCM,1,18974,1011,170,5,180,11,50,6,6,6,6,6,NA,NA,NA,NA,2019-05-02 01:51:00,0
2019-05-02 03:00:00,WIND,600702,1,HCM,1,18974,1011,160,5,160,7,238,6,6,6,6,6,NA,NA,NA,NA,2019-05-02 02:51:00,0
2019-05-02 04:00:00,WIND,600702,1,HCM,1,18974,1011,130,4,140,5,259,6,6,6,6,6,NA,NA,NA,NA,2019-05-02 03:51:00,0
2019-05-02 05:00:00,WIND,600702,1,HCM,1,18974,1011,160,4,160,6,357,6,6,6,6,6,NA,NA,NA,NA,2019-05-02 04:51:00,0
2019-05-02 06:00:00,WIND,600702,1,HCM,1,18974,1011,230,1,80,5,548,6,6,6,6,6,NA,NA,NA,NA,2019-05-02 05:51:00,0
2019-05-02 07:00:00,WIND,600702,1,HCM,1,18974,1011,90,5,80,7,607,6,6,6,6,6,NA,NA,NA,NA,2019-05-02 06:51:00,0
2019-05-02 08:00:00,WIND,600702,1,HCM,1,18974,1011,90,4,90,7,658,6,6,6,6,6,NA,NA,NA,NA,2019-05-02 07:52:00,0
2019-05-02 09:00:00,WIND,600702,1,HCM,1,18974,1011,130,4,360,8,849,6,6,6,6,6,NA,NA,NA,NA,2019-05-02 08:55:00,0
2019-05-02 10:00:00,WIND,600702,1,HCM,1,18974,1011,360,7,10,11,903,6,6,6,6,6,NA,NA,NA,NA,2019-05-02 09:51:00,0
2019-05-02 11:00:00,WIND,600702,1,HCM,1,18974,1011,10,8,360,11,1000,6,6,6,6,6,NA,NA,NA,NA,2019-05-02 10:51:00,0
2019-05-02 12:00:00,WIND,600702,1,HCM,1,18974,1011,360,7,350,12,1147,6,6,6,6,6,NA,NA,NA,NA,2019-05-02 11:51:00,0
2019-05-02 13:00:00,WIND,600702,1,HCM,1,18974,1011,350,10,360,15,1240,6,6,6,6,6,NA,NA,NA,NA,2019-05-02 12:51:00,0
2019-05-02 14:00:00,WIND,600702,1,HCM,1,18974,1011,360,11,10,17,1349,6,6,6,6,6,NA,NA,NA,NA,2019-05-02 13:51:00,0
2019-05-02 15:00:00,WIND,600702,1,HCM,1,18974,1011,10,16,20,21,1443,6,6,6,6,6,NA,NA,NA,NA,2019-05-02 14:51:00,0
2019-05-02 16:00:00,WIND,600702,1,HCM,1,18974,1011,10,16,10,21,1544,6,6,6,6,6,NA,NA,NA,NA,2019-05-02 15:51:00,0
2019-05-02 17:00:00,WIND,600702,1,HCM,1,18974,1011,10,18,10,24,1638,6,6,6,6,6,NA,NA,NA,NA,2019-05-02 16:51:00,0
2019-05-02 18:00:00,WIND,600702,1,HCM,1,18974,1011,360,18,350,24,1718,6,6,6,6,6,NA,NA,NA,NA,2019-05-02 17:51:00,0
2019-05-02 19:00:00,WIND,600702,1,HCM,1,18974,1011,360,19,360,25,1835,6,6,6,6,6,NA,NA,NA,NA,2019-05-02 18:52:00,0
2019-05-02 20:00:00,WIND,600702,1,HCM,1,18974,1011,10,19,360,24,1917,6,6,6,6,6,NA,NA,NA,NA,2019-05-02 19:51:00,0
2019-05-02 21:00:00,WIND,600702,1,HCM,1,18974,1011,360,18,360,24,2009,6,6,6,6,6,NA,NA,NA,NA,2019-05-02 20:55:00,0
2019-05-02 22:00:00,WIND,600702,1,HCM,1,18974,1011,10,18,20,23,2139,6,6,6,6,6,NA,NA,NA,NA,2019-05-02 21:51:00,0
2019-05-02 23:00:00,WIND,600702,1,HCM,1,18974,1011,20,17,10,24,2153,6,6,6,6,6,NA,NA,NA,NA,2019-05-02 22:51:00,0
2019-05-03 00:00:00,WIND,600702,1,HCM,1,18974,1011,20,13,10,19,2338,6,6,6,6,6,NA,NA,NA,NA,2019-05-02 23:51:00,0
2019-05-03 01:00:00,WIND,600702,1,HCM,1,18974,1011,20,13,20,18,2352,6,6,6,6,6,NA,NA,NA,NA,2019-05-03 00:52:00,0
2019-05-03 02:00:00,WIND,600702,1,HCM,1,18974,1011,20,12,20,17,130,6,6,6,6,6,NA,NA,NA,NA,2019-05-03 01:52:00,0
2019-05-03 03:00:00,WIND,600702,1,HCM,1,18974,1011,10,15,10,21,230,6,6,6,6,6,NA,NA,NA,NA,2019-05-03 02:51:00,0
2019-05-03 04:00:00,WIND,600702,1,HCM,1,18974,1011,10,16,10,22,342,6,6,6,6,6,NA,NA,NA,NA,2019-05-03 03:51:00,0
2019-05-03 05:00:00,WIND,600702,1,HCM,1,18974,1011,10,18,10,23,447,6,6,6,6,6,NA,NA,NA,NA,2019-05-03 04:51:00,0
2019-05-03 06:00:00,WIND,600702,1,HCM,1,18974,1011,10,18,10,24,504,6,6,6,6,6,NA,NA,NA,NA,2019-05-03 05:51:00,0
2019-05-03 07:00:00,WIND,600702,1,HCM,1,18974,1011,10,16,10,21,556,6,6,6,6,6,NA,NA,NA,NA,2019-05-03 06:51:00,0
2019-05-03 08:00:00,WIND,600702,1,HCM,1,18974,1011,10,16,10,22,724,6,6,6,6,6,NA,NA,NA,NA,2019-05-03 07:51:00,0
2019-05-03 09:00:00,WIND,600702,1,HCM,1,18974,1011,360,17,350,24,818,6,6,6,6,6,NA,NA,NA,NA,2019-05-03 08:54:00,0
2019-05-03 10:00:00,WIND,600702,1,HCM,1,18974,1011,360,18,10,25,948,6,6,6,6,6,NA,NA,NA,NA,2019-05-03 09:52:00,0
2019-05-03 11:00:00,WIND,600702,1,HCM,1,18974,1011,10,18,20,25,950,6,6,6,6,6,NA,NA,NA,NA,2019-05-03 10:51:00,0
2019-05-03 12:00:00,WIND,600702,1,HCM,1,18974,1011,10,19,20,26,1130,6,6,6,6,6,NA,NA,NA,NA,2019-05-03 11:51:00,0
2019-05-03 13:00:00,WIND,600702,1,HCM,1,18974,1011,10,20,10,27,1243,6,6,6,6,6,NA,NA,NA,NA,2019-05-03 12:51:00,0
2019-05-03 14:00:00,WIND,600702,1,HCM,1,18974,1011,10,20,360,26,1349,6,6,6,6,6,NA,NA,NA,NA,2019-05-03 13:51:00,0
2019-05-03 15:00:00,WIND,600702,1,HCM,1,18974,1011,360,20,10,26,1444,6,6,6,6,6,NA,NA,NA,NA,2019-05-03 14:51:00,0
2019-05-03 16:00:00,WIND,600702,1,HCM,1,18974,1011,360,20,10,26,1518,6,6,6,6,6,NA,NA,NA,NA,2019-05-03 15:51:00,0
2019-05-03 17:00:00,WIND,600702,1,HCM,1,18974,1011,350,18,360,26,1609,6,6,6,6,6,NA,NA,NA,NA,2019-05-03 16:51:00,0
2019-05-03 18:00:00,WIND,600702,1,HCM,1,18974,1011,10,21,10,32,1716,6,6,6,6,6,NA,NA,NA,NA,2019-05-03 17:51:00,0
2019-05-03 19:00:00,WIND,600702,1,HCM,1,18974,1011,360,20,10,29,1754,6,6,6,6,6,NA,NA,NA,NA,2019-05-03 18:51:00,0
2019-05-03 20:00:00,WIND,600702,1,HCM,1,18974,1011,10,24,10,36,1903,6,6,6,6,6,NA,NA,NA,NA,2019-05-03 19:51:00,0
2019-05-03 21:00:00,WIND,600702,1,HCM,1,18974,1011,360,23,10,31,1952,6,6,6,6,6,NA,NA,NA,NA,2019-05-03 20:54:00,0
2019-05-03 22:00:00,WIND,600702,1,HCM,1,18974,1011,10,21,10,29,2130,6,6,6,6,6,NA,NA,NA,NA,2019-05-03 21:52:00,0
2019-05-03 23:00:00,WIND,600702,1,HCM,1,18974,1011,10,21,20,29,2240,6,6,6,6,6,NA,NA,NA,NA,2019-05-03 22:52:00,0
2019-05-04 00:00:00,WIND,600702,1,HCM,1,18974,1011,30,17,10,27,2256,6,6,6,6,6,NA,NA,NA,NA,2019-05-03 23:51:00,0
2019-05-04 01:00:00,WIND,600702,1,HCM,1,18974,1011,30,16,30,24,2352,6,6,6,6,6,NA,NA,NA,NA,2019-05-04 00:51:00,0
2019-05-04 02:00:00,WIND,600702,1,HCM,1,18974,1011,30,13,20,19,146,6,6,6,6,6,NA,NA,NA,NA,2019-05-04 01:52:00,0
2019-05-04 03:00:00,WIND,600702,1,HCM,1,18974,1011,30,12,10,20,153,6,6,6,6,6,NA,NA,NA,NA,2019-05-04 02:54:00,0
2019-05-04 04:00:00,WIND,600702,1,HCM,1,18974,1011,20,14,20,21,338,6,6,6,6,6,NA,NA,NA,NA,2019-05-04 03:51:00,0
2019-05-04 05:00:00,WIND,600702,1,HCM,1,18974,1011,10,15,10,21,431,6,6,6,6,6,NA,NA,NA,NA,2019-05-04 04:52:00,0
2019-05-04 06:00:00,WIND,600702,1,HCM,1,18974,1011,10,17,10,25,530,6,6,6,6,6,NA,NA,NA,NA,2019-05-04 05:51:00,0
2019-05-04 07:00:00,WIND,600702,1,HCM,1,18974,1011,10,17,10,23,601,6,6,6,6,6,NA,NA,NA,NA,2019-05-04 06:51:00,0
2019-05-04 08:00:00,WIND,600702,1,HCM,1,18974,1011,10,17,10,23,742,6,6,6,6,6,NA,NA,NA,NA,2019-05-04 07:51:00,0
2019-05-04 09:00:00,WIND,600702,1,HCM,1,18974,1011,10,19,10,26,752,6,6,6,6,6,NA,NA,NA,NA,2019-05-04 08:53:00,0
2019-05-04 10:00:00,WIND,600702,1,HCM,1,18974,1011,10,18,10,25,851,6,6,6,6,6,NA,NA,NA,NA,2019-05-04 09:51:00,0
2019-05-04 11:00:00,WIND,600702,1,HCM,1,18974,1011,10,17,20,23,954,6,6,6,6,6,NA,NA,NA,NA,2019-05-04 10:51:00,0
2019-05-04 12:00:00,WIND,600702,1,HCM,1,18974,1011,360,16,360,21,1148,6,6,6,6,6,NA,NA,NA,NA,2019-05-04 11:51:00,0
2019-05-04 13:00:00,WIND,600702,1,HCM,1,18974,1011,360,16,10,21,1153,6,6,6,6,6,NA,NA,NA,NA,2019-05-04 12:51:00,0
2019-05-04 14:00:00,WIND,600702,1,HCM,1,18974,1011,350,15,350,20,1255,6,6,6,6,6,NA,NA,NA,NA,2019-05-04 13:51:00,0
2019-05-04 15:00:00,WIND,600702,1,HCM,1,18974,1011,360,15,360,21,1355,6,6,6,6,6,NA,NA,NA,NA,2019-05-04 14:51:00,0
2019-05-04 16:00:00,WIND,600702,1,HCM,1,18974,1011,360,14,350,18,1457,6,6,6,6,6,NA,NA,NA,NA,2019-05-04 15:51:00,0
2019-05-04 17:00:00,WIND,600702,1,HCM,1,18974,1011,350,13,340,18,1649,6,6,6,6,6,NA,NA,NA,NA,2019-05-04 16:51:00,0
2019-05-04 18:00:00,WIND,600702,1,HCM,1,18974,1011,350,14,350,19,1739,6,6,6,6,6,NA,NA,NA,NA,2019-05-04 17:51:00,0
2019-05-04 19:00:00,WIND,600702,1,HCM,1,18974,1011,350,14,360,20,1849,6,6,6,6,6,NA,NA,NA,NA,2019-05-04 18:51:00,0
2019-05-04 20:00:00,WIND,600702,1,HCM,1,18974,1011,360,15,10,20,1922,6,6,6,6,6,NA,NA,NA,NA,2019-05-04 19:51:00,0
2019-05-04 21:00:00,WIND,600702,1,HCM,1,18974,1011,10,12,10,18,1951,6,6,6,6,6,NA,NA,NA,NA,2019-05-04 20:54:00,0
2019-05-04 22:00:00,WIND,600702,1,HCM,1,18974,1011,360,12,360,17,2126,6,6,6,6,6,NA,NA,NA,NA,2019-05-04 21:51:00,0
2019-05-04 23:00:00,WIND,600702,1,HCM,1,18974,1011,360,12,360,17,2205,6,6,6,6,6,NA,NA,NA,NA,2019-05-04 22:52:00,0
2019-05-05 00:00:00,WIND,600702,1,HCM,1,18974,1011,350,11,350,17,2318,6,6,6,6,6,NA,NA,NA,NA,2019-05-04 23:51:00,0
2019-05-05 01:00:00,WIND,600702,1,HCM,1,18974,1011,350,9,330,14,2350,6,6,6,6,6,NA,NA,NA,NA,2019-05-05 00:52:00,0
2019-05-05 02:00:00,WIND,600702,1,HCM,1,18974,1011,340,9,350,15,139,6,6,6,6,6,NA,NA,NA,NA,2019-05-05 01:51:00,0
2019-05-05 03:00:00,WIND,600702,1,HCM,1,18974,1011,350,10,350,17,154,6,6,6,6,6,NA,NA,NA,NA,2019-05-05 02:51:00,0
2019-05-05 04:00:00,WIND,600702,1,HCM,1,18974,1011,320,9,340,15,251,6,6,6,6,6,NA,NA,NA,NA,2019-05-05 03:51:00,0
2019-05-05 05:00:00,WIND,600702,1,HCM,1,18974,1011,340,5,360,19,409,6,6,6,6,6,NA,NA,NA,NA,2019-05-05 04:51:00,0
2019-05-05 06:00:00,WIND,600702,1,HCM,1,18974,1011,330,12,340,25,511,6,6,6,6,6,NA,NA,NA,NA,2019-05-05 05:51:00,0
2019-05-05 07:00:00,WIND,600702,1,HCM,1,18974,1011,310,7,320,12,647,6,6,6,6,6,NA,NA,NA,NA,2019-05-05 06:51:00,0
2019-05-05 08:00:00,WIND,600702,1,HCM,1,18974,1011,320,9,320,21,716,6,6,6,6,6,NA,NA,NA,NA,2019-05-05 07:51:00,0
2019-05-05 09:00:00,WIND,600702,1,HCM,1,18974,1011,350,12,360,20,827,6,6,6,6,6,NA,NA,NA,NA,2019-05-05 08:54:00,0
2019-05-05 10:00:00,WIND,600702,1,HCM,1,18974,1011,330,12,330,16,931,6,6,6,6,6,NA,NA,NA,NA,2019-05-05 09:52:00,0
2019-05-05 11:00:00,WIND,600702,1,HCM,1,18974,1011,330,14,340,19,1027,6,6,6,6,6,NA,NA,NA,NA,2019-05-05 10:51:00,0
2019-05-05 12:00:00,WIND,600702,1,HCM,1,18974,1011,330,13,330,18,1130,6,6,6,6,6,NA,NA,NA,NA,2019-05-05 11:51:00,0
2019-05-05 13:00:00,WIND,600702,1,HCM,1,18974,1011,320,15,300,20,1232,6,6,6,6,6,NA,NA,NA,NA,2019-05-05 12:51:00,0
2019-05-05 14:00:00,WIND,600702,1,HCM,1,18974,1011,320,15,310,22,1335,6,6,6,6,6,NA,NA,NA,NA,2019-05-05 13:51:00,0
2019-05-05 15:00:00,WIND,600702,1,HCM,1,18974,1011,310,16,310,25,1444,6,6,6,6,6,NA,NA,NA,NA,2019-05-05 14:51:00,0
2019-05-05 16:00:00,WIND,600702,1,HCM,1,18974,1011,310,12,310,22,1450,6,6,6,6,6,NA,NA,NA,NA,2019-05-05 15:51:00,0
2019-05-05 17:00:00,WIND,600702,1,HCM,1,18974,1011,310,15,310,21,1634,6,6,6,6,6,NA,NA,NA,NA,2019-05-05 16:51:00,0
2019-05-05 18:00:00,WIND,600702,1,HCM,1,18974,1011,310,14,310,21,1650,6,6,6,6,6,NA,NA,NA,NA,2019-05-05 17:51:00,0
2019-05-05 19:00:00,WIND,600702,1,HCM,1,18974,1011,310,14,330,22,1823,6,6,6,6,6,NA,NA,NA,NA,2019-05-05 18:51:00,0
2019-05-05 20:00:00,WIND,600702,1,HCM,1,18974,1011,310,14,310,20,1908,6,6,6,6,6,NA,NA,NA,NA,2019-05-05 19:51:00,0
2019-05-05 21:00:00,WIND,600702,1,HCM,1,18974,1011,330,14,330,20,2012,6,6,6,6,6,NA,NA,NA,NA,2019-05-05 20:54:00,0
2019-05-05 22:00:00,WIND,600702,1,HCM,1,18974,1011,320,12,310,17,2104,6,6,6,6,6,NA,NA,NA,NA,2019-05-05 21:51:00,0
2019-05-05 23:00:00,WIND,600702,1,HCM,1,18974,1011,320,13,320,23,2205,6,6,6,6,6,NA,NA,NA,NA,2019-05-05 22:51:00,0
2019-05-06 00:00:00,WIND,600702,1,HCM,1,18974,1011,330,11,330,18,2311,6,6,6,6,6,NA,NA,NA,NA,2019-05-05 23:51:00,0
2019-05-06 01:00:00,WIND,600702,1,HCM,1,18974,1011,320,9,310,13,21,6,6,6,6,6,NA,NA,NA,NA,2019-05-06 00:51:00,0
2019-05-06 02:00:00,WIND,600702,1,HCM,1,18974,1011,320,11,340,17,122,6,6,6,6,6,NA,NA,NA,NA,2019-05-06 01:51:00,0
2019-05-06 03:00:00,WIND,600702,1,HCM,1,18974,1011,330,11,340,20,242,6,6,6,6,6,NA,NA,NA,NA,2019-05-06 02:51:00,0
2019-05-06 04:00:00,WIND,600702,1,HCM,1,18974,1011,340,10,350,18,251,6,6,6,6,6,NA,NA,NA,NA,2019-05-06 03:51:00,0
2019-05-06 05:00:00,WIND,600702,1,HCM,1,18974,1011,350,11,350,15,420,6,6,6,6,6,NA,NA,NA,NA,2019-05-06 04:51:00,0
2019-05-06 06:00:00,WIND,600702,1,HCM,1,18974,1011,350,10,340,15,506,6,6,6,6,6,NA,NA,NA,NA,2019-05-06 05:51:00,0
2019-05-06 07:00:00,WIND,600702,1,HCM,1,18974,1011,10,8,10,14,555,6,6,6,6,6,NA,NA,NA,NA,2019-05-06 06:51:00,0
2019-05-06 08:00:00,WIND,600702,1,HCM,1,18974,1011,20,8,10,12,723,6,6,6,6,6,NA,NA,NA,NA,2019-05-06 07:51:00,0
2019-05-06 09:00:00,WIND,600702,1,HCM,1,18974,1011,40,6,10,12,829,6,6,6,6,6,NA,NA,NA,NA,2019-05-06 08:54:00,0
2019-05-06 10:00:00,WIND,600702,1,HCM,1,18974,1011,30,8,40,13,909,6,6,6,6,6,NA,NA,NA,NA,2019-05-06 09:51:00,0
2019-05-06 11:00:00,WIND,600702,1,HCM,1,18974,1011,10,10,360,15,1000,6,6,6,6,6,NA,NA,NA,NA,2019-05-06 10:51:00,0
2019-05-06 12:00:00,WIND,600702,1,HCM,1,18974,1011,10,11,20,15,1110,6,6,6,6,6,NA,NA,NA,NA,2019-05-06 11:51:00,0
2019-05-06 13:00:00,WIND,600702,1,HCM,1,18974,1011,360,11,360,17,1230,6,6,6,6,6,NA,NA,NA,NA,2019-05-06 12:51:00,0
2019-05-06 14:00:00,WIND,600702,1,HCM,1,18974,1011,360,11,20,15,1346,6,6,6,6,6,NA,NA,NA,NA,2019-05-06 13:52:00,0
2019-05-06 15:00:00,WIND,600702,1,HCM,1,18974,1011,360,12,360,16,1441,6,6,6,6,6,NA,NA,NA,NA,2019-05-06 14:51:00,0
2019-05-06 16:00:00,WIND,600702,1,HCM,1,18974,1011,360,13,360,17,1542,6,6,6,6,6,NA,NA,NA,NA,2019-05-06 15:51:00,0
2019-05-06 17:00:00,WIND,600702,1,HCM,1,18974,1011,360,14,10,18,1622,6,6,6,6,6,NA,NA,NA,NA,2019-05-06 16:51:00,0
2019-05-06 18:00:00,WIND,600702,1,HCM,1,18974,1011,360,14,360,19,1721,6,6,6,6,6,NA,NA,NA,NA,2019-05-06 17:51:00,0
2019-05-06 19:00:00,WIND,600702,1,HCM,1,18974,1011,360,14,350,18,1750,6,6,6,6,6,NA,NA,NA,NA,2019-05-06 18:52:00,0
2019-05-06 20:00:00,WIND,600702,1,HCM,1,18974,1011,360,13,360,18,1948,6,6,6,6,6,NA,NA,NA,NA,2019-05-06 19:51:00,0
2019-05-06 21:00:00,WIND,600702,1,HCM,1,18974,1011,10,13,360,17,2021,6,6,6,6,6,NA,NA,NA,NA,2019-05-06 20:54:00,0
2019-05-06 22:00:00,WIND,600702,1,HCM,1,18974,1011,10,13,10,17,2054,6,6,6,6,6,NA,NA,NA,NA,2019-05-06 21:51:00,0
2019-05-06 23:00:00,WIND,600702,1,HCM,1,18974,1011,10,11,10,16,2150,6,6,6,6,6,NA,NA,NA,NA,2019-05-06 22:51:00,0
2019-05-07 00:00:00,WIND,600702,1,HCM,1,18974,1011,10,9,20,13,2255,6,6,6,6,6,NA,NA,NA,NA,2019-05-06 23:51:00,0
2019-05-07 01:00:00,WIND,600702,1,HCM,1,18974,1011,20,8,20,11,34,6,6,6,6,6,NA,NA,NA,NA,2019-05-07 00:51:00,0
2019-05-07 02:00:00,WIND,600702,1,HCM,1,18974,1011,10,9,10,12,109,6,6,6,6,6,NA,NA,NA,NA,2019-05-07 01:51:00,0
2019-05-07 03:00:00,WIND,600702,1,HCM,1,18974,1011,30,7,360,11,153,6,6,6,6,6,NA,NA,NA,NA,2019-05-07 02:55:00,0
2019-05-07 04:00:00,WIND,600702,1,HCM,1,18974,1011,40,7,40,8,301,6,6,6,6,6,NA,NA,NA,NA,2019-05-07 03:51:00,0
2019-05-07 05:00:00,WIND,600702,1,HCM,1,18974,1011,50,8,50,9,425,6,6,6,6,6,NA,NA,NA,NA,2019-05-07 04:51:00,0
2019-05-07 06:00:00,WIND,600702,1,HCM,1,18974,1011,40,7,40,9,531,6,6,6,6,6,NA,NA,NA,NA,2019-05-07 05:51:00,0
2019-05-07 07:00:00,WIND,600702,1,HCM,1,18974,1011,50,7,60,14,647,6,6,6,6,6,NA,NA,NA,NA,2019-05-07 06:51:00,0
2019-05-07 08:00:00,WIND,600702,1,HCM,1,18974,1011,60,13,70,18,711,6,6,6,6,6,NA,NA,NA,NA,2019-05-07 07:51:00,0
2019-05-07 09:00:00,WIND,600702,1,HCM,1,18974,1011,70,12,70,16,840,6,6,6,6,6,NA,NA,NA,NA,2019-05-07 08:54:00,0
2019-05-07 10:00:00,WIND,600702,1,HCM,1,18974,1011,70,9,70,15,850,6,6,6,6,6,NA,NA,NA,NA,2019-05-07 09:51:00,0
2019-05-07 11:00:00,WIND,600702,1,HCM,1,18974,1011,80,10,90,14,958,6,6,6,6,6,NA,NA,NA,NA,2019-05-07 10:51:00,0
2019-05-07 12:00:00,WIND,600702,1,HCM,1,18974,1011,90,9,100,16,1143,6,6,6,6,6,NA,NA,NA,NA,2019-05-07 11:51:00,0
2019-05-07 13:00:00,WIND,600702,1,HCM,1,18974,1011,90,9,70,14,1238,6,6,6,6,6,NA,NA,NA,NA,2019-05-07 12:52:00,0
2019-05-07 14:00:00,WIND,600702,1,HCM,1,18974,1011,60,8,90,14,1259,6,6,6,6,6,NA,NA,NA,NA,2019-05-07 13:51:00,0
2019-05-07 15:00:00,WIND,600702,1,HCM,1,18974,1011,70,8,90,14,1444,6,6,6,6,6,NA,NA,NA,NA,2019-05-07 14:51:00,0
2019-05-07 16:00:00,WIND,600702,1,HCM,1,18974,1011,60,9,40,14,1531,6,6,6,6,6,NA,NA,NA,NA,2019-05-07 15:51:00,0
2019-05-07 17:00:00,WIND,600702,1,HCM,1,18974,1011,70,8,90,13,1648,6,6,6,6,6,NA,NA,NA,NA,2019-05-07 16:51:00,0
2019-05-07 18:00:00,WIND,600702,1,HCM,1,18974,1011,80,8,90,12,1651,6,6,6,6,6,NA,NA,NA,NA,2019-05-07 17:51:00,0
2019-05-07 19:00:00,WIND,600702,1,HCM,1,18974,1011,70,7,70,10,1842,6,6,6,6,6,NA,NA,NA,NA,2019-05-07 18:51:00,0
2019-05-07 20:00:00,WIND,600702,1,HCM,1,18974,1011,60,9,50,13,1940,6,6,6,6,6,NA,NA,NA,NA,2019-05-07 19:51:00,0
2019-05-07 21:00:00,WIND,600702,1,HCM,1,18974,1011,60,8,60,11,2015,6,6,6,6,6,NA,NA,NA,NA,2019-05-07 20:55:00,0
2019-05-07 22:00:00,WIND,600702,1,HCM,1,18974,1011,50,7,50,9,2122,6,6,6,6,6,NA,NA,NA,NA,2019-05-07 21:51:00,0
2019-05-07 23:00:00,WIND,600702,1,HCM,1,18974,1011,50,7,40,8,2155,6,6,6,6,6,NA,NA,NA,NA,2019-05-07 22:51:00,0
2019-05-08 00:00:00,WIND,600702,1,HCM,1,18974,1011,50,7,60,11,2349,6,6,6,6,6,NA,NA,NA,NA,2019-05-07 23:52:00,0
2019-05-08 01:00:00,WIND,600702,1,HCM,1,18974,1011,70,10,80,14,37,6,6,6,6,6,NA,NA,NA,NA,2019-05-08 01:59:00,0
2019-05-08 02:00:00,WIND,600702,1,HCM,1,18974,1011,80,11,70,15,109,6,6,6,6,6,NA,NA,NA,NA,2019-05-08 02:00:00,0
2019-05-08 03:00:00,WIND,600702,1,HCM,1,18974,1011,70,11,70,15,227,6,6,6,6,6,NA,NA,NA,NA,2019-05-08 02:54:00,0
2019-05-08 04:00:00,WIND,600702,1,HCM,1,18974,1011,50,10,60,14,314,6,6,6,6,6,NA,NA,NA,NA,2019-05-08 03:51:00,0
2019-05-08 05:00:00,WIND,600702,1,HCM,1,18974,1011,50,9,60,14,354,6,6,6,6,6,NA,NA,NA,NA,2019-05-08 04:51:00,0
2019-05-08 06:00:00,WIND,600702,1,HCM,1,18974,1011,60,11,70,16,458,6,6,6,6,6,NA,NA,NA,NA,2019-05-08 05:51:00,0
2019-05-08 07:00:00,WIND,600702,1,HCM,1,18974,1011,60,12,60,17,630,6,6,6,6,6,NA,NA,NA,NA,2019-05-08 07:40:00,0
2019-05-08 08:00:00,WIND,600702,1,HCM,1,18974,1011,50,14,50,18,656,6,6,6,6,6,NA,NA,NA,NA,2019-05-08 07:52:00,0
2019-05-08 09:00:00,WIND,600702,1,HCM,1,18974,1011,50,13,50,18,847,6,6,6,6,6,NA,NA,NA,NA,2019-05-08 08:54:00,0
2019-05-08 10:00:00,WIND,600702,1,HCM,1,18974,1011,30,15,30,20,926,6,6,6,6,6,NA,NA,NA,NA,2019-05-08 10:33:00,0
2019-05-08 11:00:00,WIND,600702,1,HCM,1,18974,1011,30,15,20,20,1018,6,6,6,6,6,NA,NA,NA,NA,2019-05-08 10:51:00,0
2019-05-08 12:00:00,WIND,600702,1,HCM,1,18974,1011,20,17,30,21,1133,6,6,6,6,6,NA,NA,NA,NA,2019-05-08 11:51:00,0
2019-05-08 13:00:00,WIND,600702,1,HCM,1,18974,1011,20,17,20,22,1227,6,6,6,6,6,NA,NA,NA,NA,2019-05-08 12:56:00,0
2019-05-08 14:00:00,WIND,600702,1,HCM,1,18974,1011,10,17,20,22,1303,6,6,6,6,6,NA,NA,NA,NA,2019-05-08 13:51:00,0
2019-05-08 15:00:00,WIND,600702,1,HCM,1,18974,1011,20,16,20,21,1411,6,6,6,6,6,NA,NA,NA,NA,2019-05-08 14:51:00,0
2019-05-08 16:00:00,WIND,600702,1,HCM,1,18974,1011,20,15,20,19,1452,6,6,6,6,6,NA,NA,NA,NA,2019-05-08 15:51:00,0
2019-05-08 17:00:00,WIND,600702,1,HCM,1,18974,1011,10,12,10,18,1550,6,6,6,6,6,NA,NA,NA,NA,2019-05-08 16:51:00,0
2019-05-08 18:00:00,WIND,600702,1,HCM,1,18974,1011,80,11,100,21,1718,6,6,6,6,6,NA,NA,NA,NA,2019-05-08 17:51:00,0
2019-05-08 19:00:00,WIND,600702,1,HCM,1,18974,1011,90,8,120,15,1801,6,6,6,6,6,NA,NA,NA,NA,2019-05-08 18:51:00,0
2019-05-08 20:00:00,WIND,600702,1,HCM,1,18974,1011,60,11,60,15,1925,6,6,6,6,6,NA,NA,NA,NA,2019-05-08 19:51:00,0
2019-05-08 21:00:00,WIND,600702,1,HCM,1,18974,1011,70,13,80,18,2033,6,6,6,6,6,NA,NA,NA,NA,2019-05-08 20:55:00,0
2019-05-08 22:00:00,WIND,600702,1,HCM,1,18974,1011,70,14,70,20,2149,6,6,6,6,6,NA,NA,NA,NA,2019-05-08 21:51:00,0
2019-05-08 23:00:00,WIND,600702,1,HCM,1,18974,1011,70,14,80,20,2159,6,6,6,6,6,NA,NA,NA,NA,2019-05-08 22:51:00,0
2019-05-09 00:00:00,WIND,600702,1,HCM,1,18974,1011,70,13,70,18,2311,6,6,6,6,6,NA,NA,NA,NA,2019-05-08 23:52:00,0
2019-05-09 01:00:00,WIND,600702,1,HCM,1,18974,1011,60,13,60,18,31,6,6,6,6,6,NA,NA,NA,NA,2019-05-09 00:51:00,0
2019-05-09 02:00:00,WIND,600702,1,HCM,1,18974,1011,60,13,60,19,132,6,6,6,6,6,NA,NA,NA,NA,2019-05-09 01:51:00,0
2019-05-09 03:00:00,WIND,600702,1,HCM,1,18974,1011,60,14,60,20,215,6,6,6,6,6,NA,NA,NA,NA,2019-05-09 02:51:00,0
2019-05-09 04:00:00,WIND,600702,1,HCM,1,18974,1011,60,13,70,19,317,6,6,6,6,6,NA,NA,NA,NA,2019-05-09 03:51:00,0
2019-05-09 05:00:00,WIND,600702,1,HCM,1,18974,1011,70,14,70,19,407,6,6,6,6,6,NA,NA,NA,NA,2019-05-09 04:51:00,0
2019-05-09 06:00:00,WIND,600702,1,HCM,1,18974,1011,70,14,70,21,534,6,6,6,6,6,NA,NA,NA,NA,2019-05-09 05:51:00,0
2019-05-09 07:00:00,WIND,600702,1,HCM,1,18974,1011,70,14,60,19,642,6,6,6,6,6,NA,NA,NA,NA,2019-05-09 06:51:00,0
2019-05-09 08:00:00,WIND,600702,1,HCM,1,18974,1011,60,16,60,21,743,6,6,6,6,6,NA,NA,NA,NA,2019-05-09 07:51:00,0
2019-05-09 09:00:00,WIND,600702,1,HCM,1,18974,1011,60,14,60,21,751,6,6,6,6,6,NA,NA,NA,NA,2019-05-09 08:54:00,0
2019-05-09 10:00:00,WIND,600702,1,HCM,1,18974,1011,50,7,70,14,858,6,6,6,6,6,NA,NA,NA,NA,2019-05-09 09:51:00,0
2019-05-09 11:00:00,WIND,600702,1,HCM,1,18974,1011,30,6,50,9,1000,6,6,6,6,6,NA,NA,NA,NA,2019-05-09 10:53:00,0
2019-05-09 12:00:00,WIND,600702,1,HCM,1,18974,1011,360,8,360,12,1149,6,6,6,6,6,NA,NA,NA,NA,2019-05-09 11:52:00,0
2019-05-09 13:00:00,WIND,600702,1,HCM,1,18974,1011,360,10,360,14,1217,6,6,6,6,6,NA,NA,NA,NA,2019-05-09 12:51:00,0
2019-05-09 14:00:00,WIND,600702,1,HCM,1,18974,1011,350,8,350,11,1310,6,6,6,6,6,NA,NA,NA,NA,2019-05-09 13:51:00,0
2019-05-09 15:00:00,WIND,600702,1,HCM,1,18974,1011,350,7,320,11,1448,6,6,6,6,6,NA,NA,NA,NA,2019-05-09 14:51:00,0
2019-05-09 16:00:00,WIND,600702,1,HCM,1,18974,1011,320,7,320,12,1459,6,6,6,6,6,NA,NA,NA,NA,2019-05-09 15:51:00,0
2019-05-09 17:00:00,WIND,600702,1,HCM,1,18974,1011,350,8,360,13,1629,6,6,6,6,6,NA,NA,NA,NA,2019-05-09 16:51:00,0
2019-05-09 18:00:00,WIND,600702,1,HCM,1,18974,1011,360,7,20,12,1655,6,6,6,6,6,NA,NA,NA,NA,2019-05-09 17:51:00,0
2019-05-09 19:00:00,WIND,600702,1,HCM,1,18974,1011,360,5,350,10,1807,6,6,6,6,6,NA,NA,NA,NA,2019-05-09 18:51:00,0
2019-05-09 20:00:00,WIND,600702,1,HCM,1,18974,1011,350,3,330,8,1921,6,6,6,6,6,NA,NA,NA,NA,2019-05-09 19:51:00,0
2019-05-09 21:00:00,WIND,600702,1,HCM,1,18974,1011,40,3,60,7,2038,6,6,6,6,6,NA,NA,NA,NA,2019-05-09 20:54:00,0
2019-05-09 22:00:00,WIND,600702,1,HCM,1,18974,1011,50,4,20,8,2144,6,6,6,6,6,NA,NA,NA,NA,2019-05-09 21:51:00,0
2019-05-09 23:00:00,WIND,600702,1,HCM,1,18974,1011,10,8,20,11,2239,6,6,6,6,6,NA,NA,NA,NA,2019-05-09 22:51:00,0
2019-05-10 00:00:00,WIND,600702,1,HCM,1,18974,1011,30,7,60,9,2348,6,6,6,6,6,NA,NA,NA,NA,2019-05-09 23:51:00,0
2019-05-10 01:00:00,WIND,600702,1,HCM,1,18974,1011,50,7,40,9,26,6,6,6,6,6,NA,NA,NA,NA,2019-05-10 00:51:00,0
2019-05-10 02:00:00,WIND,600702,1,HCM,1,18974,1011,50,7,60,10,124,6,6,6,6,6,NA,NA,NA,NA,2019-05-10 01:52:00,0
2019-05-10 03:00:00,WIND,600702,1,HCM,1,18974,1011,50,5,40,8,235,6,6,6,6,6,NA,NA,NA,NA,2019-05-10 02:51:00,0
2019-05-10 04:00:00,WIND,600702,1,HCM,1,18974,1011,70,3,110,6,328,6,6,6,6,6,NA,NA,NA,NA,2019-05-10 03:54:00,0
2019-05-10 05:00:00,WIND,600702,1,HCM,1,18974,1011,240,1,360,5,351,6,6,6,6,6,NA,NA,NA,NA,2019-05-10 04:51:00,0
2019-05-10 06:00:00,WIND,600702,1,HCM,1,18974,1011,200,2,270,9,458,6,6,6,6,6,NA,NA,NA,NA,2019-05-10 05:51:00,0
2019-05-10 07:00:00,WIND,600702,1,HCM,1,18974,1011,190,3,200,14,648,6,6,6,6,6,NA,NA,NA,NA,2019-05-10 06:51:00,0
2019-05-10 08:00:00,WIND,600702,1,HCM,1,18974,1011,190,9,180,15,713,6,6,6,6,6,NA,NA,NA,NA,2019-05-10 07:51:00,0
2019-05-10 09:00:00,WIND,600702,1,HCM,1,18974,1011,190,2,180,6,750,6,6,6,6,6,NA,NA,NA,NA,2019-05-10 08:54:00,0
2019-05-10 10:00:00,WIND,600702,1,HCM,1,18974,1011,180,3,130,8,942,6,6,6,6,6,NA,NA,NA,NA,2019-05-10 09:51:00,0
2019-05-10 11:00:00,WIND,600702,1,HCM,1,18974,1011,140,5,130,9,958,6,6,6,6,6,NA,NA,NA,NA,2019-05-10 10:51:00,0
2019-05-10 12:00:00,WIND,600702,1,HCM,1,18974,1011,350,4,20,9,1145,6,6,6,6,6,NA,NA,NA,NA,2019-05-10 11:51:00,0
2019-05-10 13:00:00,WIND,600702,1,HCM,1,18974,1011,50,4,20,9,1157,6,6,6,6,6,NA,NA,NA,NA,2019-05-10 12:51:00,0
2019-05-10 14:00:00,WIND,600702,1,HCM,1,18974,1011,10,5,10,8,1329,6,6,6,6,6,NA,NA,NA,NA,2019-05-10 13:51:00,0
2019-05-10 15:00:00,WIND,600702,1,HCM,1,18974,1011,360,6,10,9,1408,6,6,6,6,6,NA,NA,NA,NA,2019-05-10 14:51:00,0
2019-05-10 16:00:00,WIND,600702,1,HCM,1,18974,1011,10,6,340,11,1535,6,6,6,6,6,NA,NA,NA,NA,2019-05-10 15:51:00,0
2019-05-10 17:00:00,WIND,600702,1,HCM,1,18974,1011,360,8,360,12,1621,6,6,6,6,6,NA,NA,NA,NA,2019-05-10 16:51:00,0
2019-05-10 18:00:00,WIND,600702,1,HCM,1,18974,1011,360,9,360,13,1735,6,6,6,6,6,NA,NA,NA,NA,2019-05-10 17:51:00,0
2019-05-10 19:00:00,WIND,600702,1,HCM,1,18974,1011,360,11,10,14,1825,6,6,6,6,6,NA,NA,NA,NA,2019-05-10 18:52:00,0
2019-05-10 20:00:00,WIND,600702,1,HCM,1,18974,1011,360,13,360,18,1942,6,6,6,6,6,NA,NA,NA,NA,2019-05-10 19:52:00,0
2019-05-10 21:00:00,WIND,600702,1,HCM,1,18974,1011,360,14,360,19,2048,6,6,6,6,6,NA,NA,NA,NA,2019-05-10 20:54:00,0
2019-05-10 22:00:00,WIND,600702,1,HCM,1,18974,1011,360,15,360,19,2121,6,6,6,6,6,NA,NA,NA,NA,2019-05-10 21:51:00,0
2019-05-10 23:00:00,WIND,600702,1,HCM,1,18974,1011,360,14,360,18,2211,6,6,6,6,6,NA,NA,NA,NA,2019-05-10 22:51:00,0
2019-05-11 00:00:00,WIND,600702,1,HCM,1,18974,1011,350,13,350,18,2330,6,6,6,6,6,NA,NA,NA,NA,2019-05-10 23:51:00,0
2019-05-11 01:00:00,WIND,600702,1,HCM,1,18974,1011,350,12,340,16,0,6,6,6,6,6,NA,NA,NA,NA,2019-05-11 00:51:00,0
2019-05-11 02:00:00,WIND,600702,1,HCM,1,18974,1011,340,11,340,15,53,6,6,6,6,6,NA,NA,NA,NA,2019-05-11 01:51:00,0
2019-05-11 03:00:00,WIND,600702,1,HCM,1,18974,1011,340,10,340,14,205,6,6,6,6,6,NA,NA,NA,NA,2019-05-11 02:52:00,0
2019-05-11 04:00:00,WIND,600702,1,HCM,1,18974,1011,320,8,330,12,325,6,6,6,6,6,NA,NA,NA,NA,2019-05-11 03:51:00,0
2019-05-11 05:00:00,WIND,600702,1,HCM,1,18974,1011,320,6,320,10,357,6,6,6,6,6,NA,NA,NA,NA,2019-05-11 04:51:00,0
2019-05-11 06:00:00,WIND,600702,1,HCM,1,18974,1011,310,9,300,15,523,6,6,6,6,6,NA,NA,NA,NA,2019-05-11 05:51:00,0
2019-05-11 07:00:00,WIND,600702,1,HCM,1,18974,1011,330,12,330,17,636,6,6,6,6,6,NA,NA,NA,NA,2019-05-11 06:51:00,0
2019-05-11 08:00:00,WIND,600702,1,HCM,1,18974,1011,330,13,330,18,710,6,6,6,6,6,NA,NA,NA,NA,2019-05-11 07:51:00,0
2019-05-11 09:00:00,WIND,600702,1,HCM,1,18974,1011,350,12,340,16,839,6,6,6,6,6,NA,NA,NA,NA,2019-05-11 08:54:00,0
2019-05-11 10:00:00,WIND,600702,1,HCM,1,18974,1011,330,11,330,15,936,6,6,6,6,6,NA,NA,NA,NA,2019-05-11 09:51:00,0
2019-05-11 11:00:00,WIND,600702,1,HCM,1,18974,1011,330,13,320,19,1047,6,6,6,6,6,NA,NA,NA,NA,2019-05-11 10:51:00,0
2019-05-11 12:00:00,WIND,600702,1,HCM,1,18974,1011,330,12,330,19,1101,6,6,6,6,6,NA,NA,NA,NA,2019-05-11 11:51:00,0
2019-05-11 13:00:00,WIND,600702,1,HCM,1,18974,1011,330,13,340,20,1208,6,6,6,6,6,NA,NA,NA,NA,2019-05-11 12:52:00,0
2019-05-11 14:00:00,WIND,600702,1,HCM,1,18974,1011,340,13,330,18,1325,6,6,6,6,6,NA,NA,NA,NA,2019-05-11 13:51:00,0
2019-05-11 15:00:00,WIND,600702,1,HCM,1,18974,1011,340,13,350,18,1410,6,6,6,6,6,NA,NA,NA,NA,2019-05-11 14:51:00,0
2019-05-11 16:00:00,WIND,600702,1,HCM,1,18974,1011,330,15,330,19,1527,6,6,6,6,6,NA,NA,NA,NA,2019-05-11 15:52:00,0
2019-05-11 17:00:00,WIND,600702,1,HCM,1,18974,1011,340,15,330,20,1558,6,6,6,6,6,NA,NA,NA,NA,2019-05-11 16:51:00,0
2019-05-11 18:00:00,WIND,600702,1,HCM,1,18974,1011,340,13,340,18,1709,6,6,6,6,6,NA,NA,NA,NA,2019-05-11 17:51:00,0
2019-05-11 19:00:00,WIND,600702,1,HCM,1,18974,1011,330,11,350,16,1756,6,6,6,6,6,NA,NA,NA,NA,2019-05-11 18:51:00,0
2019-05-11 20:00:00,WIND,600702,1,HCM,1,18974,1011,330,9,320,13,1854,6,6,6,6,6,NA,NA,NA,NA,2019-05-11 19:51:00,0
2019-05-11 21:00:00,WIND,600702,1,HCM,1,18974,1011,330,8,330,10,1950,6,6,6,6,6,NA,NA,NA,NA,2019-05-11 20:54:00,0
2019-05-11 22:00:00,WIND,600702,1,HCM,1,18974,1011,320,8,330,10,2119,6,6,6,6,6,NA,NA,NA,NA,2019-05-11 21:52:00,0
2019-05-11 23:00:00,WIND,600702,1,HCM,1,18974,1011,330,7,330,10,2235,6,6,6,6,6,NA,NA,NA,NA,2019-05-11 22:51:00,0
2019-05-12 00:00:00,WIND,600702,1,HCM,1,18974,1011,340,7,340,10,2311,6,6,6,6,6,NA,NA,NA,NA,2019-05-11 23:51:00,0
2019-05-12 01:00:00,WIND,600702,1,HCM,1,18974,1011,340,7,340,9,2351,6,6,6,6,6,NA,NA,NA,NA,2019-05-12 00:51:00,0
2019-05-12 02:00:00,WIND,600702,1,HCM,1,18974,1011,340,5,330,7,100,6,6,6,6,6,NA,NA,NA,NA,2019-05-12 01:51:00,0
2019-05-12 03:00:00,WIND,600702,1,HCM,1,18974,1011,360,3,360,4,200,6,6,6,6,6,NA,NA,NA,NA,2019-05-12 02:51:00,0
2019-05-12 04:00:00,WIND,600702,1,HCM,1,18974,1011,30,1,70,3,348,6,6,6,6,6,NA,NA,NA,NA,2019-05-12 03:51:00,0
2019-05-12 05:00:00,WIND,600702,1,HCM,1,18974,1011,90,2,70,3,358,6,6,6,6,6,NA,NA,NA,NA,2019-05-12 04:51:00,0
2019-05-12 06:00:00,WIND,600702,1,HCM,1,18974,1011,180,1,130,2,501,6,6,6,6,6,NA,NA,NA,NA,2019-05-12 05:51:00,0
2019-05-12 07:00:00,WIND,600702,1,HCM,1,18974,1011,140,2,120,5,648,6,6,6,6,6,NA,NA,NA,NA,2019-05-12 06:51:00,0
2019-05-12 08:00:00,WIND,600702,1,HCM,1,18974,1011,140,5,120,8,741,6,6,6,6,6,NA,NA,NA,NA,2019-05-12 07:52:00,0
2019-05-12 09:00:00,WIND,600702,1,HCM,1,18974,1011,140,7,150,11,846,6,6,6,6,6,NA,NA,NA,NA,2019-05-12 08:54:00,0
2019-05-12 10:00:00,WIND,600702,1,HCM,1,18974,1011,150,8,140,12,934,6,6,6,6,6,NA,NA,NA,NA,2019-05-12 09:52:00,0
2019-05-12 11:00:00,WIND,600702,1,HCM,1,18974,1011,150,9,150,12,1036,6,6,6,6,6,NA,NA,NA,NA,2019-05-12 10:51:00,0
2019-05-12 12:00:00,WIND,600702,1,HCM,1,18974,1011,160,10,180,14,1136,6,6,6,6,6,NA,NA,NA,NA,2019-05-12 11:51:00,0
2019-05-12 13:00:00,WIND,600702,1,HCM,1,18974,1011,160,9,150,13,1246,6,6,6,6,6,NA,NA,NA,NA,2019-05-12 14:12:00,0
2019-05-12 14:00:00,WIND,600702,1,HCM,1,18974,1011,150,10,150,13,1347,6,6,6,6,6,NA,NA,NA,NA,2019-05-12 14:13:00,0
2019-05-12 15:00:00,WIND,600702,1,HCM,1,18974,1011,160,10,150,14,1416,6,6,6,6,6,NA,NA,NA,NA,2019-05-12 14:51:00,0
2019-05-12 16:00:00,WIND,600702,1,HCM,1,18974,1011,150,10,150,12,1532,6,6,6,6,6,NA,NA,NA,NA,2019-05-12 15:51:00,0
2019-05-12 17:00:00,WIND,600702,1,HCM,1,18974,1011,140,10,140,13,1608,6,6,6,6,6,NA,NA,NA,NA,2019-05-12 16:51:00,0
2019-05-12 18:00:00,WIND,600702,1,HCM,1,18974,1011,130,10,130,12,1720,6,6,6,6,6,NA,NA,NA,NA,2019-05-12 17:51:00,0
2019-05-12 19:00:00,WIND,600702,1,HCM,1,18974,1011,140,11,140,14,1830,6,6,6,6,6,NA,NA,NA,NA,2019-05-12 18:51:00,0
2019-05-12 20:00:00,WIND,600702,1,HCM,1,18974,1011,140,12,140,16,1910,6,6,6,6,6,NA,NA,NA,NA,2019-05-12 21:15:00,0
2019-05-12 21:00:00,WIND,600702,1,HCM,1,18974,1011,130,12,140,16,2008,6,6,6,6,6,NA,NA,NA,NA,2019-05-12 21:17:00,0
2019-05-12 22:00:00,WIND,600702,1,HCM,1,18974,1011,140,14,140,19,2145,6,6,6,6,6,NA,NA,NA,NA,2019-05-12 21:51:00,0
2019-05-12 23:00:00,WIND,600702,1,HCM,1,18974,1011,140,15,140,21,2206,6,6,6,6,6,NA,NA,NA,NA,2019-05-12 22:51:00,0
2019-05-13 00:00:00,WIND,600702,1,HCM,1,18974,1011,150,16,140,22,2312,6,6,6,6,6,NA,NA,NA,NA,2019-05-12 23:51:00,0
2019-05-13 01:00:00,WIND,600702,1,HCM,1,18974,1011,150,15,150,20,30,6,6,6,6,6,NA,NA,NA,NA,2019-05-13 00:51:00,0
2019-05-13 02:00:00,WIND,600702,1,HCM,1,18974,1011,150,15,150,20,59,6,6,6,6,6,NA,NA,NA,NA,2019-05-13 01:51:00,0
2019-05-13 03:00:00,WIND,600702,1,HCM,1,18974,1011,150,15,160,21,249,6,6,6,6,6,NA,NA,NA,NA,2019-05-13 02:52:00,0
2019-05-13 04:00:00,WIND,600702,1,HCM,1,18974,1011,150,16,150,23,252,6,6,6,6,6,NA,NA,NA,NA,2019-05-13 03:51:00,0
2019-05-13 05:00:00,WIND,600702,1,HCM,1,18974,1011,160,17,150,22,409,6,6,6,6,6,NA,NA,NA,NA,2019-05-13 04:52:00,0
2019-05-13 06:00:00,WIND,600702,1,HCM,1,18974,1011,160,16,160,22,523,6,6,6,6,6,NA,NA,NA,NA,2019-05-13 05:51:00,0
2019-05-13 07:00:00,WIND,600702,1,HCM,1,18974,1011,150,17,150,23,620,6,6,6,6,6,NA,NA,NA,NA,2019-05-13 06:51:00,0
2019-05-13 08:00:00,WIND,600702,1,HCM,1,18974,1011,150,18,150,24,704,6,6,6,6,6,NA,NA,NA,NA,2019-05-13 07:52:00,0
2019-05-13 09:00:00,WIND,600702,1,HCM,1,18974,1011,160,17,150,22,815,6,6,6,6,6,NA,NA,NA,NA,2019-05-13 08:56:00,0
2019-05-13 10:00:00,WIND,600702,1,HCM,1,18974,1011,160,16,160,22,915,6,6,6,6,6,NA,NA,NA,NA,2019-05-13 09:51:00,0
2019-05-13 11:00:00,WIND,600702,1,HCM,1,18974,1011,160,16,160,22,1013,6,6,6,6,6,NA,NA,NA,NA,2019-05-13 12:33:00,0
2019-05-13 12:00:00,WIND,600702,1,HCM,1,18974,1011,160,16,160,22,1134,6,6,6,6,6,NA,NA,NA,NA,2019-05-13 12:34:00,0
2019-05-13 13:00:00,WIND,600702,1,HCM,1,18974,1011,160,15,150,21,1206,6,6,6,6,6,NA,NA,NA,NA,2019-05-13 12:52:00,0
2019-05-13 14:00:00,WIND,600702,1,HCM,1,18974,1011,170,13,160,18,1252,6,6,6,6,6,NA,NA,NA,NA,2019-05-13 14:56:00,0
2019-05-13 15:00:00,WIND,600702,1,HCM,1,18974,1011,170,11,170,16,1411,6,6,6,6,6,NA,NA,NA,NA,2019-05-13 14:57:00,0
2019-05-13 16:00:00,WIND,600702,1,HCM,1,18974,1011,150,10,160,16,1453,6,6,6,6,6,NA,NA,NA,NA,2019-05-13 15:51:00,0
2019-05-13 17:00:00,WIND,600702,1,HCM,1,18974,1011,150,10,150,14,1603,6,6,6,6,6,NA,NA,NA,NA,2019-05-13 16:51:00,0
2019-05-13 18:00:00,WIND,600702,1,HCM,1,18974,1011,150,10,150,14,1652,6,6,6,6,6,NA,NA,NA,NA,2019-05-13 17:56:00,0
2019-05-13 19:00:00,WIND,600702,1,HCM,1,18974,1011,160,9,160,15,1823,6,6,6,6,6,NA,NA,NA,NA,2019-05-13 18:51:00,0
2019-05-13 20:00:00,WIND,600702,1,HCM,1,18974,1011,150,9,140,13,1949,6,6,6,6,6,NA,NA,NA,NA,2019-05-13 19:51:00,0
2019-05-13 21:00:00,WIND,600702,1,HCM,1,18974,1011,140,10,140,15,1959,6,6,6,6,6,NA,NA,NA,NA,2019-05-13 20:54:00,0
2019-05-13 22:00:00,WIND,600702,1,HCM,1,18974,1011,160,7,150,11,2057,6,6,6,6,6,NA,NA,NA,NA,2019-05-13 21:52:00,0
2019-05-13 23:00:00,WIND,600702,1,HCM,1,18974,1011,150,8,140,13,2246,6,6,6,6,6,NA,NA,NA,NA,2019-05-13 22:55:00,0
2019-05-14 00:00:00,WIND,600702,1,HCM,1,18974,1011,150,12,150,16,2340,6,6,6,6,6,NA,NA,NA,NA,2019-05-13 23:52:00,0
2019-05-14 01:00:00,WIND,600702,1,HCM,1,18974,1011,150,13,140,17,8,6,6,6,6,6,NA,NA,NA,NA,2019-05-14 01:51:00,0
2019-05-14 02:00:00,WIND,600702,1,HCM,1,18974,1011,160,12,150,16,54,6,6,6,6,6,NA,NA,NA,NA,2019-05-14 01:52:00,0
2019-05-14 03:00:00,WIND,600702,1,HCM,1,18974,1011,160,12,150,17,216,6,6,6,6,6,NA,NA,NA,NA,2019-05-14 02:51:00,0
2019-05-14 04:00:00,WIND,600702,1,HCM,1,18974,1011,160,11,160,16,322,6,6,6,6,6,NA,NA,NA,NA,2019-05-14 04:58:00,0
2019-05-14 05:00:00,WIND,600702,1,HCM,1,18974,1011,150,10,150,15,445,6,6,6,6,6,NA,NA,NA,NA,2019-05-14 04:59:00,0
2019-05-14 06:00:00,WIND,600702,1,HCM,1,18974,1011,160,11,170,15,542,6,6,6,6,6,NA,NA,NA,NA,2019-05-14 05:52:00,0
2019-05-14 07:00:00,WIND,600702,1,HCM,1,18974,1011,150,12,150,16,627,6,6,6,6,6,NA,NA,NA,NA,2019-05-14 06:51:00,0
2019-05-14 08:00:00,WIND,600702,1,HCM,1,18974,1011,150,12,150,17,736,6,6,6,6,6,NA,NA,NA,NA,2019-05-14 07:51:00,0
2019-05-14 09:00:00,WIND,600702,1,HCM,1,18974,1011,150,12,160,18,840,6,6,6,6,6,NA,NA,NA,NA,2019-05-14 08:55:00,0
2019-05-14 10:00:00,WIND,600702,1,HCM,1,18974,1011,150,13,150,18,915,6,6,6,6,6,NA,NA,NA,NA,2019-05-14 09:51:00,0
2019-05-14 11:00:00,WIND,600702,1,HCM,1,18974,1011,140,13,140,17,953,6,6,6,6,6,NA,NA,NA,NA,2019-05-14 10:51:00,0
2019-05-14 12:00:00,WIND,600702,1,HCM,1,18974,1011,140,13,140,17,1145,6,6,6,6,6,NA,NA,NA,NA,2019-05-14 11:51:00,0
2019-05-14 13:00:00,WIND,600702,1,HCM,1,18974,1011,140,12,130,18,1154,6,6,6,6,6,NA,NA,NA,NA,2019-05-14 12:51:00,0
2019-05-14 14:00:00,WIND,600702,1,HCM,1,18974,1011,150,11,140,15,1321,6,6,6,6,6,NA,NA,NA,NA,2019-05-14 13:51:00,0
2019-05-14 15:00:00,WIND,600702,1,HCM,1,18974,1011,150,11,150,15,1409,6,6,6,6,6,NA,NA,NA,NA,2019-05-14 14:51:00,0
2019-05-14 16:00:00,WIND,600702,1,HCM,1,18974,1011,150,10,150,15,1531,6,6,6,6,6,NA,NA,NA,NA,2019-05-14 15:51:00,0
2019-05-14 17:00:00,WIND,600702,1,HCM,1,18974,1011,150,11,140,16,1554,6,6,6,6,6,NA,NA,NA,NA,2019-05-14 16:51:00,0
2019-05-14 18:00:00,WIND,600702,1,HCM,1,18974,1011,140,10,150,15,1654,6,6,6,6,6,NA,NA,NA,NA,2019-05-14 17:51:00,0
2019-05-14 19:00:00,WIND,600702,1,HCM,1,18974,1011,130,10,120,15,1821,6,6,6,6,6,NA,NA,NA,NA,2019-05-14 18:51:00,0
2019-05-14 20:00:00,WIND,600702,1,HCM,1,18974,1011,140,11,140,14,1928,6,6,6,6,6,NA,NA,NA,NA,2019-05-14 19:51:00,0
2019-05-14 21:00:00,WIND,600702,1,HCM,1,18974,1011,130,11,140,17,2047,6,6,6,6,6,NA,NA,NA,NA,2019-05-14 20:54:00,0
2019-05-14 22:00:00,WIND,600702,1,HCM,1,18974,1011,140,13,140,17,2148,6,6,6,6,6,NA,NA,NA,NA,2019-05-14 21:51:00,0
2019-05-14 23:00:00,WIND,600702,1,HCM,1,18974,1011,140,12,140,17,2229,6,6,6,6,6,NA,NA,NA,NA,2019-05-14 22:51:00,0
2019-05-15 00:00:00,WIND,600702,1,HCM,1,18974,1011,130,11,140,15,2304,6,6,6,6,6,NA,NA,NA,NA,2019-05-14 23:51:00,0
2019-05-15 01:00:00,WIND,600702,1,HCM,1,18974,1011,140,10,140,14,29,6,6,6,6,6,NA,NA,NA,NA,2019-05-15 00:51:00,0
2019-05-15 02:00:00,WIND,600702,1,HCM,1,18974,1011,150,9,140,11,113,6,6,6,6,6,NA,NA,NA,NA,2019-05-15 01:51:00,0
2019-05-15 03:00:00,WIND,600702,1,HCM,1,18974,1011,140,10,140,13,243,6,6,6,6,6,NA,NA,NA,NA,2019-05-15 02:51:00,0
2019-05-15 04:00:00,WIND,600702,1,HCM,1,18974,1011,140,11,140,15,300,6,6,6,6,6,NA,NA,NA,NA,2019-05-15 03:51:00,0
2019-05-15 05:00:00,WIND,600702,1,HCM,1,18974,1011,140,11,140,15,441,6,6,6,6,6,NA,NA,NA,NA,2019-05-15 04:51:00,0
2019-05-15 06:00:00,WIND,600702,1,HCM,1,18974,1011,150,12,150,16,521,6,6,6,6,6,NA,NA,NA,NA,2019-05-15 05:51:00,0
2019-05-15 07:00:00,WIND,600702,1,HCM,1,18974,1011,150,10,160,15,552,6,6,6,6,6,NA,NA,NA,NA,2019-05-15 06:52:00,0
2019-05-15 08:00:00,WIND,600702,1,HCM,1,18974,1011,140,10,140,14,743,6,6,6,6,6,NA,NA,NA,NA,2019-05-15 07:51:00,0
2019-05-15 09:00:00,WIND,600702,1,HCM,1,18974,1011,140,10,140,13,808,6,6,6,6,6,NA,NA,NA,NA,2019-05-15 08:53:00,0
2019-05-15 10:00:00,WIND,600702,1,HCM,1,18974,1011,140,10,130,17,944,6,6,6,6,6,NA,NA,NA,NA,2019-05-15 09:51:00,0
2019-05-15 11:00:00,WIND,600702,1,HCM,1,18974,1011,130,12,140,16,1038,6,6,6,6,6,NA,NA,NA,NA,2019-05-15 12:07:00,0
2019-05-15 12:00:00,WIND,600702,1,HCM,1,18974,1011,130,13,140,18,1122,6,6,6,6,6,NA,NA,NA,NA,2019-05-15 12:08:00,0
2019-05-15 13:00:00,WIND,600702,1,HCM,1,18974,1011,130,12,130,17,1243,6,6,6,6,6,NA,NA,NA,NA,2019-05-15 14:36:00,0
2019-05-15 14:00:00,WIND,600702,1,HCM,1,18974,1011,140,13,130,18,1252,6,6,6,6,6,NA,NA,NA,NA,2019-05-15 14:37:00,0
2019-05-15 15:00:00,WIND,600702,1,HCM,1,18974,1011,150,12,150,18,1428,6,6,6,6,6,NA,NA,NA,NA,2019-05-15 14:52:00,0
2019-05-15 16:00:00,WIND,600702,1,HCM,1,18974,1011,150,11,150,15,1515,6,6,6,6,6,NA,NA,NA,NA,2019-05-15 15:51:00,0
2019-05-15 17:00:00,WIND,600702,1,HCM,1,18974,1011,140,9,150,13,1555,6,6,6,6,6,NA,NA,NA,NA,2019-05-15 16:51:00,0
2019-05-15 18:00:00,WIND,600702,1,HCM,1,18974,1011,140,10,150,14,1704,6,6,6,6,6,NA,NA,NA,NA,2019-05-15 17:51:00,0
2019-05-15 19:00:00,WIND,600702,1,HCM,1,18974,1011,150,11,130,14,1754,6,6,6,6,6,NA,NA,NA,NA,2019-05-15 18:51:00,0
2019-05-15 20:00:00,WIND,600702,1,HCM,1,18974,1011,140,10,150,15,1855,6,6,6,6,6,NA,NA,NA,NA,2019-05-15 19:51:00,0
2019-05-15 21:00:00,WIND,600702,1,HCM,1,18974,1011,120,12,130,16,2019,6,6,6,6,6,NA,NA,NA,NA,2019-05-15 20:54:00,0
2019-05-15 22:00:00,WIND,600702,1,HCM,1,18974,1011,120,10,120,12,2106,6,6,6,6,6,NA,NA,NA,NA,2019-05-15 21:55:00,0
2019-05-15 23:00:00,WIND,600702,1,HCM,1,18974,1011,130,9,130,13,2234,6,6,6,6,6,NA,NA,NA,NA,2019-05-15 22:51:00,0
2019-05-16 00:00:00,WIND,600702,1,HCM,1,18974,1011,140,8,130,11,2250,6,6,6,6,6,NA,NA,NA,NA,2019-05-15 23:51:00,0
2019-05-16 01:00:00,WIND,600702,1,HCM,1,18974,1011,140,9,140,13,12,6,6,6,6,6,NA,NA,NA,NA,2019-05-16 00:51:00,0
2019-05-16 02:00:00,WIND,600702,1,HCM,1,18974,1011,150,11,150,14,112,6,6,6,6,6,NA,NA,NA,NA,2019-05-16 01:51:00,0
2019-05-16 03:00:00,WIND,600702,1,HCM,1,18974,1011,140,11,150,15,246,6,6,6,6,6,NA,NA,NA,NA,2019-05-16 02:51:00,0
2019-05-16 04:00:00,WIND,600702,1,HCM,1,18974,1011,140,11,140,14,306,6,6,6,6,6,NA,NA,NA,NA,2019-05-16 03:51:00,0
2019-05-16 05:00:00,WIND,600702,1,HCM,1,18974,1011,130,12,130,17,402,6,6,6,6,6,NA,NA,NA,NA,2019-05-16 04:51:00,0
2019-05-16 06:00:00,WIND,600702,1,HCM,1,18974,1011,140,13,140,17,542,6,6,6,6,6,NA,NA,NA,NA,2019-05-16 05:51:00,0
2019-05-16 07:00:00,WIND,600702,1,HCM,1,18974,1011,120,11,120,16,642,6,6,6,6,6,NA,NA,NA,NA,2019-05-16 06:51:00,0
2019-05-16 08:00:00,WIND,600702,1,HCM,1,18974,1011,130,13,130,18,702,6,6,6,6,6,NA,NA,NA,NA,2019-05-16 07:51:00,0
2019-05-16 09:00:00,WIND,600702,1,HCM,1,18974,1011,140,10,150,15,848,6,6,6,6,6,NA,NA,NA,NA,2019-05-16 08:54:00,0
2019-05-16 10:00:00,WIND,600702,1,HCM,1,18974,1011,150,12,150,16,912,6,6,6,6,6,NA,NA,NA,NA,2019-05-16 09:53:00,0
2019-05-16 11:00:00,WIND,600702,1,HCM,1,18974,1011,150,12,150,16,1025,6,6,6,6,6,NA,NA,NA,NA,2019-05-16 10:51:00,0
2019-05-16 12:00:00,WIND,600702,1,HCM,1,18974,1011,140,13,140,18,1120,6,6,6,6,6,NA,NA,NA,NA,2019-05-16 11:53:00,0
2019-05-16 13:00:00,WIND,600702,1,HCM,1,18974,1011,150,13,140,17,1156,6,6,6,6,6,NA,NA,NA,NA,2019-05-16 12:52:00,0
2019-05-16 14:00:00,WIND,600702,1,HCM,1,18974,1011,170,12,180,16,1346,6,6,6,6,6,NA,NA,NA,NA,2019-05-16 13:52:00,0
2019-05-16 15:00:00,WIND,600702,1,HCM,1,18974,1011,180,13,180,18,1439,6,6,6,6,6,NA,NA,NA,NA,2019-05-16 14:53:00,0
2019-05-16 16:00:00,WIND,600702,1,HCM,1,18974,1011,180,14,180,19,1504,6,6,6,6,6,NA,NA,NA,NA,2019-05-16 15:52:00,0
2019-05-16 17:00:00,WIND,600702,1,HCM,1,18974,1011,190,13,190,19,1620,6,6,6,6,6,NA,NA,NA,NA,2019-05-16 16:52:00,0
2019-05-16 18:00:00,WIND,600702,1,HCM,1,18974,1011,190,12,180,17,1654,6,6,6,6,6,NA,NA,NA,NA,2019-05-16 17:51:00,0
2019-05-16 19:00:00,WIND,600702,1,HCM,1,18974,1011,190,10,180,15,1750,6,6,6,6,6,NA,NA,NA,NA,2019-05-16 18:51:00,0
2019-05-16 20:00:00,WIND,600702,1,HCM,1,18974,1011,160,5,180,9,1854,6,6,6,6,6,NA,NA,NA,NA,2019-05-16 19:51:00,0
2019-05-16 21:00:00,WIND,600702,1,HCM,1,18974,1011,120,5,90,8,2044,6,6,6,6,6,NA,NA,NA,NA,2019-05-16 20:55:00,0
2019-05-16 22:00:00,WIND,600702,1,HCM,1,18974,1011,120,7,140,11,2101,6,6,6,6,6,NA,NA,NA,NA,2019-05-16 21:51:00,0
2019-05-16 23:00:00,WIND,600702,1,HCM,1,18974,1011,120,7,130,9,2221,6,6,6,6,6,NA,NA,NA,NA,2019-05-16 22:51:00,0
2019-05-17 00:00:00,WIND,600702,1,HCM,1,18974,1011,90,7,80,10,2335,6,6,6,6,6,NA,NA,NA,NA,2019-05-16 23:51:00,0
2019-05-17 01:00:00,WIND,600702,1,HCM,1,18974,1011,70,7,80,10,48,6,6,6,6,6,NA,NA,NA,NA,2019-05-17 00:53:00,0
2019-05-17 02:00:00,WIND,600702,1,HCM,1,18974,1011,110,12,120,18,149,6,6,6,6,6,NA,NA,NA,NA,2019-05-17 01:52:00,0
2019-05-17 03:00:00,WIND,600702,1,HCM,1,18974,1011,130,16,120,20,201,6,6,6,6,6,NA,NA,NA,NA,2019-05-17 02:53:00,0
2019-05-17 04:00:00,WIND,600702,1,HCM,1,18974,1011,130,14,130,20,252,6,6,6,6,6,NA,NA,NA,NA,2019-05-17 03:53:00,0
2019-05-17 05:00:00,WIND,600702,1,HCM,1,18974,1011,120,14,130,19,446,6,6,6,6,6,NA,NA,NA,NA,2019-05-17 04:52:00,0
2019-05-17 06:00:00,WIND,600702,1,HCM,1,18974,1011,120,14,130,20,450,6,6,6,6,6,NA,NA,NA,NA,2019-05-17 05:53:00,0
2019-05-17 07:00:00,WIND,600702,1,HCM,1,18974,1011,110,13,120,18,620,6,6,6,6,6,NA,NA,NA,NA,2019-05-17 06:53:00,0
2019-05-17 08:00:00,WIND,600702,1,HCM,1,18974,1011,90,10,110,15,651,6,6,6,6,6,NA,NA,NA,NA,2019-05-17 07:52:00,0
2019-05-17 09:00:00,WIND,600702,1,HCM,1,18974,1011,110,11,100,16,826,6,6,6,6,6,NA,NA,NA,NA,2019-05-17 08:55:00,0
2019-05-17 10:00:00,WIND,600702,1,HCM,1,18974,1011,110,10,90,13,937,6,6,6,6,6,NA,NA,NA,NA,2019-05-17 09:53:00,0
2019-05-17 11:00:00,WIND,600702,1,HCM,1,18974,1011,90,8,110,12,1007,6,6,6,6,6,NA,NA,NA,NA,2019-05-17 10:52:00,0
2019-05-17 12:00:00,WIND,600702,1,HCM,1,18974,1011,120,6,130,10,1126,6,6,6,6,6,NA,NA,NA,NA,2019-05-17 11:51:00,0
2019-05-17 13:00:00,WIND,600702,1,HCM,1,18974,1011,110,4,10,9,1248,6,6,6,6,6,NA,NA,NA,NA,2019-05-17 12:51:00,0
2019-05-17 14:00:00,WIND,600702,1,HCM,1,18974,1011,10,8,360,10,1252,6,6,6,6,6,NA,NA,NA,NA,2019-05-17 13:53:00,0
2019-05-17 15:00:00,WIND,600702,1,HCM,1,18974,1011,360,10,360,13,1433,6,6,6,6,6,NA,NA,NA,NA,2019-05-17 14:54:00,0
2019-05-17 16:00:00,WIND,600702,1,HCM,1,18974,1011,350,11,350,15,1527,6,6,6,6,6,NA,NA,NA,NA,2019-05-17 15:51:00,0
2019-05-17 17:00:00,WIND,600702,1,HCM,1,18974,1011,350,13,350,18,1617,6,6,6,6,6,NA,NA,NA,NA,2019-05-17 16:51:00,0
2019-05-17 18:00:00,WIND,600702,1,HCM,1,18974,1011,340,13,350,18,1715,6,6,6,6,6,NA,NA,NA,NA,2019-05-17 17:54:00,0
2019-05-17 19:00:00,WIND,600702,1,HCM,1,18974,1011,340,14,330,18,1834,6,6,6,6,6,NA,NA,NA,NA,2019-05-17 18:53:00,0
2019-05-17 20:00:00,WIND,600702,1,HCM,1,18974,1011,320,12,320,16,1919,6,6,6,6,6,NA,NA,NA,NA,2019-05-17 19:54:00,0
2019-05-17 21:00:00,WIND,600702,1,HCM,1,18974,1011,330,12,340,18,2045,6,6,6,6,6,NA,NA,NA,NA,2019-05-17 20:54:00,0
2019-05-17 22:00:00,WIND,600702,1,HCM,1,18974,1011,340,12,340,17,2057,6,6,6,6,6,NA,NA,NA,NA,2019-05-17 21:52:00,0
2019-05-17 23:00:00,WIND,600702,1,HCM,1,18974,1011,350,11,340,14,2209,6,6,6,6,6,NA,NA,NA,NA,2019-05-17 22:51:00,0
2019-05-18 00:00:00,WIND,600702,1,HCM,1,18974,1011,360,8,360,13,2304,6,6,6,6,6,NA,NA,NA,NA,2019-05-17 23:51:00,0
2019-05-18 01:00:00,WIND,600702,1,HCM,1,18974,1011,80,8,110,15,41,6,6,6,6,6,NA,NA,NA,NA,2019-05-18 00:51:00,0
2019-05-18 02:00:00,WIND,600702,1,HCM,1,18974,1011,120,9,110,13,102,6,6,6,6,6,NA,NA,NA,NA,2019-05-18 01:51:00,0
2019-05-18 03:00:00,WIND,600702,1,HCM,1,18974,1011,120,6,120,9,200,6,6,6,6,6,NA,NA,NA,NA,2019-05-18 02:51:00,0
2019-05-18 04:00:00,WIND,600702,1,HCM,1,18974,1011,110,5,110,7,311,6,6,6,6,6,NA,NA,NA,NA,2019-05-18 03:51:00,0
2019-05-18 05:00:00,WIND,600702,1,HCM,1,18974,1011,60,6,70,11,447,6,6,6,6,6,NA,NA,NA,NA,2019-05-18 04:51:00,0
2019-05-18 06:00:00,WIND,600702,1,HCM,1,18974,1011,60,8,70,13,456,6,6,6,6,6,NA,NA,NA,NA,2019-05-18 05:51:00,0
2019-05-18 07:00:00,WIND,600702,1,HCM,1,18974,1011,40,7,40,12,648,6,6,6,6,6,NA,NA,NA,NA,2019-05-18 06:51:00,0
2019-05-18 08:00:00,WIND,600702,1,HCM,1,18974,1011,40,11,40,15,653,6,6,6,6,6,NA,NA,NA,NA,2019-05-18 07:51:00,0
2019-05-18 09:00:00,WIND,600702,1,HCM,1,18974,1011,40,11,30,16,837,6,6,6,6,6,NA,NA,NA,NA,2019-05-18 08:55:00,0
2019-05-18 10:00:00,WIND,600702,1,HCM,1,18974,1011,40,13,40,17,947,6,6,6,6,6,NA,NA,NA,NA,2019-05-18 09:51:00,0
2019-05-18 11:00:00,WIND,600702,1,HCM,1,18974,1011,40,11,40,17,956,6,6,6,6,6,NA,NA,NA,NA,2019-05-18 10:51:00,0
2019-05-18 12:00:00,WIND,600702,1,HCM,1,18974,1011,30,12,30,15,1116,6,6,6,6,6,NA,NA,NA,NA,2019-05-18 11:52:00,0
2019-05-18 13:00:00,WIND,600702,1,HCM,1,18974,1011,20,9,10,13,1155,6,6,6,6,6,NA,NA,NA,NA,2019-05-18 12:51:00,0
2019-05-18 14:00:00,WIND,600702,1,HCM,1,18974,1011,360,8,350,11,1345,6,6,6,6,6,NA,NA,NA,NA,2019-05-18 13:51:00,0
2019-05-18 15:00:00,WIND,600702,1,HCM,1,18974,1011,340,9,350,13,1400,6,6,6,6,6,NA,NA,NA,NA,2019-05-18 14:51:00,0
2019-05-18 16:00:00,WIND,600702,1,HCM,1,18974,1011,340,8,340,11,1508,6,6,6,6,6,NA,NA,NA,NA,2019-05-18 15:51:00,0
2019-05-18 17:00:00,WIND,600702,1,HCM,1,18974,1011,340,7,350,9,1606,6,6,6,6,6,NA,NA,NA,NA,2019-05-18 16:51:00,0
2019-05-18 18:00:00,WIND,600702,1,HCM,1,18974,1011,310,7,290,10,1734,6,6,6,6,6,NA,NA,NA,NA,2019-05-18 17:51:00,0
2019-05-18 19:00:00,WIND,600702,1,HCM,1,18974,1011,300,8,290,12,1848,6,6,6,6,6,NA,NA,NA,NA,2019-05-18 18:51:00,0
2019-05-18 20:00:00,WIND,600702,1,HCM,1,18974,1011,310,11,310,15,1919,6,6,6,6,6,NA,NA,NA,NA,2019-05-18 19:51:00,0
2019-05-18 21:00:00,WIND,600702,1,HCM,1,18974,1011,310,8,310,12,2005,6,6,6,6,6,NA,NA,NA,NA,2019-05-18 20:54:00,0
2019-05-18 22:00:00,WIND,600702,1,HCM,1,18974,1011,330,6,330,9,2134,6,6,6,6,6,NA,NA,NA,NA,2019-05-18 21:52:00,0
2019-05-18 23:00:00,WIND,600702,1,HCM,1,18974,1011,330,7,330,9,2207,6,6,6,6,6,NA,NA,NA,NA,2019-05-18 22:51:00,0
2019-05-19 00:00:00,WIND,600702,1,HCM,1,18974,1011,330,6,340,8,2348,6,6,6,6,6,NA,NA,NA,NA,2019-05-18 23:51:00,0
2019-05-19 01:00:00,WIND,600702,1,HCM,1,18974,1011,340,6,340,8,2352,6,6,6,6,6,NA,NA,NA,NA,2019-05-19 00:51:00,0
2019-05-19 02:00:00,WIND,600702,1,HCM,1,18974,1011,310,5,320,7,103,6,6,6,6,6,NA,NA,NA,NA,2019-05-19 01:51:00,0
2019-05-19 03:00:00,WIND,600702,1,HCM,1,18974,1011,300,5,310,7,202,6,6,6,6,6,NA,NA,NA,NA,2019-05-19 02:51:00,0
2019-05-19 04:00:00,WIND,600702,1,HCM,1,18974,1011,280,4,280,5,321,6,6,6,6,6,NA,NA,NA,NA,2019-05-19 03:51:00,0
2019-05-19 05:00:00,WIND,600702,1,HCM,1,18974,1011,270,4,270,4,448,6,6,6,6,6,NA,NA,NA,NA,2019-05-19 04:51:00,0
2019-05-19 06:00:00,WIND,600702,1,HCM,1,18974,1011,270,4,290,7,535,6,6,6,6,6,NA,NA,NA,NA,2019-05-19 05:51:00,0
2019-05-19 07:00:00,WIND,600702,1,HCM,1,18974,1011,310,5,300,8,643,6,6,6,6,6,NA,NA,NA,NA,2019-05-19 06:51:00,0
2019-05-19 08:00:00,WIND,600702,1,HCM,1,18974,1011,300,6,300,8,743,6,6,6,6,6,NA,NA,NA,NA,2019-05-19 07:51:00,0
2019-05-19 09:00:00,WIND,600702,1,HCM,1,18974,1011,290,7,300,10,849,6,6,6,6,6,NA,NA,NA,NA,2019-05-19 08:56:00,0
2019-05-19 10:00:00,WIND,600702,1,HCM,1,18974,1011,300,8,290,11,914,6,6,6,6,6,NA,NA,NA,NA,2019-05-19 09:51:00,0
2019-05-19 11:00:00,WIND,600702,1,HCM,1,18974,1011,300,9,300,12,1019,6,6,6,6,6,NA,NA,NA,NA,2019-05-19 10:51:00,0
2019-05-19 12:00:00,WIND,600702,1,HCM,1,18974,1011,290,10,290,13,1055,6,6,6,6,6,NA,NA,NA,NA,2019-05-19 11:51:00,0
2019-05-19 13:00:00,WIND,600702,1,HCM,1,18974,1011,280,10,300,14,1249,6,6,6,6,6,NA,NA,NA,NA,2019-05-19 12:51:00,0
2019-05-19 14:00:00,WIND,600702,1,HCM,1,18974,1011,280,11,270,15,1315,6,6,6,6,6,NA,NA,NA,NA,2019-05-19 13:51:00,0
2019-05-19 15:00:00,WIND,600702,1,HCM,1,18974,1011,280,14,280,19,1436,6,6,6,6,6,NA,NA,NA,NA,2019-05-19 14:51:00,0
2019-05-19 16:00:00,WIND,600702,1,HCM,1,18974,1011,280,14,280,20,1455,6,6,6,6,6,NA,NA,NA,NA,2019-05-19 15:51:00,0
2019-05-19 17:00:00,WIND,600702,1,HCM,1,18974,1011,290,14,300,19,1622,6,6,6,6,6,NA,NA,NA,NA,2019-05-19 16:51:00,0
2019-05-19 18:00:00,WIND,600702,1,HCM,1,18974,1011,290,13,290,17,1708,6,6,6,6,6,NA,NA,NA,NA,2019-05-19 17:51:00,0
2019-05-19 19:00:00,WIND,600702,1,HCM,1,18974,1011,290,12,290,17,1759,6,6,6,6,6,NA,NA,NA,NA,2019-05-19 18:51:00,0
2019-05-19 20:00:00,WIND,600702,1,HCM,1,18974,1011,300,12,300,17,1904,6,6,6,6,6,NA,NA,NA,NA,2019-05-19 19:51:00,0
2019-05-19 21:00:00,WIND,600702,1,HCM,1,18974,1011,300,11,300,16,2012,6,6,6,6,6,NA,NA,NA,NA,2019-05-19 20:54:00,0
2019-05-19 22:00:00,WIND,600702,1,HCM,1,18974,1011,300,11,320,15,2146,6,6,6,6,6,NA,NA,NA,NA,2019-05-19 21:51:00,0
2019-05-19 23:00:00,WIND,600702,1,HCM,1,18974,1011,310,10,310,13,2205,6,6,6,6,6,NA,NA,NA,NA,2019-05-19 22:51:00,0
2019-05-20 00:00:00,WIND,600702,1,HCM,1,18974,1011,310,9,310,14,2300,6,6,6,6,6,NA,NA,NA,NA,2019-05-19 23:51:00,0
2019-05-20 01:00:00,WIND,600702,1,HCM,1,18974,1011,300,8,300,11,15,6,6,6,6,6,NA,NA,NA,NA,2019-05-20 00:51:00,0
2019-05-20 02:00:00,WIND,600702,1,HCM,1,18974,1011,300,7,310,10,54,6,6,6,6,6,NA,NA,NA,NA,2019-05-20 01:51:00,0
2019-05-20 03:00:00,WIND,600702,1,HCM,1,18974,1011,300,8,300,10,219,6,6,6,6,6,NA,NA,NA,NA,2019-05-20 02:51:00,0
2019-05-20 04:00:00,WIND,600702,1,HCM,1,18974,1011,310,8,300,11,300,6,6,6,6,6,NA,NA,NA,NA,2019-05-20 03:51:00,0
2019-05-20 05:00:00,WIND,600702,1,HCM,1,18974,1011,310,7,310,10,350,6,6,6,6,6,NA,NA,NA,NA,2019-05-20 04:51:00,0
2019-05-20 06:00:00,WIND,600702,1,HCM,1,18974,1011,310,7,310,11,546,6,6,6,6,6,NA,NA,NA,NA,2019-05-20 05:51:00,0
2019-05-20 07:00:00,WIND,600702,1,HCM,1,18974,1011,310,9,300,12,609,6,6,6,6,6,NA,NA,NA,NA,2019-05-20 06:51:00,0
2019-05-20 08:00:00,WIND,600702,1,HCM,1,18974,1011,310,10,320,14,733,6,6,6,6,6,NA,NA,NA,NA,2019-05-20 07:51:00,0
2019-05-20 09:00:00,WIND,600702,1,HCM,1,18974,1011,320,10,300,13,818,6,6,6,6,6,NA,NA,NA,NA,2019-05-20 08:54:00,0
2019-05-20 10:00:00,WIND,600702,1,HCM,1,18974,1011,320,9,330,15,921,6,6,6,6,6,NA,NA,NA,NA,2019-05-20 09:51:00,0
2019-05-20 11:00:00,WIND,600702,1,HCM,1,18974,1011,320,9,300,13,956,6,6,6,6,6,NA,NA,NA,NA,2019-05-20 10:51:00,0
2019-05-20 12:00:00,WIND,600702,1,HCM,1,18974,1011,310,9,330,13,1101,6,6,6,6,6,NA,NA,NA,NA,2019-05-20 11:51:00,0
2019-05-20 13:00:00,WIND,600702,1,HCM,1,18974,1011,290,9,280,13,1246,6,6,6,6,6,NA,NA,NA,NA,2019-05-20 12:51:00,0
2019-05-20 14:00:00,WIND,600702,1,HCM,1,18974,1011,300,10,310,15,1324,6,6,6,6,6,NA,NA,NA,NA,2019-05-20 13:51:00,0
2019-05-20 15:00:00,WIND,600702,1,HCM,1,18974,1011,310,11,310,15,1404,6,6,6,6,6,NA,NA,NA,NA,2019-05-20 14:51:00,0
2019-05-20 16:00:00,WIND,600702,1,HCM,1,18974,1011,310,11,300,15,1541,6,6,6,6,6,NA,NA,NA,NA,2019-05-20 15:51:00,0
2019-05-20 17:00:00,WIND,600702,1,HCM,1,18974,1011,310,12,300,16,1604,6,6,6,6,6,NA,NA,NA,NA,2019-05-20 16:51:00,0
2019-05-20 18:00:00,WIND,600702,1,HCM,1,18974,1011,300,11,300,16,1715,6,6,6,6,6,NA,NA,NA,NA,2019-05-20 17:51:00,0
2019-05-20 19:00:00,WIND,600702,1,HCM,1,18974,1011,310,11,310,15,1846,6,6,6,6,6,NA,NA,NA,NA,2019-05-20 18:51:00,0
2019-05-20 20:00:00,WIND,600702,1,HCM,1,18974,1011,310,10,310,15,1855,6,6,6,6,6,NA,NA,NA,NA,2019-05-20 19:51:00,0
2019-05-20 21:00:00,WIND,600702,1,HCM,1,18974,1011,320,9,310,12,2006,6,6,6,6,6,NA,NA,NA,NA,2019-05-20 20:53:00,0
2019-05-20 22:00:00,WIND,600702,1,HCM,1,18974,1011,320,8,320,11,2128,6,6,6,6,6,NA,NA,NA,NA,2019-05-20 21:52:00,0
2019-05-20 23:00:00,WIND,600702,1,HCM,1,18974,1011,320,8,320,10,2232,6,6,6,6,6,NA,NA,NA,NA,2019-05-20 22:51:00,0
2019-05-21 00:00:00,WIND,600702,1,HCM,1,18974,1011,320,8,310,11,2325,6,6,6,6,6,NA,NA,NA,NA,2019-05-20 23:51:00,0
2019-05-21 01:00:00,WIND,600702,1,HCM,1,18974,1011,330,8,330,12,23,6,6,6,6,6,NA,NA,NA,NA,2019-05-21 00:51:00,0
2019-05-21 02:00:00,WIND,600702,1,HCM,1,18974,1011,330,7,340,10,52,6,6,6,6,6,NA,NA,NA,NA,2019-05-21 01:51:00,0
2019-05-21 03:00:00,WIND,600702,1,HCM,1,18974,1011,310,7,310,9,206,6,6,6,6,6,NA,NA,NA,NA,2019-05-21 02:51:00,0
2019-05-21 04:00:00,WIND,600702,1,HCM,1,18974,1011,320,6,310,7,302,6,6,6,6,6,NA,NA,NA,NA,2019-05-21 03:51:00,0
2019-05-21 05:00:00,WIND,600702,1,HCM,1,18974,1011,330,6,330,7,439,6,6,6,6,6,NA,NA,NA,NA,2019-05-21 04:51:00,0
2019-05-21 06:00:00,WIND,600702,1,HCM,1,18974,1011,320,5,320,7,546,6,6,6,6,6,NA,NA,NA,NA,2019-05-21 05:51:00,0
2019-05-21 07:00:00,WIND,600702,1,HCM,1,18974,1011,300,9,280,16,624,6,6,6,6,6,NA,NA,NA,NA,2019-05-21 06:51:00,0
2019-05-21 08:00:00,WIND,600702,1,HCM,1,18974,1011,340,8,320,15,704,6,6,6,6,6,NA,NA,NA,NA,2019-05-21 07:51:00,0
2019-05-21 09:00:00,WIND,600702,1,HCM,1,18974,1011,320,8,330,12,814,6,6,6,6,6,NA,NA,NA,NA,2019-05-21 08:54:00,0
2019-05-21 10:00:00,WIND,600702,1,HCM,1,18974,1011,320,9,320,11,924,6,6,6,6,6,NA,NA,NA,NA,2019-05-21 09:53:00,0
2019-05-21 11:00:00,WIND,600702,1,HCM,1,18974,1011,320,10,330,14,1016,6,6,6,6,6,NA,NA,NA,NA,2019-05-21 10:52:00,0
2019-05-21 12:00:00,WIND,600702,1,HCM,1,18974,1011,310,10,300,14,1112,6,6,6,6,6,NA,NA,NA,NA,2019-05-21 11:51:00,0
2019-05-21 13:00:00,WIND,600702,1,HCM,1,18974,1011,310,11,320,15,1233,6,6,6,6,6,NA,NA,NA,NA,2019-05-21 12:51:00,0
2019-05-21 14:00:00,WIND,600702,1,HCM,1,18974,1011,310,12,310,17,1330,6,6,6,6,6,NA,NA,NA,NA,2019-05-21 13:51:00,0
2019-05-21 15:00:00,WIND,600702,1,HCM,1,18974,1011,300,12,310,16,1441,6,6,6,6,6,NA,NA,NA,NA,2019-05-21 14:51:00,0
2019-05-21 16:00:00,WIND,600702,1,HCM,1,18974,1011,310,12,310,17,1548,6,6,6,6,6,NA,NA,NA,NA,2019-05-21 15:51:00,0
2019-05-21 17:00:00,WIND,600702,1,HCM,1,18974,1011,310,12,300,16,1635,6,6,6,6,6,NA,NA,NA,NA,2019-05-21 16:51:00,0
2019-05-21 18:00:00,WIND,600702,1,HCM,1,18974,1011,310,12,310,16,1725,6,6,6,6,6,NA,NA,NA,NA,2019-05-21 17:51:00,0
2019-05-21 19:00:00,WIND,600702,1,HCM,1,18974,1011,310,12,320,16,1752,6,6,6,6,6,NA,NA,NA,NA,2019-05-21 18:51:00,0
2019-05-21 20:00:00,WIND,600702,1,HCM,1,18974,1011,310,11,320,15,1850,6,6,6,6,6,NA,NA,NA,NA,2019-05-21 19:51:00,0
2019-05-21 21:00:00,WIND,600702,1,HCM,1,18974,1011,320,9,320,13,2005,6,6,6,6,6,NA,NA,NA,NA,2019-05-21 20:53:00,0
2019-05-21 22:00:00,WIND,600702,1,HCM,1,18974,1011,330,9,330,12,2051,6,6,6,6,6,NA,NA,NA,NA,2019-05-21 21:51:00,0
2019-05-21 23:00:00,WIND,600702,1,HCM,1,18974,1011,320,8,330,11,2154,6,6,6,6,6,NA,NA,NA,NA,2019-05-21 22:51:00,0
2019-05-22 00:00:00,WIND,600702,1,HCM,1,18974,1011,320,8,330,10,2250,6,6,6,6,6,NA,NA,NA,NA,2019-05-21 23:51:00,0
2019-05-22 01:00:00,WIND,600702,1,HCM,1,18974,1011,320,8,320,9,2350,6,6,6,6,6,NA,NA,NA,NA,2019-05-22 00:51:00,0
2019-05-22 02:00:00,WIND,600702,1,HCM,1,18974,1011,320,7,320,9,132,6,6,6,6,6,NA,NA,NA,NA,2019-05-22 01:52:00,0
2019-05-22 03:00:00,WIND,600702,1,HCM,1,18974,1011,330,8,330,9,201,6,6,6,6,6,NA,NA,NA,NA,2019-05-22 02:51:00,0
2019-05-22 04:00:00,WIND,600702,1,HCM,1,18974,1011,320,7,310,9,331,6,6,6,6,6,NA,NA,NA,NA,2019-05-22 03:51:00,0
2019-05-22 05:00:00,WIND,600702,1,HCM,1,18974,1011,310,7,310,9,407,6,6,6,6,6,NA,NA,NA,NA,2019-05-22 04:51:00,0
2019-05-22 06:00:00,WIND,600702,1,HCM,1,18974,1011,310,7,310,11,549,6,6,6,6,6,NA,NA,NA,NA,2019-05-22 05:51:00,0
2019-05-22 07:00:00,WIND,600702,1,HCM,1,18974,1011,300,9,290,13,648,6,6,6,6,6,NA,NA,NA,NA,2019-05-22 06:51:00,0
2019-05-22 08:00:00,WIND,600702,1,HCM,1,18974,1011,310,12,290,16,718,6,6,6,6,6,NA,NA,NA,NA,2019-05-22 07:51:00,0
2019-05-22 09:00:00,WIND,600702,1,HCM,1,18974,1011,310,11,310,15,756,6,6,6,6,6,NA,NA,NA,NA,2019-05-22 08:56:00,0
2019-05-22 10:00:00,WIND,600702,1,HCM,1,18974,1011,310,11,300,16,912,6,6,6,6,6,NA,NA,NA,NA,2019-05-22 09:52:00,0
2019-05-22 11:00:00,WIND,600702,1,HCM,1,18974,1011,310,12,310,17,1006,6,6,6,6,6,NA,NA,NA,NA,2019-05-22 10:51:00,0
2019-05-22 12:00:00,WIND,600702,1,HCM,1,18974,1011,310,11,300,16,1144,6,6,6,6,6,NA,NA,NA,NA,2019-05-22 11:52:00,0
2019-05-22 13:00:00,WIND,600702,1,HCM,1,18974,1011,300,12,300,17,1245,6,6,6,6,6,NA,NA,NA,NA,2019-05-22 12:51:00,0
2019-05-22 14:00:00,WIND,600702,1,HCM,1,18974,1011,300,13,300,17,1256,6,6,6,6,6,NA,NA,NA,NA,2019-05-22 13:51:00,0
2019-05-22 15:00:00,WIND,600702,1,HCM,1,18974,1011,300,13,310,18,1421,6,6,6,6,6,NA,NA,NA,NA,2019-05-22 14:51:00,0
2019-05-22 16:00:00,WIND,600702,1,HCM,1,18974,1011,300,13,310,18,1457,6,6,6,6,6,NA,NA,NA,NA,2019-05-22 15:51:00,0
2019-05-22 17:00:00,WIND,600702,1,HCM,1,18974,1011,300,12,290,18,1611,6,6,6,6,6,NA,NA,NA,NA,2019-05-22 16:51:00,0
2019-05-22 18:00:00,WIND,600702,1,HCM,1,18974,1011,300,12,300,16,1730,6,6,6,6,6,NA,NA,NA,NA,2019-05-22 17:51:00,0
2019-05-22 19:00:00,WIND,600702,1,HCM,1,18974,1011,300,12,300,16,1817,6,6,6,6,6,NA,NA,NA,NA,2019-05-22 18:51:00,0
2019-05-22 20:00:00,WIND,600702,1,HCM,1,18974,1011,290,10,290,15,1858,6,6,6,6,6,NA,NA,NA,NA,2019-05-22 19:51:00,0
2019-05-22 21:00:00,WIND,600702,1,HCM,1,18974,1011,300,8,290,11,1954,6,6,6,6,6,NA,NA,NA,NA,2019-05-22 20:54:00,0
2019-05-22 22:00:00,WIND,600702,1,HCM,1,18974,1011,290,7,300,9,2057,6,6,6,6,6,NA,NA,NA,NA,2019-05-22 21:52:00,0
2019-05-22 23:00:00,WIND,600702,1,HCM,1,18974,1011,290,7,290,9,2226,6,6,6,6,6,NA,NA,NA,NA,2019-05-22 22:51:00,0
2019-05-23 00:00:00,WIND,600702,1,HCM,1,18974,1011,290,7,290,9,2340,6,6,6,6,6,NA,NA,NA,NA,2019-05-22 23:51:00,0
2019-05-23 01:00:00,WIND,600702,1,HCM,1,18974,1011,290,7,290,9,2356,6,6,6,6,6,NA,NA,NA,NA,2019-05-23 00:51:00,0
2019-05-23 02:00:00,WIND,600702,1,HCM,1,18974,1011,280,8,280,11,121,6,6,6,6,6,NA,NA,NA,NA,2019-05-23 01:51:00,0
2019-05-23 03:00:00,WIND,600702,1,HCM,1,18974,1011,280,10,290,14,232,6,6,6,6,6,NA,NA,NA,NA,2019-05-23 02:51:00,0
2019-05-23 04:00:00,WIND,600702,1,HCM,1,18974,1011,280,9,290,13,251,6,6,6,6,6,NA,NA,NA,NA,2019-05-23 03:51:00,0
2019-05-23 05:00:00,WIND,600702,1,HCM,1,18974,1011,280,9,280,15,421,6,6,6,6,6,NA,NA,NA,NA,2019-05-23 04:51:00,0
2019-05-23 06:00:00,WIND,600702,1,HCM,1,18974,1011,300,8,300,15,535,6,6,6,6,6,NA,NA,NA,NA,2019-05-23 05:51:00,0
2019-05-23 07:00:00,WIND,600702,1,HCM,1,18974,1011,300,10,300,13,649,6,6,6,6,6,NA,NA,NA,NA,2019-05-23 06:51:00,0
2019-05-23 08:00:00,WIND,600702,1,HCM,1,18974,1011,290,10,300,16,650,6,6,6,6,6,NA,NA,NA,NA,2019-05-23 07:51:00,0
2019-05-23 09:00:00,WIND,600702,1,HCM,1,18974,1011,280,10,290,14,829,6,6,6,6,6,NA,NA,NA,NA,2019-05-23 08:54:00,0
2019-05-23 10:00:00,WIND,600702,1,HCM,1,18974,1011,290,11,290,15,904,6,6,6,6,6,NA,NA,NA,NA,2019-05-23 09:51:00,0
2019-05-23 11:00:00,WIND,600702,1,HCM,1,18974,1011,290,11,290,16,1038,6,6,6,6,6,NA,NA,NA,NA,2019-05-23 10:51:00,0
2019-05-23 12:00:00,WIND,600702,1,HCM,1,18974,1011,280,11,270,17,1143,6,6,6,6,6,NA,NA,NA,NA,2019-05-23 11:51:00,0
2019-05-23 13:00:00,WIND,600702,1,HCM,1,18974,1011,280,13,270,20,1242,6,6,6,6,6,NA,NA,NA,NA,2019-05-23 12:51:00,0
2019-05-23 14:00:00,WIND,600702,1,HCM,1,18974,1011,280,15,270,21,1331,6,6,6,6,6,NA,NA,NA,NA,2019-05-23 13:51:00,0
2019-05-23 15:00:00,WIND,600702,1,HCM,1,18974,1011,290,15,300,22,1421,6,6,6,6,6,NA,NA,NA,NA,2019-05-23 14:51:00,0
2019-05-23 16:00:00,WIND,600702,1,HCM,1,18974,1011,290,14,290,20,1527,6,6,6,6,6,NA,NA,NA,NA,2019-05-23 15:51:00,0
2019-05-23 17:00:00,WIND,600702,1,HCM,1,18974,1011,290,13,290,18,1634,6,6,6,6,6,NA,NA,NA,NA,2019-05-23 16:51:00,0
2019-05-23 18:00:00,WIND,600702,1,HCM,1,18974,1011,300,12,300,18,1657,6,6,6,6,6,NA,NA,NA,NA,2019-05-23 17:51:00,0
2019-05-23 19:00:00,WIND,600702,1,HCM,1,18974,1011,300,11,290,16,1833,6,6,6,6,6,NA,NA,NA,NA,2019-05-23 18:51:00,0
2019-05-23 20:00:00,WIND,600702,1,HCM,1,18974,1011,310,13,300,20,1930,6,6,6,6,6,NA,NA,NA,NA,2019-05-23 19:51:00,0
2019-05-23 21:00:00,WIND,600702,1,HCM,1,18974,1011,310,11,300,17,2004,6,6,6,6,6,NA,NA,NA,NA,2019-05-23 20:54:00,0
2019-05-23 22:00:00,WIND,600702,1,HCM,1,18974,1011,320,10,310,15,2117,6,6,6,6,6,NA,NA,NA,NA,2019-05-23 21:51:00,0
2019-05-23 23:00:00,WIND,600702,1,HCM,1,18974,1011,300,9,300,15,2206,6,6,6,6,6,NA,NA,NA,NA,2019-05-23 22:51:00,0
2019-05-24 00:00:00,WIND,600702,1,HCM,1,18974,1011,310,11,310,17,2321,6,6,6,6,6,NA,NA,NA,NA,2019-05-23 23:51:00,0
2019-05-24 01:00:00,WIND,600702,1,HCM,1,18974,1011,300,11,300,15,48,6,6,6,6,6,NA,NA,NA,NA,2019-05-24 00:51:00,0
2019-05-24 02:00:00,WIND,600702,1,HCM,1,18974,1011,300,10,310,15,108,6,6,6,6,6,NA,NA,NA,NA,2019-05-24 01:51:00,0
2019-05-24 03:00:00,WIND,600702,1,HCM,1,18974,1011,310,11,310,16,215,6,6,6,6,6,NA,NA,NA,NA,2019-05-24 02:51:00,0
2019-05-24 04:00:00,WIND,600702,1,HCM,1,18974,1011,310,10,300,17,304,6,6,6,6,6,NA,NA,NA,NA,2019-05-24 03:51:00,0
2019-05-24 05:00:00,WIND,600702,1,HCM,1,18974,1011,300,9,300,14,408,6,6,6,6,6,NA,NA,NA,NA,2019-05-24 04:51:00,0
2019-05-24 06:00:00,WIND,600702,1,HCM,1,18974,1011,300,11,300,17,546,6,6,6,6,6,NA,NA,NA,NA,2019-05-24 05:52:00,0
2019-05-24 07:00:00,WIND,600702,1,HCM,1,18974,1011,300,11,310,15,635,6,6,6,6,6,NA,NA,NA,NA,2019-05-24 06:51:00,0
2019-05-24 08:00:00,WIND,600702,1,HCM,1,18974,1011,300,10,310,14,744,6,6,6,6,6,NA,NA,NA,NA,2019-05-24 07:51:00,0
2019-05-24 09:00:00,WIND,600702,1,HCM,1,18974,1011,300,11,290,16,823,6,6,6,6,6,NA,NA,NA,NA,2019-05-24 08:55:00,0
2019-05-24 10:00:00,WIND,600702,1,HCM,1,18974,1011,300,10,310,15,942,6,6,6,6,6,NA,NA,NA,NA,2019-05-24 09:51:00,0
2019-05-24 11:00:00,WIND,600702,1,HCM,1,18974,1011,310,10,320,15,957,6,6,6,6,6,NA,NA,NA,NA,2019-05-24 10:51:00,0
2019-05-24 12:00:00,WIND,600702,1,HCM,1,18974,1011,310,10,310,14,1109,6,6,6,6,6,NA,NA,NA,NA,2019-05-24 11:51:00,0
2019-05-24 13:00:00,WIND,600702,1,HCM,1,18974,1011,310,10,310,15,1207,6,6,6,6,6,NA,NA,NA,NA,2019-05-24 12:51:00,0
2019-05-24 14:00:00,WIND,600702,1,HCM,1,18974,1011,310,11,300,16,1314,6,6,6,6,6,NA,NA,NA,NA,2019-05-24 13:51:00,0
2019-05-24 15:00:00,WIND,600702,1,HCM,1,18974,1011,310,10,310,16,1427,6,6,6,6,6,NA,NA,NA,NA,2019-05-24 14:51:00,0
2019-05-24 16:00:00,WIND,600702,1,HCM,1,18974,1011,320,10,310,16,1545,6,6,6,6,6,NA,NA,NA,NA,2019-05-24 15:51:00,0
2019-05-24 17:00:00,WIND,600702,1,HCM,1,18974,1011,320,10,330,14,1555,6,6,6,6,6,NA,NA,NA,NA,2019-05-24 16:51:00,0
2019-05-24 18:00:00,WIND,600702,1,HCM,1,18974,1011,320,8,320,14,1739,6,6,6,6,6,NA,NA,NA,NA,2019-05-24 17:51:00,0
2019-05-24 19:00:00,WIND,600702,1,HCM,1,18974,1011,320,8,320,13,1815,6,6,6,6,6,NA,NA,NA,NA,2019-05-24 18:51:00,0
2019-05-24 20:00:00,WIND,600702,1,HCM,1,18974,1011,330,8,320,13,1853,6,6,6,6,6,NA,NA,NA,NA,2019-05-24 19:51:00,0
2019-05-24 21:00:00,WIND,600702,1,HCM,1,18974,1011,310,7,310,13,1955,6,6,6,6,6,NA,NA,NA,NA,2019-05-24 20:55:00,0
2019-05-24 22:00:00,WIND,600702,1,HCM,1,18974,1011,300,6,300,11,2053,6,6,6,6,6,NA,NA,NA,NA,2019-05-24 21:51:00,0
2019-05-24 23:00:00,WIND,600702,1,HCM,1,18974,1011,300,5,300,11,2156,6,6,6,6,6,NA,NA,NA,NA,2019-05-24 22:51:00,0
2019-05-25 00:00:00,WIND,600702,1,HCM,1,18974,1011,300,5,280,7,2307,6,6,6,6,6,NA,NA,NA,NA,2019-05-24 23:51:00,0
2019-05-25 01:00:00,WIND,600702,1,HCM,1,18974,1011,310,4,300,6,0,6,6,6,6,6,NA,NA,NA,NA,2019-05-25 00:51:00,0
2019-05-25 02:00:00,WIND,600702,1,HCM,1,18974,1011,300,2,310,3,50,6,6,6,6,6,NA,NA,NA,NA,2019-05-25 01:51:00,0
2019-05-25 03:00:00,WIND,600702,1,HCM,1,18974,1011,230,2,220,3,223,6,6,6,6,6,NA,NA,NA,NA,2019-05-25 02:51:00,0
2019-05-25 04:00:00,WIND,600702,1,HCM,1,18974,1011,220,2,220,3,307,6,6,6,6,6,NA,NA,NA,NA,2019-05-25 03:51:00,0
2019-05-25 05:00:00,WIND,600702,1,HCM,1,18974,1011,220,2,240,4,434,6,6,6,6,6,NA,NA,NA,NA,2019-05-25 04:51:00,0
2019-05-25 06:00:00,WIND,600702,1,HCM,1,18974,1011,210,3,200,5,547,6,6,6,6,6,NA,NA,NA,NA,2019-05-25 05:51:00,0
2019-05-25 07:00:00,WIND,600702,1,HCM,1,18974,1011,180,5,170,9,649,6,6,6,6,6,NA,NA,NA,NA,2019-05-25 06:51:00,0
2019-05-25 08:00:00,WIND,600702,1,HCM,1,18974,1011,170,8,170,12,741,6,6,6,6,6,NA,NA,NA,NA,2019-05-25 07:51:00,0
2019-05-25 09:00:00,WIND,600702,1,HCM,1,18974,1011,160,11,160,15,847,6,6,6,6,6,NA,NA,NA,NA,2019-05-25 08:54:00,0
2019-05-25 10:00:00,WIND,600702,1,HCM,1,18974,1011,160,13,170,18,945,6,6,6,6,6,NA,NA,NA,NA,2019-05-25 09:51:00,0
2019-05-25 11:00:00,WIND,600702,1,HCM,1,18974,1011,160,16,160,22,1042,6,6,6,6,6,NA,NA,NA,NA,2019-05-25 10:51:00,0
2019-05-25 12:00:00,WIND,600702,1,HCM,1,18974,1011,160,18,160,25,1146,6,6,6,6,6,NA,NA,NA,NA,2019-05-25 11:51:00,0
2019-05-25 13:00:00,WIND,600702,1,HCM,1,18974,1011,170,17,170,24,1219,6,6,6,6,6,NA,NA,NA,NA,2019-05-25 12:51:00,0
2019-05-25 14:00:00,WIND,600702,1,HCM,1,18974,1011,210,13,180,18,1300,6,6,6,6,6,NA,NA,NA,NA,2019-05-25 13:52:00,0
2019-05-25 15:00:00,WIND,600702,1,HCM,1,18974,1011,240,13,240,18,1404,6,6,6,6,6,NA,NA,NA,NA,2019-05-25 14:51:00,0
2019-05-25 16:00:00,WIND,600702,1,HCM,1,18974,1011,250,14,250,20,1538,6,6,6,6,6,NA,NA,NA,NA,2019-05-25 15:51:00,0
2019-05-25 17:00:00,WIND,600702,1,HCM,1,18974,1011,250,15,250,21,1608,6,6,6,6,6,NA,NA,NA,NA,2019-05-25 16:51:00,0
2019-05-25 18:00:00,WIND,600702,1,HCM,1,18974,1011,260,13,250,19,1704,6,6,6,6,6,NA,NA,NA,NA,2019-05-25 17:51:00,0
2019-05-25 19:00:00,WIND,600702,1,HCM,1,18974,1011,260,13,260,19,1843,6,6,6,6,6,NA,NA,NA,NA,2019-05-25 18:51:00,0
2019-05-25 20:00:00,WIND,600702,1,HCM,1,18974,1011,260,12,250,17,1854,6,6,6,6,6,NA,NA,NA,NA,2019-05-25 19:52:00,0
2019-05-25 21:00:00,WIND,600702,1,HCM,1,18974,1011,260,11,260,17,2019,6,6,6,6,6,NA,NA,NA,NA,2019-05-25 20:55:00,0
2019-05-25 22:00:00,WIND,600702,1,HCM,1,18974,1011,250,10,250,14,2108,6,6,6,6,6,NA,NA,NA,NA,2019-05-25 21:51:00,0
2019-05-25 23:00:00,WIND,600702,1,HCM,1,18974,1011,240,8,240,12,2236,6,6,6,6,6,NA,NA,NA,NA,2019-05-25 22:51:00,0
2019-05-26 00:00:00,WIND,600702,1,HCM,1,18974,1011,220,9,220,13,2335,6,6,6,6,6,NA,NA,NA,NA,2019-05-25 23:52:00,0
2019-05-26 01:00:00,WIND,600702,1,HCM,1,18974,1011,220,9,210,14,40,6,6,6,6,6,NA,NA,NA,NA,2019-05-26 00:51:00,0
2019-05-26 02:00:00,WIND,600702,1,HCM,1,18974,1011,220,10,230,14,136,6,6,6,6,6,NA,NA,NA,NA,2019-05-26 01:51:00,0
2019-05-26 03:00:00,WIND,600702,1,HCM,1,18974,1011,220,13,230,23,248,6,6,6,6,6,NA,NA,NA,NA,2019-05-26 02:51:00,0
2019-05-26 04:00:00,WIND,600702,1,HCM,1,18974,1011,240,16,220,22,256,6,6,6,6,6,NA,NA,NA,NA,2019-05-26 03:51:00,0
2019-05-26 05:00:00,WIND,600702,1,HCM,1,18974,1011,250,15,250,21,402,6,6,6,6,6,NA,NA,NA,NA,2019-05-26 04:51:00,0
2019-05-26 06:00:00,WIND,600702,1,HCM,1,18974,1011,260,16,260,24,545,6,6,6,6,6,NA,NA,NA,NA,2019-05-26 05:51:00,0
2019-05-26 07:00:00,WIND,600702,1,HCM,1,18974,1011,260,18,270,27,625,6,6,6,6,6,NA,NA,NA,NA,2019-05-26 06:51:00,0
2019-05-26 08:00:00,WIND,600702,1,HCM,1,18974,1011,260,18,260,28,650,6,6,6,6,6,NA,NA,NA,NA,2019-05-26 07:51:00,0
2019-05-26 09:00:00,WIND,600702,1,HCM,1,18974,1011,260,19,260,29,833,6,6,6,6,6,NA,NA,NA,NA,2019-05-26 08:54:00,0
2019-05-26 10:00:00,WIND,600702,1,HCM,1,18974,1011,260,20,260,28,921,6,6,6,6,6,NA,NA,NA,NA,2019-05-26 09:51:00,0
2019-05-26 11:00:00,WIND,600702,1,HCM,1,18974,1011,270,21,280,32,1010,6,6,6,6,6,NA,NA,NA,NA,2019-05-26 10:51:00,0
2019-05-26 12:00:00,WIND,600702,1,HCM,1,18974,1011,270,22,270,32,1112,6,6,6,6,6,NA,NA,NA,NA,2019-05-26 11:51:00,0
2019-05-26 13:00:00,WIND,600702,1,HCM,1,18974,1011,260,24,270,33,1211,6,6,6,6,6,NA,NA,NA,NA,2019-05-26 12:51:00,0
2019-05-26 14:00:00,WIND,600702,1,HCM,1,18974,1011,260,25,270,34,1255,6,6,6,6,6,NA,NA,NA,NA,2019-05-26 13:51:00,0
2019-05-26 15:00:00,WIND,600702,1,HCM,1,18974,1011,260,25,250,34,1354,6,6,6,6,6,NA,NA,NA,NA,2019-05-26 14:52:00,0
2019-05-26 16:00:00,WIND,600702,1,HCM,1,18974,1011,260,24,250,34,1531,6,6,6,6,6,NA,NA,NA,NA,2019-05-26 15:51:00,0
2019-05-26 17:00:00,WIND,600702,1,HCM,1,18974,1011,260,24,260,39,1623,6,6,6,6,6,NA,NA,NA,NA,2019-05-26 16:51:00,0
2019-05-26 18:00:00,WIND,600702,1,HCM,1,18974,1011,260,24,260,36,1654,6,6,6,6,6,NA,NA,NA,NA,2019-05-26 17:51:00,0
2019-05-26 19:00:00,WIND,600702,1,HCM,1,18974,1011,260,21,280,34,1757,6,6,6,6,6,NA,NA,NA,NA,2019-05-26 18:51:00,0
2019-05-26 20:00:00,WIND,600702,1,HCM,1,18974,1011,260,21,270,29,1923,6,6,6,6,6,NA,NA,NA,NA,2019-05-26 19:51:00,0
2019-05-26 21:00:00,WIND,600702,1,HCM,1,18974,1011,310,15,270,26,2002,6,6,6,6,6,NA,NA,NA,NA,2019-05-26 20:56:00,0
2019-05-26 22:00:00,WIND,600702,1,HCM,1,18974,1011,350,13,350,21,2148,6,6,6,6,6,NA,NA,NA,NA,2019-05-26 21:51:00,0
2019-05-26 23:00:00,WIND,600702,1,HCM,1,18974,1011,350,15,350,23,2151,6,6,6,6,6,NA,NA,NA,NA,2019-05-26 22:51:00,0
2019-05-27 00:00:00,WIND,600702,1,HCM,1,18974,1011,330,15,340,21,2254,6,6,6,6,6,NA,NA,NA,NA,2019-05-26 23:51:00,0
2019-05-27 01:00:00,WIND,600702,1,HCM,1,18974,1011,330,15,340,21,14,6,6,6,6,6,NA,NA,NA,NA,2019-05-27 00:51:00,0
2019-05-27 02:00:00,WIND,600702,1,HCM,1,18974,1011,340,15,340,20,50,6,6,6,6,6,NA,NA,NA,NA,2019-05-27 01:51:00,0
2019-05-27 03:00:00,WIND,600702,1,HCM,1,18974,1011,340,14,340,19,202,6,6,6,6,6,NA,NA,NA,NA,2019-05-27 02:51:00,0
2019-05-27 04:00:00,WIND,600702,1,HCM,1,18974,1011,340,13,340,18,303,6,6,6,6,6,NA,NA,NA,NA,2019-05-27 03:51:00,0
2019-05-27 05:00:00,WIND,600702,1,HCM,1,18974,1011,340,12,350,17,429,6,6,6,6,6,NA,NA,NA,NA,2019-05-27 04:51:00,0
2019-05-27 06:00:00,WIND,600702,1,HCM,1,18974,1011,350,11,350,17,458,6,6,6,6,6,NA,NA,NA,NA,2019-05-27 05:51:00,0
2019-05-27 07:00:00,WIND,600702,1,HCM,1,18974,1011,360,9,360,13,553,6,6,6,6,6,NA,NA,NA,NA,2019-05-27 06:51:00,0
2019-05-27 08:00:00,WIND,600702,1,HCM,1,18974,1011,360,8,360,11,704,6,6,6,6,6,NA,NA,NA,NA,2019-05-27 07:51:00,0
2019-05-27 09:00:00,WIND,600702,1,HCM,1,18974,1011,10,7,30,10,828,6,6,6,6,6,NA,NA,NA,NA,2019-05-27 08:54:00,0
2019-05-27 10:00:00,WIND,600702,1,HCM,1,18974,1011,360,5,360,9,901,6,6,6,6,6,NA,NA,NA,NA,2019-05-27 09:51:00,0
2019-05-27 11:00:00,WIND,600702,1,HCM,1,18974,1011,350,5,10,8,953,6,6,6,6,6,NA,NA,NA,NA,2019-05-27 10:51:00,0
2019-05-27 12:00:00,WIND,600702,1,HCM,1,18974,1011,350,4,340,7,1129,6,6,6,6,6,NA,NA,NA,NA,2019-05-27 11:51:00,0
2019-05-27 13:00:00,WIND,600702,1,HCM,1,18974,1011,360,4,360,8,1236,6,6,6,6,6,NA,NA,NA,NA,2019-05-27 12:51:00,0
2019-05-27 14:00:00,WIND,600702,1,HCM,1,18974,1011,300,3,320,9,1346,6,6,6,6,6,NA,NA,NA,NA,2019-05-27 13:51:00,0
2019-05-27 15:00:00,WIND,600702,1,HCM,1,18974,1011,330,5,320,9,1426,6,6,6,6,6,NA,NA,NA,NA,2019-05-27 14:51:00,0
2019-05-27 16:00:00,WIND,600702,1,HCM,1,18974,1011,350,7,360,10,1541,6,6,6,6,6,NA,NA,NA,NA,2019-05-27 15:51:00,0
2019-05-27 17:00:00,WIND,600702,1,HCM,1,18974,1011,340,9,350,13,1649,6,6,6,6,6,NA,NA,NA,NA,2019-05-27 16:51:00,0
2019-05-27 18:00:00,WIND,600702,1,HCM,1,18974,1011,350,11,350,15,1718,6,6,6,6,6,NA,NA,NA,NA,2019-05-27 17:51:00,0
2019-05-27 19:00:00,WIND,600702,1,HCM,1,18974,1011,350,13,10,18,1847,6,6,6,6,6,NA,NA,NA,NA,2019-05-27 18:51:00,0
2019-05-27 20:00:00,WIND,600702,1,HCM,1,18974,1011,360,15,360,20,1931,6,6,6,6,6,NA,NA,NA,NA,2019-05-27 19:51:00,0
2019-05-27 21:00:00,WIND,600702,1,HCM,1,18974,1011,360,15,360,21,2049,6,6,6,6,6,NA,NA,NA,NA,2019-05-27 20:54:00,0
2019-05-27 22:00:00,WIND,600702,1,HCM,1,18974,1011,360,16,360,22,2050,6,6,6,6,6,NA,NA,NA,NA,2019-05-27 21:51:00,0
2019-05-27 23:00:00,WIND,600702,1,HCM,1,18974,1011,10,15,10,20,2204,6,6,6,6,6,NA,NA,NA,NA,2019-05-27 22:51:00,0
2019-05-28 00:00:00,WIND,600702,1,HCM,1,18974,1011,10,14,360,19,2346,6,6,6,6,6,NA,NA,NA,NA,2019-05-27 23:51:00,0
2019-05-28 01:00:00,WIND,600702,1,HCM,1,18974,1011,10,14,360,19,42,6,6,6,6,6,NA,NA,NA,NA,2019-05-28 00:51:00,0
2019-05-28 02:00:00,WIND,600702,1,HCM,1,18974,1011,10,15,10,22,134,6,6,6,6,6,NA,NA,NA,NA,2019-05-28 01:51:00,0
2019-05-28 03:00:00,WIND,600702,1,HCM,1,18974,1011,360,15,360,21,213,6,6,6,6,6,NA,NA,NA,NA,2019-05-28 02:51:00,0
2019-05-28 04:00:00,WIND,600702,1,HCM,1,18974,1011,350,16,360,22,329,6,6,6,6,6,NA,NA,NA,NA,2019-05-28 03:51:00,0
2019-05-28 05:00:00,WIND,600702,1,HCM,1,18974,1011,350,15,360,21,401,6,6,6,6,6,NA,NA,NA,NA,2019-05-28 04:51:00,0
2019-05-28 06:00:00,WIND,600702,1,HCM,1,18974,1011,360,15,360,21,525,6,6,6,6,6,NA,NA,NA,NA,2019-05-28 05:51:00,0
2019-05-28 07:00:00,WIND,600702,1,HCM,1,18974,1011,360,12,10,18,649,6,6,6,6,6,NA,NA,NA,NA,2019-05-28 06:51:00,0
2019-05-28 08:00:00,WIND,600702,1,HCM,1,18974,1011,360,14,360,19,733,6,6,6,6,6,NA,NA,NA,NA,2019-05-28 07:51:00,0
2019-05-28 09:00:00,WIND,600702,1,HCM,1,18974,1011,10,12,350,21,806,6,6,6,6,6,NA,NA,NA,NA,2019-05-28 08:54:00,0
2019-05-28 10:00:00,WIND,600702,1,HCM,1,18974,1011,360,12,360,19,924,6,6,6,6,6,NA,NA,NA,NA,2019-05-28 09:51:00,0
2019-05-28 11:00:00,WIND,600702,1,HCM,1,18974,1011,360,11,350,15,1037,6,6,6,6,6,NA,NA,NA,NA,2019-05-28 10:51:00,0
2019-05-28 12:00:00,WIND,600702,1,HCM,1,18974,1011,360,10,350,15,1103,6,6,6,6,6,NA,NA,NA,NA,2019-05-28 11:51:00,0
2019-05-28 13:00:00,WIND,600702,1,HCM,1,18974,1011,350,9,340,15,1249,6,6,6,6,6,NA,NA,NA,NA,2019-05-28 12:51:00,0
2019-05-28 14:00:00,WIND,600702,1,HCM,1,18974,1011,320,8,320,14,1312,6,6,6,6,6,NA,NA,NA,NA,2019-05-28 13:51:00,0
2019-05-28 15:00:00,WIND,600702,1,HCM,1,18974,1011,320,9,350,13,1358,6,6,6,6,6,NA,NA,NA,NA,2019-05-28 14:51:00,0
2019-05-28 16:00:00,WIND,600702,1,HCM,1,18974,1011,320,9,330,15,1542,6,6,6,6,6,NA,NA,NA,NA,2019-05-28 15:51:00,0
2019-05-28 17:00:00,WIND,600702,1,HCM,1,18974,1011,320,9,320,15,1640,6,6,6,6,6,NA,NA,NA,NA,2019-05-28 17:37:00,0
2019-05-28 18:00:00,WIND,600702,1,HCM,1,18974,1011,320,10,300,15,1725,6,6,6,6,6,NA,NA,NA,NA,2019-05-28 17:53:00,0
2019-05-28 19:00:00,WIND,600702,1,HCM,1,18974,1011,320,8,310,12,1808,6,6,6,6,6,NA,NA,NA,NA,2019-05-28 18:51:00,0
2019-05-28 20:00:00,WIND,600702,1,HCM,1,18974,1011,320,6,330,9,1911,6,6,6,6,6,NA,NA,NA,NA,2019-05-28 19:51:00,0
2019-05-28 21:00:00,WIND,600702,1,HCM,1,18974,1011,320,4,310,7,1950,6,6,6,6,6,NA,NA,NA,NA,2019-05-28 20:54:00,0
2019-05-28 22:00:00,WIND,600702,1,HCM,1,18974,1011,320,3,320,5,2100,6,6,6,6,6,NA,NA,NA,NA,2019-05-28 21:51:00,0
2019-05-28 23:00:00,WIND,600702,1,HCM,1,18974,1011,300,2,290,3,2230,6,6,6,6,6,NA,NA,NA,NA,2019-05-28 22:51:00,0
2019-05-29 00:00:00,WIND,600702,1,HCM,1,18974,1011,240,1,220,2,2310,6,6,6,6,6,NA,NA,NA,NA,2019-05-28 23:51:00,0
2019-05-29 01:00:00,WIND,600702,1,HCM,1,18974,1011,80,2,80,3,37,6,6,6,6,6,NA,NA,NA,NA,2019-05-29 00:51:00,0
2019-05-29 02:00:00,WIND,600702,1,HCM,1,18974,1011,80,2,90,3,149,6,6,6,6,6,NA,NA,NA,NA,2019-05-29 01:51:00,0
2019-05-29 03:00:00,WIND,600702,1,HCM,1,18974,1011,160,1,230,3,213,6,6,6,6,6,NA,NA,NA,NA,2019-05-29 02:51:00,0
2019-05-29 04:00:00,WIND,600702,1,HCM,1,18974,1011,140,1,180,3,347,6,6,6,6,6,NA,NA,NA,NA,2019-05-29 03:51:00,0
2019-05-29 05:00:00,WIND,600702,1,HCM,1,18974,1011,150,1,250,4,407,6,6,6,6,6,NA,NA,NA,NA,2019-05-29 04:51:00,0
2019-05-29 06:00:00,WIND,600702,1,HCM,1,18974,1011,130,5,150,8,543,6,6,6,6,6,NA,NA,NA,NA,2019-05-29 05:51:00,0
2019-05-29 07:00:00,WIND,600702,1,HCM,1,18974,1011,140,7,150,11,617,6,6,6,6,6,NA,NA,NA,NA,2019-05-29 06:51:00,0
2019-05-29 08:00:00,WIND,600702,1,HCM,1,18974,1011,150,8,160,11,749,6,6,6,6,6,NA,NA,NA,NA,2019-05-29 07:51:00,0
2019-05-29 09:00:00,WIND,600702,1,HCM,1,18974,1011,150,10,140,14,824,6,6,6,6,6,NA,NA,NA,NA,2019-05-29 08:54:00,0
2019-05-29 10:00:00,WIND,600702,1,HCM,1,18974,1011,130,11,140,14,916,6,6,6,6,6,NA,NA,NA,NA,2019-05-29 09:51:00,0
2019-05-29 11:00:00,WIND,600702,1,HCM,1,18974,1011,130,9,120,13,1029,6,6,6,6,6,NA,NA,NA,NA,2019-05-29 10:51:00,0
2019-05-29 12:00:00,WIND,600702,1,HCM,1,18974,1011,130,9,140,13,1149,6,6,6,6,6,NA,NA,NA,NA,2019-05-29 11:51:00,0
2019-05-29 13:00:00,WIND,600702,1,HCM,1,18974,1011,130,11,130,14,1157,6,6,6,6,6,NA,NA,NA,NA,2019-05-29 12:52:00,0
2019-05-29 14:00:00,WIND,600702,1,HCM,1,18974,1011,140,10,130,13,1313,6,6,6,6,6,NA,NA,NA,NA,2019-05-29 13:52:00,0
2019-05-29 15:00:00,WIND,600702,1,HCM,1,18974,1011,140,8,140,12,1352,6,6,6,6,6,NA,NA,NA,NA,2019-05-29 14:51:00,0
2019-05-29 16:00:00,WIND,600702,1,HCM,1,18974,1011,140,8,150,11,1537,6,6,6,6,6,NA,NA,NA,NA,2019-05-29 15:51:00,0
2019-05-29 17:00:00,WIND,600702,1,HCM,1,18974,1011,150,8,150,10,1600,6,6,6,6,6,NA,NA,NA,NA,2019-05-29 16:51:00,0
2019-05-29 18:00:00,WIND,600702,1,HCM,1,18974,1011,160,6,150,9,1651,6,6,6,6,6,NA,NA,NA,NA,2019-05-29 17:51:00,0
2019-05-29 19:00:00,WIND,600702,1,HCM,1,18974,1011,120,4,100,6,1848,6,6,6,6,6,NA,NA,NA,NA,2019-05-29 18:51:00,0
2019-05-29 20:00:00,WIND,600702,1,HCM,1,18974,1011,80,5,60,6,1940,6,6,6,6,6,NA,NA,NA,NA,2019-05-29 19:51:00,0
2019-05-29 21:00:00,WIND,600702,1,HCM,1,18974,1011,60,6,60,9,2035,6,6,6,6,6,NA,NA,NA,NA,2019-05-29 20:54:00,0
2019-05-29 22:00:00,WIND,600702,1,HCM,1,18974,1011,40,8,50,11,2148,6,6,6,6,6,NA,NA,NA,NA,2019-05-29 21:51:00,0
2019-05-29 23:00:00,WIND,600702,1,HCM,1,18974,1011,50,9,50,13,2158,6,6,6,6,6,NA,NA,NA,NA,2019-05-29 22:51:00,0
2019-05-30 00:00:00,WIND,600702,1,HCM,1,18974,1011,40,10,40,17,2341,6,6,6,6,6,NA,NA,NA,NA,2019-05-29 23:51:00,0
2019-05-30 01:00:00,WIND,600702,1,HCM,1,18974,1011,40,14,50,21,16,6,6,6,6,6,NA,NA,NA,NA,2019-05-30 00:51:00,0
2019-05-30 02:00:00,WIND,600702,1,HCM,1,18974,1011,40,13,40,18,122,6,6,6,6,6,NA,NA,NA,NA,2019-05-30 01:51:00,0
2019-05-30 03:00:00,WIND,600702,1,HCM,1,18974,1011,40,12,30,18,201,6,6,6,6,6,NA,NA,NA,NA,2019-05-30 02:51:00,0
2019-05-30 04:00:00,WIND,600702,1,HCM,1,18974,1011,30,11,30,17,332,6,6,6,6,6,NA,NA,NA,NA,2019-05-30 03:51:00,0
2019-05-30 05:00:00,WIND,600702,1,HCM,1,18974,1011,30,11,40,16,402,6,6,6,6,6,NA,NA,NA,NA,2019-05-30 04:51:00,0
2019-05-30 06:00:00,WIND,600702,1,HCM,1,18974,1011,30,12,20,17,502,6,6,6,6,6,NA,NA,NA,NA,2019-05-30 05:51:00,0
2019-05-30 07:00:00,WIND,600702,1,HCM,1,18974,1011,30,13,40,18,626,6,6,6,6,6,NA,NA,NA,NA,2019-05-30 06:51:00,0
2019-05-30 08:00:00,WIND,600702,1,HCM,1,18974,1011,40,12,30,17,655,6,6,6,6,6,NA,NA,NA,NA,2019-05-30 07:51:00,0
2019-05-30 09:00:00,WIND,600702,1,HCM,1,18974,1011,40,9,40,13,752,6,6,6,6,6,NA,NA,NA,NA,2019-05-30 08:54:00,0
2019-05-30 10:00:00,WIND,600702,1,HCM,1,18974,1011,50,6,30,10,851,6,6,6,6,6,NA,NA,NA,NA,2019-05-30 09:51:00,0
2019-05-30 11:00:00,WIND,600702,1,HCM,1,18974,1011,90,4,60,6,954,6,6,6,6,6,NA,NA,NA,NA,2019-05-30 10:51:00,0
2019-05-30 12:00:00,WIND,600702,1,HCM,1,18974,1011,120,4,140,7,1112,6,6,6,6,6,NA,NA,NA,NA,2019-05-30 11:51:00,0
2019-05-30 13:00:00,WIND,600702,1,HCM,1,18974,1011,150,3,140,8,1226,6,6,6,6,6,NA,NA,NA,NA,2019-05-30 12:52:00,0
2019-05-30 14:00:00,WIND,600702,1,HCM,1,18974,1011,150,2,130,5,1316,6,6,6,6,6,NA,NA,NA,NA,2019-05-30 13:51:00,0
2019-05-30 15:00:00,WIND,600702,1,HCM,1,18974,1011,150,5,120,8,1449,6,6,6,6,6,NA,NA,NA,NA,2019-05-30 14:51:00,0
2019-05-30 16:00:00,WIND,600702,1,HCM,1,18974,1011,130,5,130,10,1455,6,6,6,6,6,NA,NA,NA,NA,2019-05-30 15:51:00,0
2019-05-30 17:00:00,WIND,600702,1,HCM,1,18974,1011,140,5,150,8,1626,6,6,6,6,6,NA,NA,NA,NA,2019-05-30 16:51:00,0
2019-05-30 18:00:00,WIND,600702,1,HCM,1,18974,1011,140,5,150,7,1745,6,6,6,6,6,NA,NA,NA,NA,2019-05-30 17:51:00,0
2019-05-30 19:00:00,WIND,600702,1,HCM,1,18974,1011,210,9,240,17,1848,6,6,6,6,6,NA,NA,NA,NA,2019-05-30 18:51:00,0
2019-05-30 20:00:00,WIND,600702,1,HCM,1,18974,1011,230,13,230,18,1935,6,6,6,6,6,NA,NA,NA,NA,2019-05-30 19:51:00,0
2019-05-30 21:00:00,WIND,600702,1,HCM,1,18974,1011,220,11,230,17,2015,6,6,6,6,6,NA,NA,NA,NA,2019-05-30 20:54:00,0
2019-05-30 22:00:00,WIND,600702,1,HCM,1,18974,1011,220,9,220,14,2104,6,6,6,6,6,NA,NA,NA,NA,2019-05-30 21:51:00,0
2019-05-30 23:00:00,WIND,600702,1,HCM,1,18974,1011,220,8,220,13,2237,6,6,6,6,6,NA,NA,NA,NA,2019-05-30 22:51:00,0
2019-05-31 00:00:00,WIND,600702,1,HCM,1,18974,1011,210,10,220,14,2320,6,6,6,6,6,NA,NA,NA,NA,2019-05-30 23:51:00,0
2019-05-31 01:00:00,WIND,600702,1,HCM,1,18974,1011,190,9,190,13,8,6,6,6,6,6,NA,NA,NA,NA,2019-05-31 00:51:00,0
2019-05-31 02:00:00,WIND,600702,1,HCM,1,18974,1011,190,9,190,14,129,6,6,6,6,6,NA,NA,NA,NA,2019-05-31 01:51:00,0
2019-05-31 03:00:00,WIND,600702,1,HCM,1,18974,1011,180,8,180,12,241,6,6,6,6,6,NA,NA,NA,NA,2019-05-31 02:51:00,0
2019-05-31 04:00:00,WIND,600702,1,HCM,1,18974,1011,180,8,180,12,347,6,6,6,6,6,NA,NA,NA,NA,2019-05-31 03:51:00,0
2019-05-31 05:00:00,WIND,600702,1,HCM,1,18974,1011,180,10,180,15,407,6,6,6,6,6,NA,NA,NA,NA,2019-05-31 04:51:00,0
2019-05-31 06:00:00,WIND,600702,1,HCM,1,18974,1011,180,11,180,16,548,6,6,6,6,6,NA,NA,NA,NA,2019-05-31 05:51:00,0
2019-05-31 07:00:00,WIND,600702,1,HCM,1,18974,1011,180,11,180,15,609,6,6,6,6,6,NA,NA,NA,NA,2019-05-31 06:51:00,0
2019-05-31 08:00:00,WIND,600702,1,HCM,1,18974,1011,180,13,180,19,749,6,6,6,6,6,NA,NA,NA,NA,2019-05-31 07:51:00,0
2019-05-31 09:00:00,WIND,600702,1,HCM,1,18974,1011,180,14,170,21,755,6,6,6,6,6,NA,NA,NA,NA,2019-05-31 08:54:00,0
2019-05-31 10:00:00,WIND,600702,1,HCM,1,18974,1011,180,13,170,17,908,6,6,6,6,6,NA,NA,NA,NA,2019-05-31 09:51:00,0
2019-05-31 11:00:00,WIND,600702,1,HCM,1,18974,1011,190,14,180,19,1015,6,6,6,6,6,NA,NA,NA,NA,2019-05-31 10:52:00,0
2019-05-31 12:00:00,WIND,600702,1,HCM,1,18974,1011,210,15,200,22,1114,6,6,6,6,6,NA,NA,NA,NA,2019-05-31 11:53:00,0
2019-05-31 13:00:00,WIND,600702,1,HCM,1,18974,1011,220,15,220,21,1202,6,6,6,6,6,NA,NA,NA,NA,2019-05-31 12:52:00,0
2019-05-31 14:00:00,WIND,600702,1,HCM,1,18974,1011,230,16,240,23,1341,6,6,6,6,6,NA,NA,NA,NA,2019-05-31 13:53:00,0
2019-05-31 15:00:00,WIND,600702,1,HCM,1,18974,1011,240,13,260,20,1449,6,6,6,6,6,NA,NA,NA,NA,2019-05-31 14:52:00,0
2019-05-31 16:00:00,WIND,600702,1,HCM,1,18974,1011,270,13,260,23,1512,6,6,6,6,6,NA,NA,NA,NA,2019-05-31 15:53:00,0
2019-05-31 17:00:00,WIND,600702,1,HCM,1,18974,1011,250,11,250,17,1643,6,6,6,6,6,NA,NA,NA,NA,2019-05-31 16:53:00,0
2019-05-31 18:00:00,WIND,600702,1,HCM,1,18974,1011,240,12,240,17,1701,6,6,6,6,6,NA,NA,NA,NA,2019-05-31 17:53:00,0
2019-05-31 19:00:00,WIND,600702,1,HCM,1,18974,1011,230,14,240,20,1847,6,6,6,6,6,NA,NA,NA,NA,2019-05-31 18:53:00,0
2019-05-31 20:00:00,WIND,600702,1,HCM,1,18974,1011,240,13,230,19,1852,6,6,6,6,6,NA,NA,NA,NA,2019-05-31 19:53:00,0
2019-05-31 21:00:00,WIND,600702,1,HCM,1,18974,1011,230,13,240,18,2014,6,6,6,6,6,NA,NA,NA,NA,2019-05-31 20:54:00,0
2019-05-31 22:00:00,WIND,600702,1,HCM,1,18974,1011,220,12,220,18,2125,6,6,6,6,6,NA,NA,NA,NA,2019-05-31 21:53:00,0
2019-05-31 23:00:00,WIND,600702,1,HCM,1,18974,1011,230,14,230,22,2246,6,6,6,6,6,NA,NA,NA,NA,2019-05-31 22:52:00,0
2019-06-01 00:00:00,WIND,600702,1,HCM,1,18974,1011,230,14,230,20,2252,6,6,6,6,6,NA,NA,NA,NA,2019-05-31 23:52:00,0
2019-06-01 01:00:00,WIND,600702,1,HCM,1,18974,1011,220,11,230,19,2357,6,6,6,6,6,NA,NA,NA,NA,2019-06-01 00:53:00,0
2019-06-01 02:00:00,WIND,600702,1,HCM,1,18974,1011,220,10,230,15,141,6,6,6,6,6,NA,NA,NA,NA,2019-06-01 01:52:00,0
2019-06-01 03:00:00,WIND,600702,1,HCM,1,18974,1011,220,11,230,17,156,6,6,6,6,6,NA,NA,NA,NA,2019-06-01 02:53:00,0
2019-06-01 04:00:00,WIND,600702,1,HCM,1,18974,1011,210,10,220,15,256,6,6,6,6,6,NA,NA,NA,NA,2019-06-01 03:53:00,0
2019-06-01 05:00:00,WIND,600702,1,HCM,1,18974,1011,210,10,210,15,418,6,6,6,6,6,NA,NA,NA,NA,2019-06-01 04:53:00,0
2019-06-01 06:00:00,WIND,600702,1,HCM,1,18974,1011,210,11,200,19,543,6,6,6,6,6,NA,NA,NA,NA,2019-06-01 05:53:00,0
2019-06-01 07:00:00,WIND,600702,1,HCM,1,18974,1011,200,13,210,20,639,6,6,6,6,6,NA,NA,NA,NA,2019-06-01 06:53:00,0
2019-06-01 08:00:00,WIND,600702,1,HCM,1,18974,1011,210,14,210,22,736,6,6,6,6,6,NA,NA,NA,NA,2019-06-01 07:53:00,0
2019-06-01 09:00:00,WIND,600702,1,HCM,1,18974,1011,200,14,200,23,837,6,6,6,6,6,NA,NA,NA,NA,2019-06-01 08:55:00,0
2019-06-01 10:00:00,WIND,600702,1,HCM,1,18974,1011,190,14,190,20,914,6,6,6,6,6,NA,NA,NA,NA,2019-06-01 09:51:00,0
2019-06-01 11:00:00,WIND,600702,1,HCM,1,18974,1011,180,14,190,20,1025,6,6,6,6,6,NA,NA,NA,NA,2019-06-01 10:52:00,0
2019-06-01 12:00:00,WIND,600702,1,HCM,1,18974,1011,190,15,200,23,1105,6,6,6,6,6,NA,NA,NA,NA,2019-06-01 11:51:00,0
2019-06-01 13:00:00,WIND,600702,1,HCM,1,18974,1011,190,15,180,21,1208,6,6,6,6,6,NA,NA,NA,NA,2019-06-01 12:52:00,0
2019-06-01 14:00:00,WIND,600702,1,HCM,1,18974,1011,180,13,190,19,1309,6,6,6,6,6,NA,NA,NA,NA,2019-06-01 13:52:00,0
2019-06-01 15:00:00,WIND,600702,1,HCM,1,18974,1011,180,12,180,18,1405,6,6,6,6,6,NA,NA,NA,NA,2019-06-01 14:51:00,0
2019-06-01 16:00:00,WIND,600702,1,HCM,1,18974,1011,180,11,190,15,1516,6,6,6,6,6,NA,NA,NA,NA,2019-06-01 15:51:00,0
2019-06-01 17:00:00,WIND,600702,1,HCM,1,18974,1011,180,9,170,12,1556,6,6,6,6,6,NA,NA,NA,NA,2019-06-01 16:52:00,0
2019-06-01 18:00:00,WIND,600702,1,HCM,1,18974,1011,170,6,170,10,1650,6,6,6,6,6,NA,NA,NA,NA,2019-06-01 17:52:00,0
2019-06-01 19:00:00,WIND,600702,1,HCM,1,18974,1011,160,6,150,9,1805,6,6,6,6,6,NA,NA,NA,NA,2019-06-01 18:51:00,0
2019-06-01 20:00:00,WIND,600702,1,HCM,1,18974,1011,130,8,140,11,1913,6,6,6,6,6,NA,NA,NA,NA,2019-06-01 19:51:00,0
2019-06-01 21:00:00,WIND,600702,1,HCM,1,18974,1011,110,8,110,12,2044,6,6,6,6,6,NA,NA,NA,NA,2019-06-01 20:55:00,0
2019-06-01 22:00:00,WIND,600702,1,HCM,1,18974,1011,110,11,120,17,2134,6,6,6,6,6,NA,NA,NA,NA,2019-06-01 21:51:00,0
2019-06-01 23:00:00,WIND,600702,1,HCM,1,18974,1011,120,15,120,22,2249,6,6,6,6,6,NA,NA,NA,NA,2019-06-01 22:51:00,0
2019-06-02 00:00:00,WIND,600702,1,HCM,1,18974,1011,120,16,120,21,2306,6,6,6,6,6,NA,NA,NA,NA,2019-06-01 23:51:00,0
2019-06-02 01:00:00,WIND,600702,1,HCM,1,18974,1011,110,17,120,25,44,6,6,6,6,6,NA,NA,NA,NA,2019-06-02 00:51:00,0
2019-06-02 02:00:00,WIND,600702,1,HCM,1,18974,1011,120,21,120,29,130,6,6,6,6,6,NA,NA,NA,NA,2019-06-02 01:51:00,0
2019-06-02 03:00:00,WIND,600702,1,HCM,1,18974,1011,130,22,120,28,158,6,6,6,6,6,NA,NA,NA,NA,2019-06-02 02:51:00,0
2019-06-02 04:00:00,WIND,600702,1,HCM,1,18974,1011,140,21,150,28,347,6,6,6,6,6,NA,NA,NA,NA,2019-06-02 03:51:00,0
2019-06-02 05:00:00,WIND,600702,1,HCM,1,18974,1011,150,21,150,27,413,6,6,6,6,6,NA,NA,NA,NA,2019-06-02 04:51:00,0
2019-06-02 06:00:00,WIND,600702,1,HCM,1,18974,1011,150,19,150,25,523,6,6,6,6,6,NA,NA,NA,NA,2019-06-02 05:52:00,0
2019-06-02 07:00:00,WIND,600702,1,HCM,1,18974,1011,150,19,160,26,605,6,6,6,6,6,NA,NA,NA,NA,2019-06-02 06:51:00,0
2019-06-02 08:00:00,WIND,600702,1,HCM,1,18974,1011,160,17,160,24,706,6,6,6,6,6,NA,NA,NA,NA,2019-06-02 07:52:00,0
2019-06-02 09:00:00,WIND,600702,1,HCM,1,18974,1011,160,16,150,22,751,6,6,6,6,6,NA,NA,NA,NA,2019-06-02 08:54:00,0
2019-06-02 10:00:00,WIND,600702,1,HCM,1,18974,1011,160,17,180,26,949,6,6,6,6,6,NA,NA,NA,NA,2019-06-02 09:51:00,0
2019-06-02 11:00:00,WIND,600702,1,HCM,1,18974,1011,180,18,210,28,1041,6,6,6,6,6,NA,NA,NA,NA,2019-06-02 10:51:00,0
2019-06-02 12:00:00,WIND,600702,1,HCM,1,18974,1011,210,20,210,31,1124,6,6,6,6,6,NA,NA,NA,NA,2019-06-02 11:53:00,0
2019-06-02 13:00:00,WIND,600702,1,HCM,1,18974,1011,210,18,210,26,1214,6,6,6,6,6,NA,NA,NA,NA,2019-06-02 12:52:00,0
2019-06-02 14:00:00,WIND,600702,1,HCM,1,18974,1011,200,15,210,28,1252,6,6,6,6,6,NA,NA,NA,NA,2019-06-02 13:53:00,0
2019-06-02 15:00:00,WIND,600702,1,HCM,1,18974,1011,160,11,160,15,1406,6,6,6,6,6,NA,NA,NA,NA,2019-06-02 14:53:00,0
2019-06-02 16:00:00,WIND,600702,1,HCM,1,18974,1011,150,11,130,15,1547,6,6,6,6,6,NA,NA,NA,NA,2019-06-02 15:52:00,0
2019-06-02 17:00:00,WIND,600702,1,HCM,1,18974,1011,140,12,130,16,1553,6,6,6,6,6,NA,NA,NA,NA,2019-06-02 16:52:00,0
2019-06-02 18:00:00,WIND,600702,1,HCM,1,18974,1011,140,11,140,17,1748,6,6,6,6,6,NA,NA,NA,NA,2019-06-02 17:52:00,0
2019-06-02 19:00:00,WIND,600702,1,HCM,1,18974,1011,170,16,190,25,1833,6,6,6,6,6,NA,NA,NA,NA,2019-06-02 18:52:00,0
2019-06-02 20:00:00,WIND,600702,1,HCM,1,18974,1011,180,11,190,17,1855,6,6,6,6,6,NA,NA,NA,NA,2019-06-02 19:51:00,0
2019-06-02 21:00:00,WIND,600702,1,HCM,1,18974,1011,190,13,210,19,2039,6,6,6,6,6,NA,NA,NA,NA,2019-06-02 20:54:00,0
2019-06-02 22:00:00,WIND,600702,1,HCM,1,18974,1011,220,14,220,22,2133,6,6,6,6,6,NA,NA,NA,NA,2019-06-02 21:51:00,0
2019-06-02 23:00:00,WIND,600702,1,HCM,1,18974,1011,210,11,220,18,2155,6,6,6,6,6,NA,NA,NA,NA,2019-06-02 22:51:00,0
2019-06-03 00:00:00,WIND,600702,1,HCM,1,18974,1011,200,9,210,12,2307,6,6,6,6,6,NA,NA,NA,NA,2019-06-02 23:52:00,0
2019-06-03 01:00:00,WIND,600702,1,HCM,1,18974,1011,210,12,230,24,49,6,6,6,6,6,NA,NA,NA,NA,2019-06-03 00:53:00,0
2019-06-03 02:00:00,WIND,600702,1,HCM,1,18974,1011,240,21,230,32,134,6,6,6,6,6,NA,NA,NA,NA,2019-06-03 01:52:00,0
2019-06-03 03:00:00,WIND,600702,1,HCM,1,18974,1011,230,23,230,33,233,6,6,6,6,6,NA,NA,NA,NA,2019-06-03 02:52:00,0
2019-06-03 04:00:00,WIND,600702,1,HCM,1,18974,1011,240,25,250,36,328,6,6,6,6,6,NA,NA,NA,NA,2019-06-03 03:53:00,0
2019-06-03 05:00:00,WIND,600702,1,HCM,1,18974,1011,240,24,240,34,441,6,6,6,6,6,NA,NA,NA,NA,2019-06-03 04:52:00,0
2019-06-03 06:00:00,WIND,600702,1,HCM,1,18974,1011,240,23,240,32,454,6,6,6,6,6,NA,NA,NA,NA,2019-06-03 05:53:00,0
2019-06-03 07:00:00,WIND,600702,1,HCM,1,18974,1011,240,22,230,31,552,6,6,6,6,6,NA,NA,NA,NA,2019-06-03 06:53:00,0
2019-06-03 08:00:00,WIND,600702,1,HCM,1,18974,1011,240,21,250,30,722,6,6,6,6,6,NA,NA,NA,NA,2019-06-03 07:53:00,0
2019-06-03 09:00:00,WIND,600702,1,HCM,1,18974,1011,250,21,240,29,754,6,6,6,6,6,NA,NA,NA,NA,2019-06-03 08:54:00,0
2019-06-03 10:00:00,WIND,600702,1,HCM,1,18974,1011,250,18,250,28,854,6,6,6,6,6,NA,NA,NA,NA,2019-06-03 09:51:00,0
2019-06-03 11:00:00,WIND,600702,1,HCM,1,18974,1011,240,18,230,28,1030,6,6,6,6,6,NA,NA,NA,NA,2019-06-03 10:52:00,0
2019-06-03 12:00:00,WIND,600702,1,HCM,1,18974,1011,240,17,250,26,1051,6,6,6,6,6,NA,NA,NA,NA,2019-06-03 11:53:00,0
2019-06-03 13:00:00,WIND,600702,1,HCM,1,18974,1011,240,19,250,26,1208,6,6,6,6,6,NA,NA,NA,NA,2019-06-03 12:53:00,0
2019-06-03 14:00:00,WIND,600702,1,HCM,1,18974,1011,240,18,250,26,1310,6,6,6,6,6,NA,NA,NA,NA,2019-06-03 13:53:00,0
2019-06-03 15:00:00,WIND,600702,1,HCM,1,18974,1011,240,18,260,27,1418,6,6,6,6,6,NA,NA,NA,NA,2019-06-03 14:51:00,0
2019-06-03 16:00:00,WIND,600702,1,HCM,1,18974,1011,240,16,230,23,1507,6,6,6,6,6,NA,NA,NA,NA,2019-06-03 15:51:00,0
2019-06-03 17:00:00,WIND,600702,1,HCM,1,18974,1011,230,13,240,18,1600,6,6,6,6,6,NA,NA,NA,NA,2019-06-03 16:51:00,0
2019-06-03 18:00:00,WIND,600702,1,HCM,1,18974,1011,230,13,230,18,1654,6,6,6,6,6,NA,NA,NA,NA,2019-06-03 17:51:00,0
2019-06-03 19:00:00,WIND,600702,1,HCM,1,18974,1011,230,11,230,16,1758,6,6,6,6,6,NA,NA,NA,NA,2019-06-03 18:52:00,0
2019-06-03 20:00:00,WIND,600702,1,HCM,1,18974,1011,230,10,230,15,1902,6,6,6,6,6,NA,NA,NA,NA,2019-06-03 19:51:00,0
2019-06-03 21:00:00,WIND,600702,1,HCM,1,18974,1011,230,8,220,13,2049,6,6,6,6,6,NA,NA,NA,NA,2019-06-03 20:55:00,0
2019-06-03 22:00:00,WIND,600702,1,HCM,1,18974,1011,220,9,220,13,2055,6,6,6,6,6,NA,NA,NA,NA,2019-06-03 21:51:00,0
2019-06-03 23:00:00,WIND,600702,1,HCM,1,18974,1011,220,6,230,10,2152,6,6,6,6,6,NA,NA,NA,NA,2019-06-03 22:52:00,0
2019-06-04 00:00:00,WIND,600702,1,HCM,1,18974,1011,230,5,230,7,2323,6,6,6,6,6,NA,NA,NA,NA,2019-06-03 23:51:00,0
2019-06-04 01:00:00,WIND,600702,1,HCM,1,18974,1011,260,6,260,15,2358,6,6,6,6,6,NA,NA,NA,NA,2019-06-04 00:51:00,0
2019-06-04 02:00:00,WIND,600702,1,HCM,1,18974,1011,250,4,250,5,59,6,6,6,6,6,NA,NA,NA,NA,2019-06-04 01:51:00,0
2019-06-04 03:00:00,WIND,600702,1,HCM,1,18974,1011,250,6,250,8,233,6,6,6,6,6,NA,NA,NA,NA,2019-06-04 02:51:00,0
2019-06-04 04:00:00,WIND,600702,1,HCM,1,18974,1011,250,6,250,7,253,6,6,6,6,6,NA,NA,NA,NA,2019-06-04 03:51:00,0
2019-06-04 05:00:00,WIND,600702,1,HCM,1,18974,1011,250,5,260,7,351,6,6,6,6,6,NA,NA,NA,NA,2019-06-04 04:51:00,0
2019-06-04 06:00:00,WIND,600702,1,HCM,1,18974,1011,250,4,260,6,451,6,6,6,6,6,NA,NA,NA,NA,2019-06-04 05:51:00,0
2019-06-04 07:00:00,WIND,600702,1,HCM,1,18974,1011,240,4,270,8,623,6,6,6,6,6,NA,NA,NA,NA,2019-06-04 06:51:00,0
2019-06-04 08:00:00,WIND,600702,1,HCM,1,18974,1011,280,4,290,7,749,6,6,6,6,6,NA,NA,NA,NA,2019-06-04 07:51:00,0
2019-06-04 09:00:00,WIND,600702,1,HCM,1,18974,1011,330,5,340,9,841,6,6,6,6,6,NA,NA,NA,NA,2019-06-04 08:54:00,0
2019-06-04 10:00:00,WIND,600702,1,HCM,1,18974,1011,360,6,10,8,949,6,6,6,6,6,NA,NA,NA,NA,2019-06-04 09:51:00,0
2019-06-04 11:00:00,WIND,600702,1,HCM,1,18974,1011,10,7,10,12,1045,6,6,6,6,6,NA,NA,NA,NA,2019-06-04 10:51:00,0
2019-06-04 12:00:00,WIND,600702,1,HCM,1,18974,1011,360,9,30,13,1148,6,6,6,6,6,NA,NA,NA,NA,2019-06-04 11:51:00,0
2019-06-04 13:00:00,WIND,600702,1,HCM,1,18974,1011,10,9,20,13,1242,6,6,6,6,6,NA,NA,NA,NA,2019-06-04 12:51:00,0
2019-06-04 14:00:00,WIND,600702,1,HCM,1,18974,1011,360,10,360,14,1349,6,6,6,6,6,NA,NA,NA,NA,2019-06-04 13:52:00,0
2019-06-04 15:00:00,WIND,600702,1,HCM,1,18974,1011,10,11,360,15,1433,6,6,6,6,6,NA,NA,NA,NA,2019-06-04 14:52:00,0
2019-06-04 16:00:00,WIND,600702,1,HCM,1,18974,1011,360,12,350,16,1521,6,6,6,6,6,NA,NA,NA,NA,2019-06-04 15:51:00,0
2019-06-04 17:00:00,WIND,600702,1,HCM,1,18974,1011,360,13,360,18,1647,6,6,6,6,6,NA,NA,NA,NA,2019-06-04 16:51:00,0
2019-06-04 18:00:00,WIND,600702,1,HCM,1,18974,1011,360,16,360,20,1719,6,6,6,6,6,NA,NA,NA,NA,2019-06-04 17:52:00,0
2019-06-04 19:00:00,WIND,600702,1,HCM,1,18974,1011,360,15,360,19,1757,6,6,6,6,6,NA,NA,NA,NA,2019-06-04 18:52:00,0
2019-06-04 20:00:00,WIND,600702,1,HCM,1,18974,1011,360,15,360,21,1922,6,6,6,6,6,NA,NA,NA,NA,2019-06-04 19:51:00,0
2019-06-04 21:00:00,WIND,600702,1,HCM,1,18974,1011,10,16,10,22,2030,6,6,6,6,6,NA,NA,NA,NA,2019-06-04 20:56:00,0
2019-06-04 22:00:00,WIND,600702,1,HCM,1,18974,1011,20,17,20,23,2118,6,6,6,6,6,NA,NA,NA,NA,2019-06-04 21:51:00,0
2019-06-04 23:00:00,WIND,600702,1,HCM,1,18974,1011,20,15,20,21,2150,6,6,6,6,6,NA,NA,NA,NA,2019-06-04 22:51:00,0
2019-06-05 00:00:00,WIND,600702,1,HCM,1,18974,1011,10,15,10,21,2338,6,6,6,6,6,NA,NA,NA,NA,2019-06-04 23:52:00,0
2019-06-05 01:00:00,WIND,600702,1,HCM,1,18974,1011,10,16,10,21,39,6,6,6,6,6,NA,NA,NA,NA,2019-06-05 00:51:00,0
2019-06-05 02:00:00,WIND,600702,1,HCM,1,18974,1011,20,18,10,24,144,6,6,6,6,6,NA,NA,NA,NA,2019-06-05 01:52:00,0
2019-06-05 03:00:00,WIND,600702,1,HCM,1,18974,1011,20,16,20,22,237,6,6,6,6,6,NA,NA,NA,NA,2019-06-05 02:51:00,0
2019-06-05 04:00:00,WIND,600702,1,HCM,1,18974,1011,30,16,30,21,328,6,6,6,6,6,NA,NA,NA,NA,2019-06-05 03:51:00,0
2019-06-05 05:00:00,WIND,600702,1,HCM,1,18974,1011,30,15,30,22,352,6,6,6,6,6,NA,NA,NA,NA,2019-06-05 04:51:00,0
2019-06-05 06:00:00,WIND,600702,1,HCM,1,18974,1011,20,15,20,21,452,6,6,6,6,6,NA,NA,NA,NA,2019-06-05 05:51:00,0
2019-06-05 07:00:00,WIND,600702,1,HCM,1,18974,1011,20,14,20,20,611,6,6,6,6,6,NA,NA,NA,NA,2019-06-05 06:51:00,0
2019-06-05 08:00:00,WIND,600702,1,HCM,1,18974,1011,20,14,20,20,746,6,6,6,6,6,NA,NA,NA,NA,2019-06-05 07:51:00,0
2019-06-05 09:00:00,WIND,600702,1,HCM,1,18974,1011,20,15,20,20,847,6,6,6,6,6,NA,NA,NA,NA,2019-06-05 08:54:00,0
2019-06-05 10:00:00,WIND,600702,1,HCM,1,18974,1011,30,16,40,22,917,6,6,6,6,6,NA,NA,NA,NA,2019-06-05 09:52:00,0
2019-06-05 11:00:00,WIND,600702,1,HCM,1,18974,1011,30,15,30,21,1002,6,6,6,6,6,NA,NA,NA,NA,2019-06-05 10:51:00,0
2019-06-05 12:00:00,WIND,600702,1,HCM,1,18974,1011,20,16,20,21,1144,6,6,6,6,6,NA,NA,NA,NA,2019-06-05 11:51:00,0
2019-06-05 13:00:00,WIND,600702,1,HCM,1,18974,1011,20,16,30,22,1246,6,6,6,6,6,NA,NA,NA,NA,2019-06-05 12:51:00,0
2019-06-05 14:00:00,WIND,600702,1,HCM,1,18974,1011,20,17,20,22,1257,6,6,6,6,6,NA,NA,NA,NA,2019-06-05 13:51:00,0
2019-06-05 15:00:00,WIND,600702,1,HCM,1,18974,1011,20,15,10,21,1355,6,6,6,6,6,NA,NA,NA,NA,2019-06-05 14:52:00,0
2019-06-05 16:00:00,WIND,600702,1,HCM,1,18974,1011,20,14,20,18,1453,6,6,6,6,6,NA,NA,NA,NA,2019-06-05 15:51:00,0
2019-06-05 17:00:00,WIND,600702,1,HCM,1,18974,1011,20,15,20,21,1627,6,6,6,6,6,NA,NA,NA,NA,2019-06-05 16:51:00,0
2019-06-05 18:00:00,WIND,600702,1,HCM,1,18974,1011,20,16,20,22,1715,6,6,6,6,6,NA,NA,NA,NA,2019-06-05 17:51:00,0
2019-06-05 19:00:00,WIND,600702,1,HCM,1,18974,1011,20,16,20,21,1837,6,6,6,6,6,NA,NA,NA,NA,2019-06-05 18:51:00,0
2019-06-05 20:00:00,WIND,600702,1,HCM,1,18974,1011,20,16,20,21,1906,6,6,6,6,6,NA,NA,NA,NA,2019-06-05 19:51:00,0
2019-06-05 21:00:00,WIND,600702,1,HCM,1,18974,1011,20,16,20,21,2041,6,6,6,6,6,NA,NA,NA,NA,2019-06-05 20:54:00,0
2019-06-05 22:00:00,WIND,600702,1,HCM,1,18974,1011,20,16,20,21,2112,6,6,6,6,6,NA,NA,NA,NA,2019-06-05 21:52:00,0
2019-06-05 23:00:00,WIND,600702,1,HCM,1,18974,1011,20,17,20,22,2155,6,6,6,6,6,NA,NA,NA,NA,2019-06-05 22:51:00,0
2019-06-06 00:00:00,WIND,600702,1,HCM,1,18974,1011,30,16,30,23,2346,6,6,6,6,6,NA,NA,NA,NA,2019-06-05 23:51:00,0
2019-06-06 01:00:00,WIND,600702,1,HCM,1,18974,1011,30,17,20,24,2358,6,6,6,6,6,NA,NA,NA,NA,2019-06-06 00:51:00,0
2019-06-06 02:00:00,WIND,600702,1,HCM,1,18974,1011,30,14,30,20,51,6,6,6,6,6,NA,NA,NA,NA,2019-06-06 01:51:00,0
2019-06-06 03:00:00,WIND,600702,1,HCM,1,18974,1011,40,12,50,17,210,6,6,6,6,6,NA,NA,NA,NA,2019-06-06 02:51:00,0
2019-06-06 04:00:00,WIND,600702,1,HCM,1,18974,1011,40,12,40,17,347,6,6,6,6,6,NA,NA,NA,NA,2019-06-06 03:51:00,0
2019-06-06 05:00:00,WIND,600702,1,HCM,1,18974,1011,40,13,50,17,436,6,6,6,6,6,NA,NA,NA,NA,2019-06-06 04:51:00,0
2019-06-06 06:00:00,WIND,600702,1,HCM,1,18974,1011,40,12,40,17,521,6,6,6,6,6,NA,NA,NA,NA,2019-06-06 05:51:00,0
2019-06-06 07:00:00,WIND,600702,1,HCM,1,18974,1011,50,11,40,15,558,6,6,6,6,6,NA,NA,NA,NA,2019-06-06 06:51:00,0
2019-06-06 08:00:00,WIND,600702,1,HCM,1,18974,1011,50,11,50,14,738,6,6,6,6,6,NA,NA,NA,NA,2019-06-06 07:51:00,0
2019-06-06 09:00:00,WIND,600702,1,HCM,1,18974,1011,50,12,60,16,835,6,6,6,6,6,NA,NA,NA,NA,2019-06-06 08:53:00,0
2019-06-06 10:00:00,WIND,600702,1,HCM,1,18974,1011,50,13,60,17,903,6,6,6,6,6,NA,NA,NA,NA,2019-06-06 09:51:00,0
2019-06-06 11:00:00,WIND,600702,1,HCM,1,18974,1011,50,12,50,15,954,6,6,6,6,6,NA,NA,NA,NA,2019-06-06 10:51:00,0
2019-06-06 12:00:00,WIND,600702,1,HCM,1,18974,1011,50,10,50,14,1059,6,6,6,6,6,NA,NA,NA,NA,2019-06-06 11:51:00,0
2019-06-06 13:00:00,WIND,600702,1,HCM,1,18974,1011,100,8,70,14,1218,6,6,6,6,6,NA,NA,NA,NA,2019-06-06 12:52:00,0
2019-06-06 14:00:00,WIND,600702,1,HCM,1,18974,1011,150,7,150,10,1320,6,6,6,6,6,NA,NA,NA,NA,2019-06-06 13:51:00,0
2019-06-06 15:00:00,WIND,600702,1,HCM,1,18974,1011,140,6,120,9,1422,6,6,6,6,6,NA,NA,NA,NA,2019-06-06 14:51:00,0
2019-06-06 16:00:00,WIND,600702,1,HCM,1,18974,1011,110,6,130,10,1502,6,6,6,6,6,NA,NA,NA,NA,2019-06-06 15:52:00,0
2019-06-06 17:00:00,WIND,600702,1,HCM,1,18974,1011,90,7,90,10,1614,6,6,6,6,6,NA,NA,NA,NA,2019-06-06 16:51:00,0
2019-06-06 18:00:00,WIND,600702,1,HCM,1,18974,1011,110,8,130,15,1708,6,6,6,6,6,NA,NA,NA,NA,2019-06-06 17:51:00,0
2019-06-06 19:00:00,WIND,600702,1,HCM,1,18974,1011,110,6,120,9,1832,6,6,6,6,6,NA,NA,NA,NA,2019-06-06 18:51:00,0
2019-06-06 20:00:00,WIND,600702,1,HCM,1,18974,1011,140,8,140,12,1932,6,6,6,6,6,NA,NA,NA,NA,2019-06-06 19:52:00,0
2019-06-06 21:00:00,WIND,600702,1,HCM,1,18974,1011,140,9,150,12,2026,6,6,6,6,6,NA,NA,NA,NA,2019-06-06 20:54:00,0
2019-06-06 22:00:00,WIND,600702,1,HCM,1,18974,1011,140,10,150,15,2146,6,6,6,6,6,NA,NA,NA,NA,2019-06-06 21:51:00,0
2019-06-06 23:00:00,WIND,600702,1,HCM,1,18974,1011,160,9,190,16,2249,6,6,6,6,6,NA,NA,NA,NA,2019-06-06 22:52:00,0
2019-06-07 00:00:00,WIND,600702,1,HCM,1,18974,1011,180,10,180,16,2340,6,6,6,6,6,NA,NA,NA,NA,2019-06-06 23:51:00,0
2019-06-07 01:00:00,WIND,600702,1,HCM,1,18974,1011,170,11,160,16,45,6,6,6,6,6,NA,NA,NA,NA,2019-06-07 00:51:00,0
2019-06-07 02:00:00,WIND,600702,1,HCM,1,18974,1011,180,11,190,16,115,6,6,6,6,6,NA,NA,NA,NA,2019-06-07 01:51:00,0
2019-06-07 03:00:00,WIND,600702,1,HCM,1,18974,1011,170,10,170,14,228,6,6,6,6,6,NA,NA,NA,NA,2019-06-07 02:51:00,0
2019-06-07 04:00:00,WIND,600702,1,HCM,1,18974,1011,170,10,170,14,338,6,6,6,6,6,NA,NA,NA,NA,2019-06-07 03:51:00,0
2019-06-07 05:00:00,WIND,600702,1,HCM,1,18974,1011,160,12,160,16,430,6,6,6,6,6,NA,NA,NA,NA,2019-06-07 04:51:00,0
2019-06-07 06:00:00,WIND,600702,1,HCM,1,18974,1011,160,13,150,18,527,6,6,6,6,6,NA,NA,NA,NA,2019-06-07 05:52:00,0
2019-06-07 07:00:00,WIND,600702,1,HCM,1,18974,1011,150,14,150,18,614,6,6,6,6,6,NA,NA,NA,NA,2019-06-07 06:51:00,0
2019-06-07 08:00:00,WIND,600702,1,HCM,1,18974,1011,150,14,150,20,723,6,6,6,6,6,NA,NA,NA,NA,2019-06-07 07:51:00,0
2019-06-07 09:00:00,WIND,600702,1,HCM,1,18974,1011,150,15,150,20,833,6,6,6,6,6,NA,NA,NA,NA,2019-06-07 08:53:00,0
2019-06-07 10:00:00,WIND,600702,1,HCM,1,18974,1011,140,14,140,18,857,6,6,6,6,6,NA,NA,NA,NA,2019-06-07 09:51:00,0
2019-06-07 11:00:00,WIND,600702,1,HCM,1,18974,1011,140,13,150,19,952,6,6,6,6,6,NA,NA,NA,NA,2019-06-07 10:51:00,0
2019-06-07 12:00:00,WIND,600702,1,HCM,1,18974,1011,130,12,130,15,1137,6,6,6,6,6,NA,NA,NA,NA,2019-06-07 11:52:00,0
2019-06-07 13:00:00,WIND,600702,1,HCM,1,18974,1011,130,10,150,15,1151,6,6,6,6,6,NA,NA,NA,NA,2019-06-07 12:51:00,0
2019-06-07 14:00:00,WIND,600702,1,HCM,1,18974,1011,120,8,130,13,1258,6,6,6,6,6,NA,NA,NA,NA,2019-06-07 13:52:00,0
2019-06-07 15:00:00,WIND,600702,1,HCM,1,18974,1011,140,7,130,12,1352,6,6,6,6,6,NA,NA,NA,NA,2019-06-07 14:51:00,0
2019-06-07 16:00:00,WIND,600702,1,HCM,1,18974,1011,140,4,140,10,1500,6,6,6,6,6,NA,NA,NA,NA,2019-06-07 15:51:00,0
2019-06-07 17:00:00,WIND,600702,1,HCM,1,18974,1011,170,4,150,7,1553,6,6,6,6,6,NA,NA,NA,NA,2019-06-07 16:51:00,0
2019-06-07 18:00:00,WIND,600702,1,HCM,1,18974,1011,310,6,30,16,1741,6,6,6,6,6,NA,NA,NA,NA,2019-06-07 17:51:00,0
2019-06-07 19:00:00,WIND,600702,1,HCM,1,18974,1011,30,10,30,14,1821,6,6,6,6,6,NA,NA,NA,NA,2019-06-07 18:51:00,0
2019-06-07 20:00:00,WIND,600702,1,HCM,1,18974,1011,60,11,80,17,1904,6,6,6,6,6,NA,NA,NA,NA,2019-06-07 19:51:00,0
2019-06-07 21:00:00,WIND,600702,1,HCM,1,18974,1011,60,9,80,14,2006,6,6,6,6,6,NA,NA,NA,NA,2019-06-07 20:55:00,0
2019-06-07 22:00:00,WIND,600702,1,HCM,1,18974,1011,50,8,60,11,2126,6,6,6,6,6,NA,NA,NA,NA,2019-06-07 21:51:00,0
2019-06-07 23:00:00,WIND,600702,1,HCM,1,18974,1011,60,7,50,10,2205,6,6,6,6,6,NA,NA,NA,NA,2019-06-07 22:51:00,0
2019-06-08 00:00:00,WIND,600702,1,HCM,1,18974,1011,50,8,60,11,2251,6,6,6,6,6,NA,NA,NA,NA,2019-06-07 23:51:00,0
2019-06-08 01:00:00,WIND,600702,1,HCM,1,18974,1011,60,6,50,9,2351,6,6,6,6,6,NA,NA,NA,NA,2019-06-08 00:51:00,0
2019-06-08 02:00:00,WIND,600702,1,HCM,1,18974,1011,30,4,50,6,106,6,6,6,6,6,NA,NA,NA,NA,2019-06-08 01:51:00,0
2019-06-08 03:00:00,WIND,600702,1,HCM,1,18974,1011,20,5,20,7,215,6,6,6,6,6,NA,NA,NA,NA,2019-06-08 02:51:00,0
2019-06-08 04:00:00,WIND,600702,1,HCM,1,18974,1011,50,4,20,6,250,6,6,6,6,6,NA,NA,NA,NA,2019-06-08 03:51:00,0
2019-06-08 05:00:00,WIND,600702,1,HCM,1,18974,1011,360,4,340,5,447,6,6,6,6,6,NA,NA,NA,NA,2019-06-08 04:51:00,0
2019-06-08 06:00:00,WIND,600702,1,HCM,1,18974,1011,340,5,330,6,549,6,6,6,6,6,NA,NA,NA,NA,2019-06-08 05:51:00,0
2019-06-08 07:00:00,WIND,600702,1,HCM,1,18974,1011,330,5,340,6,605,6,6,6,6,6,NA,NA,NA,NA,2019-06-08 06:51:00,0
2019-06-08 08:00:00,WIND,600702,1,HCM,1,18974,1011,330,6,320,10,744,6,6,6,6,6,NA,NA,NA,NA,2019-06-08 07:51:00,0
2019-06-08 09:00:00,WIND,600702,1,HCM,1,18974,1011,330,8,330,11,834,6,6,6,6,6,NA,NA,NA,NA,2019-06-08 08:54:00,0
2019-06-08 10:00:00,WIND,600702,1,HCM,1,18974,1011,320,9,310,11,944,6,6,6,6,6,NA,NA,NA,NA,2019-06-08 09:51:00,0
2019-06-08 11:00:00,WIND,600702,1,HCM,1,18974,1011,310,9,310,13,1045,6,6,6,6,6,NA,NA,NA,NA,2019-06-08 10:51:00,0
2019-06-08 12:00:00,WIND,600702,1,HCM,1,18974,1011,320,9,310,12,1100,6,6,6,6,6,NA,NA,NA,NA,2019-06-08 11:51:00,0
2019-06-08 13:00:00,WIND,600702,1,HCM,1,18974,1011,310,9,310,11,1154,6,6,6,6,6,NA,NA,NA,NA,2019-06-08 12:51:00,0
2019-06-08 14:00:00,WIND,600702,1,HCM,1,18974,1011,300,9,300,12,1317,6,6,6,6,6,NA,NA,NA,NA,2019-06-08 13:52:00,0
2019-06-08 15:00:00,WIND,600702,1,HCM,1,18974,1011,290,9,290,11,1449,6,6,6,6,6,NA,NA,NA,NA,2019-06-08 14:52:00,0
2019-06-08 16:00:00,WIND,600702,1,HCM,1,18974,1011,290,10,280,12,1534,6,6,6,6,6,NA,NA,NA,NA,2019-06-08 15:51:00,0
2019-06-08 17:00:00,WIND,600702,1,HCM,1,18974,1011,290,10,300,13,1645,6,6,6,6,6,NA,NA,NA,NA,2019-06-08 16:51:00,0
2019-06-08 18:00:00,WIND,600702,1,HCM,1,18974,1011,300,10,300,13,1737,6,6,6,6,6,NA,NA,NA,NA,2019-06-08 17:51:00,0
2019-06-08 19:00:00,WIND,600702,1,HCM,1,18974,1011,290,11,300,15,1827,6,6,6,6,6,NA,NA,NA,NA,2019-06-08 18:51:00,0
2019-06-08 20:00:00,WIND,600702,1,HCM,1,18974,1011,280,9,300,13,1852,6,6,6,6,6,NA,NA,NA,NA,2019-06-08 19:52:00,0
2019-06-08 21:00:00,WIND,600702,1,HCM,1,18974,1011,280,7,280,10,1956,6,6,6,6,6,NA,NA,NA,NA,2019-06-08 20:54:00,0
2019-06-08 22:00:00,WIND,600702,1,HCM,1,18974,1011,270,6,270,8,2122,6,6,6,6,6,NA,NA,NA,NA,2019-06-08 21:51:00,0
2019-06-08 23:00:00,WIND,600702,1,HCM,1,18974,1011,250,6,250,8,2245,6,6,6,6,6,NA,NA,NA,NA,2019-06-08 22:51:00,0
2019-06-09 00:00:00,WIND,600702,1,HCM,1,18974,1011,250,5,250,9,2305,6,6,6,6,6,NA,NA,NA,NA,2019-06-08 23:51:00,0
2019-06-09 01:00:00,WIND,600702,1,HCM,1,18974,1011,240,5,240,8,42,6,6,6,6,6,NA,NA,NA,NA,2019-06-09 00:51:00,0
2019-06-09 02:00:00,WIND,600702,1,HCM,1,18974,1011,240,6,240,8,145,6,6,6,6,6,NA,NA,NA,NA,2019-06-09 01:51:00,0
2019-06-09 03:00:00,WIND,600702,1,HCM,1,18974,1011,240,5,250,8,201,6,6,6,6,6,NA,NA,NA,NA,2019-06-09 02:51:00,0
2019-06-09 04:00:00,WIND,600702,1,HCM,1,18974,1011,70,4,130,9,333,6,6,6,6,6,NA,NA,NA,NA,2019-06-09 03:51:00,0
2019-06-09 05:00:00,WIND,600702,1,HCM,1,18974,1011,110,4,100,5,442,6,6,6,6,6,NA,NA,NA,NA,2019-06-09 04:52:00,0
2019-06-09 06:00:00,WIND,600702,1,HCM,1,18974,1011,170,4,220,6,535,6,6,6,6,6,NA,NA,NA,NA,2019-06-09 05:51:00,0
2019-06-09 07:00:00,WIND,600702,1,HCM,1,18974,1011,180,4,170,8,644,6,6,6,6,6,NA,NA,NA,NA,2019-06-09 06:52:00,0
2019-06-09 08:00:00,WIND,600702,1,HCM,1,18974,1011,180,8,220,12,742,6,6,6,6,6,NA,NA,NA,NA,2019-06-09 07:51:00,0
2019-06-09 09:00:00,WIND,600702,1,HCM,1,18974,1011,220,8,200,12,802,6,6,6,6,6,NA,NA,NA,NA,2019-06-09 08:54:00,0
2019-06-09 10:00:00,WIND,600702,1,HCM,1,18974,1011,220,8,230,13,937,6,6,6,6,6,NA,NA,NA,NA,2019-06-09 09:51:00,0
2019-06-09 11:00:00,WIND,600702,1,HCM,1,18974,1011,220,9,220,13,1003,6,6,6,6,6,NA,NA,NA,NA,2019-06-09 10:51:00,0
2019-06-09 12:00:00,WIND,600702,1,HCM,1,18974,1011,220,10,230,16,1136,6,6,6,6,6,NA,NA,NA,NA,2019-06-09 11:51:00,0
2019-06-09 13:00:00,WIND,600702,1,HCM,1,18974,1011,210,10,220,16,1150,6,6,6,6,6,NA,NA,NA,NA,2019-06-09 12:51:00,0
2019-06-09 14:00:00,WIND,600702,1,HCM,1,18974,1011,220,9,200,14,1258,6,6,6,6,6,NA,NA,NA,NA,2019-06-09 13:51:00,0
2019-06-09 15:00:00,WIND,600702,1,HCM,1,18974,1011,230,9,220,14,1356,6,6,6,6,6,NA,NA,NA,NA,2019-06-09 14:51:00,0
2019-06-09 16:00:00,WIND,600702,1,HCM,1,18974,1011,230,10,240,14,1512,6,6,6,6,6,NA,NA,NA,NA,2019-06-09 15:52:00,0
2019-06-09 17:00:00,WIND,600702,1,HCM,1,18974,1011,220,9,220,13,1637,6,6,6,6,6,NA,NA,NA,NA,2019-06-09 16:51:00,0
2019-06-09 18:00:00,WIND,600702,1,HCM,1,18974,1011,240,8,260,12,1717,6,6,6,6,6,NA,NA,NA,NA,2019-06-09 17:51:00,0
2019-06-09 19:00:00,WIND,600702,1,HCM,1,18974,1011,240,7,240,12,1810,6,6,6,6,6,NA,NA,NA,NA,2019-06-09 18:51:00,0
2019-06-09 20:00:00,WIND,600702,1,HCM,1,18974,1011,240,5,260,9,1850,6,6,6,6,6,NA,NA,NA,NA,2019-06-09 19:51:00,0
2019-06-09 21:00:00,WIND,600702,1,HCM,1,18974,1011,220,3,210,5,1951,6,6,6,6,6,NA,NA,NA,NA,2019-06-09 20:53:00,0
2019-06-09 22:00:00,WIND,600702,1,HCM,1,18974,1011,240,3,230,3,2108,6,6,6,6,6,NA,NA,NA,NA,2019-06-09 21:51:00,0
2019-06-09 23:00:00,WIND,600702,1,HCM,1,18974,1011,220,2,230,3,2157,6,6,6,6,6,NA,NA,NA,NA,2019-06-09 22:51:00,0
2019-06-10 00:00:00,WIND,600702,1,HCM,1,18974,1011,250,3,260,3,2345,6,6,6,6,6,NA,NA,NA,NA,2019-06-09 23:51:00,0
2019-06-10 01:00:00,WIND,600702,1,HCM,1,18974,1011,260,2,260,3,2350,6,6,6,6,6,NA,NA,NA,NA,2019-06-10 00:51:00,0
2019-06-10 02:00:00,WIND,600702,1,HCM,1,18974,1011,280,1,290,3,149,6,6,6,6,6,NA,NA,NA,NA,2019-06-10 01:51:00,0
2019-06-10 03:00:00,WIND,600702,1,HCM,1,18974,1011,310,3,320,3,249,6,6,6,6,6,NA,NA,NA,NA,2019-06-10 02:52:00,0
2019-06-10 04:00:00,WIND,600702,1,HCM,1,18974,1011,330,3,340,4,327,6,6,6,6,6,NA,NA,NA,NA,2019-06-10 03:51:00,0
2019-06-10 05:00:00,WIND,600702,1,HCM,1,18974,1011,340,3,350,4,426,6,6,6,6,6,NA,NA,NA,NA,2019-06-10 04:52:00,0
2019-06-10 06:00:00,WIND,600702,1,HCM,1,18974,1011,360,2,360,3,450,6,6,6,6,6,NA,NA,NA,NA,2019-06-10 05:51:00,0
2019-06-10 07:00:00,WIND,600702,1,HCM,1,18974,1011,10,4,360,7,638,6,6,6,6,6,NA,NA,NA,NA,2019-06-10 06:51:00,0
2019-06-10 08:00:00,WIND,600702,1,HCM,1,18974,1011,10,5,20,8,749,6,6,6,6,6,NA,NA,NA,NA,2019-06-10 07:51:00,0
2019-06-10 09:00:00,WIND,600702,1,HCM,1,18974,1011,10,6,10,10,838,6,6,6,6,6,NA,NA,NA,NA,2019-06-10 08:54:00,0
2019-06-10 10:00:00,WIND,600702,1,HCM,1,18974,1011,10,6,360,10,935,6,6,6,6,6,NA,NA,NA,NA,2019-06-10 09:51:00,909
2019-06-10 11:00:00,WIND,600702,1,HCM,1,18974,1011,360,7,360,12,1007,6,6,6,6,6,NA,NA,NA,NA,2019-06-10 10:51:00,0
2019-06-10 12:00:00,WIND,600702,1,HCM,1,18974,1011,350,7,350,11,1124,6,6,6,6,6,NA,NA,NA,NA,2019-06-10 11:51:00,0
2019-06-10 13:00:00,WIND,600702,1,HCM,1,18974,1011,350,9,360,14,1245,6,6,6,6,6,NA,NA,NA,NA,2019-06-10 12:51:00,0
2019-06-10 14:00:00,WIND,600702,1,HCM,1,18974,1011,350,11,340,16,1340,6,6,6,6,6,NA,NA,NA,NA,2019-06-10 13:52:00,0
2019-06-10 15:00:00,WIND,600702,1,HCM,1,18974,1011,350,13,340,17,1449,6,6,6,6,6,NA,NA,NA,NA,2019-06-10 14:51:00,0
2019-06-10 16:00:00,WIND,600702,1,HCM,1,18974,1011,350,14,360,18,1545,6,6,6,6,6,NA,NA,NA,NA,2019-06-10 15:51:00,0
2019-06-10 17:00:00,WIND,600702,1,HCM,1,18974,1011,350,15,350,19,1646,6,6,6,6,6,NA,NA,NA,NA,2019-06-10 16:51:00,0
2019-06-10 18:00:00,WIND,600702,1,HCM,1,18974,1011,350,15,350,19,1657,6,6,6,6,6,NA,NA,NA,NA,2019-06-10 17:51:00,0
2019-06-10 19:00:00,WIND,600702,1,HCM,1,18974,1011,360,15,350,20,1809,6,6,6,6,6,NA,NA,NA,NA,2019-06-10 18:51:00,0
2019-06-10 20:00:00,WIND,600702,1,HCM,1,18974,1011,360,13,10,18,1856,6,6,6,6,6,NA,NA,NA,NA,2019-06-10 19:51:00,0
2019-06-10 21:00:00,WIND,600702,1,HCM,1,18974,1011,360,13,360,18,2034,6,6,6,6,6,NA,NA,NA,NA,2019-06-10 20:54:00,0
2019-06-10 22:00:00,WIND,600702,1,HCM,1,18974,1011,360,13,360,17,2145,6,6,6,6,6,NA,NA,NA,NA,2019-06-10 21:52:00,0
2019-06-10 23:00:00,WIND,600702,1,HCM,1,18974,1011,350,14,350,20,2247,6,6,6,6,6,NA,NA,NA,NA,2019-06-10 22:51:00,0
2019-06-11 00:00:00,WIND,600702,1,HCM,1,18974,1011,350,16,350,22,2322,6,6,6,6,6,NA,NA,NA,NA,2019-06-10 23:51:00,0
2019-06-11 01:00:00,WIND,600702,1,HCM,1,18974,1011,360,15,350,21,2352,6,6,6,6,6,NA,NA,NA,NA,2019-06-11 00:51:00,0
2019-06-11 02:00:00,WIND,600702,1,HCM,1,18974,1011,360,14,10,19,101,6,6,6,6,6,NA,NA,NA,NA,2019-06-11 01:51:00,0
2019-06-11 03:00:00,WIND,600702,1,HCM,1,18974,1011,360,14,10,20,246,6,6,6,6,6,NA,NA,NA,NA,2019-06-11 02:51:00,0
2019-06-11 04:00:00,WIND,600702,1,HCM,1,18974,1011,10,16,10,22,349,6,6,6,6,6,NA,NA,NA,NA,2019-06-11 03:51:00,0
2019-06-11 05:00:00,WIND,600702,1,HCM,1,18974,1011,10,18,10,26,435,6,6,6,6,6,NA,NA,NA,NA,2019-06-11 04:51:00,0
2019-06-11 06:00:00,WIND,600702,1,HCM,1,18974,1011,20,19,20,25,524,6,6,6,6,6,NA,NA,NA,NA,2019-06-11 05:51:00,0
2019-06-11 07:00:00,WIND,600702,1,HCM,1,18974,1011,20,21,20,27,636,6,6,6,6,6,NA,NA,NA,NA,2019-06-11 06:51:00,0
2019-06-11 08:00:00,WIND,600702,1,HCM,1,18974,1011,10,22,20,28,704,6,6,6,6,6,NA,NA,NA,NA,2019-06-11 07:51:00,0
2019-06-11 09:00:00,WIND,600702,1,HCM,1,18974,1011,10,21,10,27,835,6,6,6,6,6,NA,NA,NA,NA,2019-06-11 08:55:00,0
2019-06-11 10:00:00,WIND,600702,1,HCM,1,18974,1011,10,21,10,28,916,6,6,6,6,6,NA,NA,NA,NA,2019-06-11 09:51:00,0
2019-06-11 11:00:00,WIND,600702,1,HCM,1,18974,1011,20,20,20,27,1001,6,6,6,6,6,NA,NA,NA,NA,2019-06-11 10:58:00,0
2019-06-11 12:00:00,WIND,600702,1,HCM,1,18974,1011,20,18,360,27,1148,6,6,6,6,6,NA,NA,NA,NA,2019-06-11 11:51:00,0
2019-06-11 13:00:00,WIND,600702,1,HCM,1,18974,1011,10,23,20,29,1247,6,6,6,6,6,NA,NA,NA,NA,2019-06-11 12:51:00,0
2019-06-11 14:00:00,WIND,600702,1,HCM,1,18974,1011,10,22,20,28,1310,6,6,6,6,6,NA,NA,NA,NA,2019-06-11 13:52:00,0
2019-06-11 15:00:00,WIND,600702,1,HCM,1,18974,1011,10,22,10,29,1432,6,6,6,6,6,NA,NA,NA,NA,2019-06-11 14:51:00,0
2019-06-11 16:00:00,WIND,600702,1,HCM,1,18974,1011,10,23,10,30,1522,6,6,6,6,6,NA,NA,NA,NA,2019-06-11 15:51:00,0
2019-06-11 17:00:00,WIND,600702,1,HCM,1,18974,1011,10,23,10,30,1645,6,6,6,6,6,NA,NA,NA,NA,2019-06-11 16:51:00,0
2019-06-11 18:00:00,WIND,600702,1,HCM,1,18974,1011,10,23,10,31,1720,6,6,6,6,6,NA,NA,NA,NA,2019-06-11 17:51:00,0
2019-06-11 19:00:00,WIND,600702,1,HCM,1,18974,1011,10,22,10,29,1821,6,6,6,6,6,NA,NA,NA,NA,2019-06-11 18:51:00,0
2019-06-11 20:00:00,WIND,600702,1,HCM,1,18974,1011,10,21,10,28,1904,6,6,6,6,6,NA,NA,NA,NA,2019-06-11 19:51:00,0
2019-06-11 21:00:00,WIND,600702,1,HCM,1,18974,1011,10,21,20,28,1952,6,6,6,6,6,NA,NA,NA,NA,2019-06-11 20:54:00,0
2019-06-11 22:00:00,WIND,600702,1,HCM,1,18974,1011,10,21,20,29,2103,6,6,6,6,6,NA,NA,NA,NA,2019-06-11 21:51:00,0
2019-06-11 23:00:00,WIND,600702,1,HCM,1,18974,1011,10,21,10,29,2159,6,6,6,6,6,NA,NA,NA,NA,2019-06-11 22:51:00,0
2019-06-12 00:00:00,WIND,600702,1,HCM,1,18974,1011,20,19,10,27,2344,6,6,6,6,6,NA,NA,NA,NA,2019-06-11 23:51:00,0
2019-06-12 01:00:00,WIND,600702,1,HCM,1,18974,1011,10,18,20,25,2350,6,6,6,6,6,NA,NA,NA,NA,2019-06-12 00:51:00,0
2019-06-12 02:00:00,WIND,600702,1,HCM,1,18974,1011,10,19,10,27,135,6,6,6,6,6,NA,NA,NA,NA,2019-06-12 01:51:00,0
2019-06-12 03:00:00,WIND,600702,1,HCM,1,18974,1011,10,20,10,27,241,6,6,6,6,6,NA,NA,NA,NA,2019-06-12 02:51:00,0
2019-06-12 04:00:00,WIND,600702,1,HCM,1,18974,1011,10,22,10,31,316,6,6,6,6,6,NA,NA,NA,NA,2019-06-12 03:51:00,0
2019-06-12 05:00:00,WIND,600702,1,HCM,1,18974,1011,10,23,10,30,414,6,6,6,6,6,NA,NA,NA,NA,2019-06-12 04:51:00,0
2019-06-12 06:00:00,WIND,600702,1,HCM,1,18974,1011,20,22,10,32,451,6,6,6,6,6,NA,NA,NA,NA,2019-06-12 05:51:00,0
2019-06-12 07:00:00,WIND,600702,1,HCM,1,18974,1011,20,22,20,30,637,6,6,6,6,6,NA,NA,NA,NA,2019-06-12 06:51:00,0
2019-06-12 08:00:00,WIND,600702,1,HCM,1,18974,1011,10,23,10,30,740,6,6,6,6,6,NA,NA,NA,NA,2019-06-12 07:51:00,0
2019-06-12 09:00:00,WIND,600702,1,HCM,1,18974,1011,10,23,10,30,844,6,6,6,6,6,NA,NA,NA,NA,2019-06-12 08:54:00,0
2019-06-12 10:00:00,WIND,600702,1,HCM,1,18974,1011,10,23,10,29,914,6,6,6,6,6,NA,NA,NA,NA,2019-06-12 09:51:00,0
2019-06-12 11:00:00,WIND,600702,1,HCM,1,18974,1011,10,24,10,34,1034,6,6,6,6,6,NA,NA,NA,NA,2019-06-12 10:51:00,0
2019-06-12 12:00:00,WIND,600702,1,HCM,1,18974,1011,10,27,10,37,1137,6,6,6,6,6,NA,NA,NA,NA,2019-06-12 11:51:00,0
2019-06-12 13:00:00,WIND,600702,1,HCM,1,18974,1011,10,23,10,33,1155,6,6,6,6,6,NA,NA,NA,NA,2019-06-12 12:51:00,0
2019-06-12 14:00:00,WIND,600702,1,HCM,1,18974,1011,10,22,10,31,1340,6,6,6,6,6,NA,NA,NA,NA,2019-06-12 13:51:00,0
2019-06-12 15:00:00,WIND,600702,1,HCM,1,18974,1011,10,22,20,31,1350,6,6,6,6,6,NA,NA,NA,NA,2019-06-12 14:51:00,0
2019-06-12 16:00:00,WIND,600702,1,HCM,1,18974,1011,10,25,10,35,1547,6,6,6,6,6,NA,NA,NA,NA,2019-06-12 15:51:00,0
2019-06-12 17:00:00,WIND,600702,1,HCM,1,18974,1011,10,26,10,36,1608,6,6,6,6,6,NA,NA,NA,NA,2019-06-12 16:51:00,0
2019-06-12 18:00:00,WIND,600702,1,HCM,1,18974,1011,10,26,10,34,1711,6,6,6,6,6,NA,NA,NA,NA,2019-06-12 17:51:00,0
2019-06-12 19:00:00,WIND,600702,1,HCM,1,18974,1011,10,27,10,37,1845,6,6,6,6,6,NA,NA,NA,NA,2019-06-12 18:51:00,0
2019-06-12 20:00:00,WIND,600702,1,HCM,1,18974,1011,10,28,10,39,1908,6,6,6,6,6,NA,NA,NA,NA,2019-06-12 19:51:00,0
2019-06-12 21:00:00,WIND,600702,1,HCM,1,18974,1011,20,25,20,36,2003,6,6,6,6,6,NA,NA,NA,NA,2019-06-12 20:54:00,0
2019-06-12 22:00:00,WIND,600702,1,HCM,1,18974,1011,20,21,10,29,2139,6,6,6,6,6,NA,NA,NA,NA,2019-06-12 21:51:00,0
2019-06-12 23:00:00,WIND,600702,1,HCM,1,18974,1011,20,20,10,28,2159,6,6,6,6,6,NA,NA,NA,NA,2019-06-12 22:51:00,0
2019-06-13 00:00:00,WIND,600702,1,HCM,1,18974,1011,20,19,40,27,2258,6,6,6,6,6,NA,NA,NA,NA,2019-06-12 23:51:00,0
2019-06-13 01:00:00,WIND,600702,1,HCM,1,18974,1011,10,22,10,30,13,6,6,6,6,6,NA,NA,NA,NA,2019-06-13 00:51:00,0
2019-06-13 02:00:00,WIND,600702,1,HCM,1,18974,1011,10,23,10,31,140,6,6,6,6,6,NA,NA,NA,NA,2019-06-13 01:51:00,0
2019-06-13 03:00:00,WIND,600702,1,HCM,1,18974,1011,10,24,10,32,220,6,6,6,6,6,NA,NA,NA,NA,2019-06-13 02:51:00,0
2019-06-13 04:00:00,WIND,600702,1,HCM,1,18974,1011,10,25,10,33,334,6,6,6,6,6,NA,NA,NA,NA,2019-06-13 03:51:00,0
2019-06-13 05:00:00,WIND,600702,1,HCM,1,18974,1011,10,25,10,35,420,6,6,6,6,6,NA,NA,NA,NA,2019-06-13 04:51:00,0
2019-06-13 06:00:00,WIND,600702,1,HCM,1,18974,1011,20,23,10,34,526,6,6,6,6,6,NA,NA,NA,NA,2019-06-13 05:51:00,0
2019-06-13 07:00:00,WIND,600702,1,HCM,1,18974,1011,10,24,10,32,614,6,6,6,6,6,NA,NA,NA,NA,2019-06-13 06:51:00,0
2019-06-13 08:00:00,WIND,600702,1,HCM,1,18974,1011,10,23,10,32,708,6,6,6,6,6,NA,NA,NA,NA,2019-06-13 07:51:00,0
2019-06-13 09:00:00,WIND,600702,1,HCM,1,18974,1011,10,23,10,30,842,6,6,6,6,6,NA,NA,NA,NA,2019-06-13 08:54:00,0
2019-06-13 10:00:00,WIND,600702,1,HCM,1,18974,1011,360,24,360,32,916,6,6,6,6,6,NA,NA,NA,NA,2019-06-13 09:52:00,0
2019-06-13 11:00:00,WIND,600702,1,HCM,1,18974,1011,10,23,10,30,1036,6,6,6,6,6,NA,NA,NA,NA,2019-06-13 10:51:00,0
2019-06-13 12:00:00,WIND,600702,1,HCM,1,18974,1011,10,22,360,30,1111,6,6,6,6,6,NA,NA,NA,NA,2019-06-13 11:51:00,0
2019-06-13 13:00:00,WIND,600702,1,HCM,1,18974,1011,10,21,10,29,1154,6,6,6,6,6,NA,NA,NA,NA,2019-06-13 12:52:00,0
2019-06-13 14:00:00,WIND,600702,1,HCM,1,18974,1011,360,21,10,27,1325,6,6,6,6,6,NA,NA,NA,NA,2019-06-13 13:51:00,0
2019-06-13 15:00:00,WIND,600702,1,HCM,1,18974,1011,10,20,10,28,1409,6,6,6,6,6,NA,NA,NA,NA,2019-06-13 14:52:00,0
2019-06-13 16:00:00,WIND,600702,1,HCM,1,18974,1011,360,20,360,25,1531,6,6,6,6,6,NA,NA,NA,NA,2019-06-13 15:51:00,0
2019-06-13 17:00:00,WIND,600702,1,HCM,1,18974,1011,350,19,350,25,1558,6,6,6,6,6,NA,NA,NA,NA,2019-06-13 16:51:00,0
2019-06-13 18:00:00,WIND,600702,1,HCM,1,18974,1011,360,18,360,23,1700,6,6,6,6,6,NA,NA,NA,NA,2019-06-13 17:51:00,0
2019-06-13 19:00:00,WIND,600702,1,HCM,1,18974,1011,360,17,360,22,1804,6,6,6,6,6,NA,NA,NA,NA,2019-06-13 18:51:00,0
2019-06-13 20:00:00,WIND,600702,1,HCM,1,18974,1011,360,15,350,20,1853,6,6,6,6,6,NA,NA,NA,NA,2019-06-13 19:51:00,0
2019-06-13 21:00:00,WIND,600702,1,HCM,1,18974,1011,360,16,360,20,2016,6,6,6,6,6,NA,NA,NA,NA,2019-06-13 20:56:00,0
2019-06-13 22:00:00,WIND,600702,1,HCM,1,18974,1011,360,13,10,17,2056,6,6,6,6,6,NA,NA,NA,NA,2019-06-13 21:51:00,0
2019-06-13 23:00:00,WIND,600702,1,HCM,1,18974,1011,360,10,360,15,2204,6,6,6,6,6,NA,NA,NA,NA,2019-06-13 22:51:00,0
2019-06-14 00:00:00,WIND,600702,1,HCM,1,18974,1011,360,6,20,10,2346,6,6,6,6,6,NA,NA,NA,NA,2019-06-13 23:51:00,0
2019-06-14 01:00:00,WIND,600702,1,HCM,1,18974,1011,10,8,10,12,28,6,6,6,6,6,NA,NA,NA,NA,2019-06-14 00:51:00,0
2019-06-14 02:00:00,WIND,600702,1,HCM,1,18974,1011,30,8,20,10,101,6,6,6,6,6,NA,NA,NA,NA,2019-06-14 01:51:00,0
2019-06-14 03:00:00,WIND,600702,1,HCM,1,18974,1011,40,5,40,7,151,6,6,6,6,6,NA,NA,NA,NA,2019-06-14 02:51:00,0
2019-06-14 04:00:00,WIND,600702,1,HCM,1,18974,1011,50,4,40,6,250,6,6,6,6,6,NA,NA,NA,NA,2019-06-14 03:52:00,0
2019-06-14 05:00:00,WIND,600702,1,HCM,1,18974,1011,70,3,50,4,351,6,6,6,6,6,NA,NA,NA,NA,2019-06-14 04:51:00,0
2019-06-14 06:00:00,WIND,600702,1,HCM,1,18974,1011,120,3,210,8,538,6,6,6,6,6,NA,NA,NA,NA,2019-06-14 05:51:00,0
2019-06-14 07:00:00,WIND,600702,1,HCM,1,18974,1011,220,5,210,8,625,6,6,6,6,6,NA,NA,NA,NA,2019-06-14 06:51:00,0
2019-06-14 08:00:00,WIND,600702,1,HCM,1,18974,1011,180,7,170,11,729,6,6,6,6,6,NA,NA,NA,NA,2019-06-14 07:51:00,0
2019-06-14 09:00:00,WIND,600702,1,HCM,1,18974,1011,170,8,170,12,835,6,6,6,6,6,NA,NA,NA,NA,2019-06-14 08:56:00,0
2019-06-14 10:00:00,WIND,600702,1,HCM,1,18974,1011,170,9,170,14,940,6,6,6,6,6,NA,NA,NA,NA,2019-06-14 09:51:00,0
2019-06-14 11:00:00,WIND,600702,1,HCM,1,18974,1011,170,10,140,13,1012,6,6,6,6,6,NA,NA,NA,NA,2019-06-14 10:51:00,0
2019-06-14 12:00:00,WIND,600702,1,HCM,1,18974,1011,180,11,210,15,1148,6,6,6,6,6,NA,NA,NA,NA,2019-06-14 11:52:00,0
2019-06-14 13:00:00,WIND,600702,1,HCM,1,18974,1011,220,12,200,17,1230,6,6,6,6,6,NA,NA,NA,NA,2019-06-14 12:51:00,0
2019-06-14 14:00:00,WIND,600702,1,HCM,1,18974,1011,210,11,220,18,1316,6,6,6,6,6,NA,NA,NA,NA,2019-06-14 13:51:00,0
2019-06-14 15:00:00,WIND,600702,1,HCM,1,18974,1011,190,12,200,18,1440,6,6,6,6,6,NA,NA,NA,NA,2019-06-14 14:51:00,0
2019-06-14 16:00:00,WIND,600702,1,HCM,1,18974,1011,180,14,180,23,1503,6,6,6,6,6,NA,NA,NA,NA,2019-06-14 15:51:00,0
2019-06-14 17:00:00,WIND,600702,1,HCM,1,18974,1011,180,14,170,21,1613,6,6,6,6,6,NA,NA,NA,NA,2019-06-14 16:52:00,0
2019-06-14 18:00:00,WIND,600702,1,HCM,1,18974,1011,180,13,170,17,1725,6,6,6,6,6,NA,NA,NA,NA,2019-06-14 17:51:00,0
2019-06-14 19:00:00,WIND,600702,1,HCM,1,18974,1011,190,9,200,13,1750,6,6,6,6,6,NA,NA,NA,NA,2019-06-14 18:52:00,0
2019-06-14 20:00:00,WIND,600702,1,HCM,1,18974,1011,150,8,150,12,1949,6,6,6,6,6,NA,NA,NA,NA,2019-06-14 19:51:00,0
2019-06-14 21:00:00,WIND,600702,1,HCM,1,18974,1011,160,10,160,15,2047,6,6,6,6,6,NA,NA,NA,NA,2019-06-14 20:54:00,0
2019-06-14 22:00:00,WIND,600702,1,HCM,1,18974,1011,150,11,150,16,2058,6,6,6,6,6,NA,NA,NA,NA,2019-06-14 21:51:00,0
2019-06-14 23:00:00,WIND,600702,1,HCM,1,18974,1011,120,12,130,17,2201,6,6,6,6,6,NA,NA,NA,NA,2019-06-14 22:51:00,0
2019-06-15 00:00:00,WIND,600702,1,HCM,1,18974,1011,110,12,120,18,2310,6,6,6,6,6,NA,NA,NA,NA,2019-06-14 23:51:00,0
2019-06-15 01:00:00,WIND,600702,1,HCM,1,18974,1011,110,12,110,19,8,6,6,6,6,6,NA,NA,NA,NA,2019-06-15 00:51:00,0
2019-06-15 02:00:00,WIND,600702,1,HCM,1,18974,1011,120,12,120,18,134,6,6,6,6,6,NA,NA,NA,NA,2019-06-15 01:51:00,0
2019-06-15 03:00:00,WIND,600702,1,HCM,1,18974,1011,120,15,120,21,247,6,6,6,6,6,NA,NA,NA,NA,2019-06-15 02:51:00,0
2019-06-15 04:00:00,WIND,600702,1,HCM,1,18974,1011,130,18,130,25,323,6,6,6,6,6,NA,NA,NA,NA,2019-06-15 03:51:00,0
2019-06-15 05:00:00,WIND,600702,1,HCM,1,18974,1011,130,17,120,21,356,6,6,6,6,6,NA,NA,NA,NA,2019-06-15 04:51:00,0
2019-06-15 06:00:00,WIND,600702,1,HCM,1,18974,1011,130,15,140,21,452,6,6,6,6,6,NA,NA,NA,NA,2019-06-15 05:51:00,0
2019-06-15 07:00:00,WIND,600702,1,HCM,1,18974,1011,140,14,130,19,558,6,6,6,6,6,NA,NA,NA,NA,2019-06-15 06:51:00,0
2019-06-15 08:00:00,WIND,600702,1,HCM,1,18974,1011,150,12,150,17,659,6,6,6,6,6,NA,NA,NA,NA,2019-06-15 07:51:00,0
2019-06-15 09:00:00,WIND,600702,1,HCM,1,18974,1011,140,12,140,16,808,6,6,6,6,6,NA,NA,NA,NA,2019-06-15 08:54:00,0
2019-06-15 10:00:00,WIND,600702,1,HCM,1,18974,1011,140,12,140,15,940,6,6,6,6,6,NA,NA,NA,NA,2019-06-15 09:51:00,0
2019-06-15 11:00:00,WIND,600702,1,HCM,1,18974,1011,130,12,140,15,1014,6,6,6,6,6,NA,NA,NA,NA,2019-06-15 10:51:00,0
2019-06-15 12:00:00,WIND,600702,1,HCM,1,18974,1011,130,10,130,14,1059,6,6,6,6,6,NA,NA,NA,NA,2019-06-15 11:51:00,0
2019-06-15 13:00:00,WIND,600702,1,HCM,1,18974,1011,130,9,140,12,1159,6,6,6,6,6,NA,NA,NA,NA,2019-06-15 12:51:00,0
2019-06-15 14:00:00,WIND,600702,1,HCM,1,18974,1011,140,6,130,10,1255,6,6,6,6,6,NA,NA,NA,NA,2019-06-15 13:51:00,0
2019-06-15 15:00:00,WIND,600702,1,HCM,1,18974,1011,140,5,140,8,1355,6,6,6,6,6,NA,NA,NA,NA,2019-06-15 14:51:00,0
2019-06-15 16:00:00,WIND,600702,1,HCM,1,18974,1011,120,4,130,6,1513,6,6,6,6,6,NA,NA,NA,NA,2019-06-15 15:51:00,0
2019-06-15 17:00:00,WIND,600702,1,HCM,1,18974,1011,140,2,110,4,1551,6,6,6,6,6,NA,NA,NA,NA,2019-06-15 16:51:00,0
2019-06-15 18:00:00,WIND,600702,1,HCM,1,18974,1011,170,2,140,4,1708,6,6,6,6,6,NA,NA,NA,NA,2019-06-15 17:52:00,0
2019-06-15 19:00:00,WIND,600702,1,HCM,1,18974,1011,350,4,320,7,1825,6,6,6,6,6,NA,NA,NA,NA,2019-06-15 18:51:00,0
2019-06-15 20:00:00,WIND,600702,1,HCM,1,18974,1011,340,5,330,7,1926,6,6,6,6,6,NA,NA,NA,NA,2019-06-15 19:51:00,0
2019-06-15 21:00:00,WIND,600702,1,HCM,1,18974,1011,300,5,280,8,2032,6,6,6,6,6,NA,NA,NA,NA,2019-06-15 20:54:00,0
2019-06-15 22:00:00,WIND,600702,1,HCM,1,18974,1011,310,4,280,6,2114,6,6,6,6,6,NA,NA,NA,NA,2019-06-15 21:51:00,0
2019-06-15 23:00:00,WIND,600702,1,HCM,1,18974,1011,310,4,260,7,2249,6,6,6,6,6,NA,NA,NA,NA,2019-06-15 22:51:00,0
2019-06-16 00:00:00,WIND,600702,1,HCM,1,18974,1011,250,6,250,9,2344,6,6,6,6,6,NA,NA,NA,NA,2019-06-15 23:51:00,0
2019-06-16 01:00:00,WIND,600702,1,HCM,1,18974,1011,260,5,260,8,2355,6,6,6,6,6,NA,NA,NA,NA,2019-06-16 00:51:00,0
2019-06-16 02:00:00,WIND,600702,1,HCM,1,18974,1011,230,6,230,9,149,6,6,6,6,6,NA,NA,NA,NA,2019-06-16 01:51:00,0
2019-06-16 03:00:00,WIND,600702,1,HCM,1,18974,1011,230,7,230,10,213,6,6,6,6,6,NA,NA,NA,NA,2019-06-16 02:51:00,0
2019-06-16 04:00:00,WIND,600702,1,HCM,1,18974,1011,220,6,220,9,258,6,6,6,6,6,NA,NA,NA,NA,2019-06-16 03:51:00,0
2019-06-16 05:00:00,WIND,600702,1,HCM,1,18974,1011,210,5,200,7,351,6,6,6,6,6,NA,NA,NA,NA,2019-06-16 04:51:00,0
2019-06-16 06:00:00,WIND,600702,1,HCM,1,18974,1011,200,5,190,7,518,6,6,6,6,6,NA,NA,NA,NA,2019-06-16 05:52:00,0
2019-06-16 07:00:00,WIND,600702,1,HCM,1,18974,1011,190,6,190,8,646,6,6,6,6,6,NA,NA,NA,NA,2019-06-16 06:51:00,0
2019-06-16 08:00:00,WIND,600702,1,HCM,1,18974,1011,180,6,170,9,742,6,6,6,6,6,NA,NA,NA,NA,2019-06-16 07:51:00,0
2019-06-16 09:00:00,WIND,600702,1,HCM,1,18974,1011,170,9,170,13,849,6,6,6,6,6,NA,NA,NA,NA,2019-06-16 08:55:00,0
2019-06-16 10:00:00,WIND,600702,1,HCM,1,18974,1011,170,12,180,16,922,6,6,6,6,6,NA,NA,NA,NA,2019-06-16 09:51:00,0
2019-06-16 11:00:00,WIND,600702,1,HCM,1,18974,1011,170,13,180,17,1045,6,6,6,6,6,NA,NA,NA,NA,2019-06-16 10:52:00,0
2019-06-16 12:00:00,WIND,600702,1,HCM,1,18974,1011,170,12,180,16,1102,6,6,6,6,6,NA,NA,NA,NA,2019-06-16 11:51:00,0
2019-06-16 13:00:00,WIND,600702,1,HCM,1,18974,1011,170,10,180,14,1152,6,6,6,6,6,NA,NA,NA,NA,2019-06-16 12:52:00,0
2019-06-16 14:00:00,WIND,600702,1,HCM,1,18974,1011,170,9,170,13,1340,6,6,6,6,6,NA,NA,NA,NA,2019-06-16 13:51:00,0
2019-06-16 15:00:00,WIND,600702,1,HCM,1,18974,1011,170,9,180,13,1403,6,6,6,6,6,NA,NA,NA,NA,2019-06-16 14:51:00,0
2019-06-16 16:00:00,WIND,600702,1,HCM,1,18974,1011,170,9,170,13,1519,6,6,6,6,6,NA,NA,NA,NA,2019-06-16 15:51:00,0
2019-06-16 17:00:00,WIND,600702,1,HCM,1,18974,1011,170,7,150,11,1617,6,6,6,6,6,NA,NA,NA,NA,2019-06-16 16:51:00,0
2019-06-16 18:00:00,WIND,600702,1,HCM,1,18974,1011,130,8,130,12,1713,6,6,6,6,6,NA,NA,NA,NA,2019-06-16 17:51:00,0
2019-06-16 19:00:00,WIND,600702,1,HCM,1,18974,1011,130,8,130,11,1831,6,6,6,6,6,NA,NA,NA,NA,2019-06-16 18:51:00,0
2019-06-16 20:00:00,WIND,600702,1,HCM,1,18974,1011,130,10,130,14,1935,6,6,6,6,6,NA,NA,NA,NA,2019-06-16 19:51:00,0
2019-06-16 21:00:00,WIND,600702,1,HCM,1,18974,1011,140,13,150,18,2040,6,6,6,6,6,NA,NA,NA,NA,2019-06-16 20:53:00,0
2019-06-16 22:00:00,WIND,600702,1,HCM,1,18974,1011,160,13,160,20,2104,6,6,6,6,6,NA,NA,NA,NA,2019-06-16 21:51:00,0
2019-06-16 23:00:00,WIND,600702,1,HCM,1,18974,1011,150,11,160,17,2154,6,6,6,6,6,NA,NA,NA,NA,2019-06-16 22:51:00,0
2019-06-17 00:00:00,WIND,600702,1,HCM,1,18974,1011,140,8,150,12,2300,6,6,6,6,6,NA,NA,NA,NA,2019-06-16 23:51:00,0
2019-06-17 01:00:00,WIND,600702,1,HCM,1,18974,1011,170,9,150,12,5,6,6,6,6,6,NA,NA,NA,NA,2019-06-17 00:51:00,0
2019-06-17 02:00:00,WIND,600702,1,HCM,1,18974,1011,200,7,190,11,50,6,6,6,6,6,NA,NA,NA,NA,2019-06-17 01:51:00,0
2019-06-17 03:00:00,WIND,600702,1,HCM,1,18974,1011,210,7,210,9,243,6,6,6,6,6,NA,NA,NA,NA,2019-06-17 02:51:00,0
2019-06-17 04:00:00,WIND,600702,1,HCM,1,18974,1011,210,7,210,13,321,6,6,6,6,6,NA,NA,NA,NA,2019-06-17 03:51:00,0
2019-06-17 05:00:00,WIND,600702,1,HCM,1,18974,1011,200,9,210,14,449,6,6,6,6,6,NA,NA,NA,NA,2019-06-17 04:51:00,0
2019-06-17 06:00:00,WIND,600702,1,HCM,1,18974,1011,200,10,200,18,545,6,6,6,6,6,NA,NA,NA,NA,2019-06-17 05:51:00,0
2019-06-17 07:00:00,WIND,600702,1,HCM,1,18974,1011,190,13,190,19,630,6,6,6,6,6,NA,NA,NA,NA,2019-06-17 06:51:00,0
2019-06-17 08:00:00,WIND,600702,1,HCM,1,18974,1011,180,14,180,20,746,6,6,6,6,6,NA,NA,NA,NA,2019-06-17 07:51:00,0
2019-06-17 09:00:00,WIND,600702,1,HCM,1,18974,1011,180,17,180,22,834,6,6,6,6,6,NA,NA,NA,NA,2019-06-17 08:54:00,0
2019-06-17 10:00:00,WIND,600702,1,HCM,1,18974,1011,190,14,180,23,850,6,6,6,6,6,NA,NA,NA,NA,2019-06-17 09:51:00,0
2019-06-17 11:00:00,WIND,600702,1,HCM,1,18974,1011,190,15,170,26,1022,6,6,6,6,6,NA,NA,NA,NA,2019-06-17 10:51:00,0
2019-06-17 12:00:00,WIND,600702,1,HCM,1,18974,1011,220,9,220,15,1057,6,6,6,6,6,NA,NA,NA,NA,2019-06-17 11:51:00,0
2019-06-17 13:00:00,WIND,600702,1,HCM,1,18974,1011,220,6,220,14,1157,6,6,6,6,6,NA,NA,NA,NA,2019-06-17 12:51:00,0
2019-06-17 14:00:00,WIND,600702,1,HCM,1,18974,1011,270,7,260,16,1349,6,6,6,6,6,NA,NA,NA,NA,2019-06-17 13:51:00,0
2019-06-17 15:00:00,WIND,600702,1,HCM,1,18974,1011,250,16,250,23,1426,6,6,6,6,6,NA,NA,NA,NA,2019-06-17 14:51:00,0
2019-06-17 16:00:00,WIND,600702,1,HCM,1,18974,1011,240,17,240,23,1542,6,6,6,6,6,NA,NA,NA,NA,2019-06-17 15:51:00,0
2019-06-17 17:00:00,WIND,600702,1,HCM,1,18974,1011,240,16,240,24,1606,6,6,6,6,6,NA,NA,NA,NA,2019-06-17 16:51:00,0
2019-06-17 18:00:00,WIND,600702,1,HCM,1,18974,1011,230,15,250,22,1651,6,6,6,6,6,NA,NA,NA,NA,2019-06-17 17:51:00,0
2019-06-17 19:00:00,WIND,600702,1,HCM,1,18974,1011,220,14,220,21,1759,6,6,6,6,6,NA,NA,NA,NA,2019-06-17 18:51:00,0
2019-06-17 20:00:00,WIND,600702,1,HCM,1,18974,1011,210,13,210,18,1911,6,6,6,6,6,NA,NA,NA,NA,2019-06-17 19:51:00,0
2019-06-17 21:00:00,WIND,600702,1,HCM,1,18974,1011,200,13,210,19,2036,6,6,6,6,6,NA,NA,NA,NA,2019-06-17 20:54:00,0
2019-06-17 22:00:00,WIND,600702,1,HCM,1,18974,1011,200,14,200,20,2110,6,6,6,6,6,NA,NA,NA,NA,2019-06-17 21:51:00,0
2019-06-17 23:00:00,WIND,600702,1,HCM,1,18974,1011,210,16,200,23,2228,6,6,6,6,6,NA,NA,NA,NA,2019-06-17 22:52:00,0
2019-06-18 00:00:00,WIND,600702,1,HCM,1,18974,1011,200,17,200,26,2331,6,6,6,6,6,NA,NA,NA,NA,2019-06-17 23:51:00,0
2019-06-18 01:00:00,WIND,600702,1,HCM,1,18974,1011,200,18,200,27,49,6,6,6,6,6,NA,NA,NA,NA,2019-06-18 00:51:00,0
2019-06-18 02:00:00,WIND,600702,1,HCM,1,18974,1011,200,19,200,29,147,6,6,6,6,6,NA,NA,NA,NA,2019-06-18 01:51:00,0
2019-06-18 03:00:00,WIND,600702,1,HCM,1,18974,1011,200,20,210,29,158,6,6,6,6,6,NA,NA,NA,NA,2019-06-18 02:52:00,0
2019-06-18 04:00:00,WIND,600702,1,HCM,1,18974,1011,210,19,210,29,257,6,6,6,6,6,NA,NA,NA,NA,2019-06-18 03:51:00,0
2019-06-18 05:00:00,WIND,600702,1,HCM,1,18974,1011,230,14,230,20,447,6,6,6,6,6,NA,NA,NA,NA,2019-06-18 04:52:00,0
2019-06-18 06:00:00,WIND,600702,1,HCM,1,18974,1011,230,14,230,20,545,6,6,6,6,6,NA,NA,NA,NA,2019-06-18 05:51:00,0
2019-06-18 07:00:00,WIND,600702,1,HCM,1,18974,1011,240,15,230,23,602,6,6,6,6,6,NA,NA,NA,NA,2019-06-18 06:52:00,0
2019-06-18 08:00:00,WIND,600702,1,HCM,1,18974,1011,240,16,240,23,718,6,6,6,6,6,NA,NA,NA,NA,2019-06-18 07:51:00,0
2019-06-18 09:00:00,WIND,600702,1,HCM,1,18974,1011,240,16,230,23,800,6,6,6,6,6,NA,NA,NA,NA,2019-06-18 08:54:00,0
2019-06-18 10:00:00,WIND,600702,1,HCM,1,18974,1011,230,18,240,25,940,6,6,6,6,6,NA,NA,NA,NA,2019-06-18 09:51:00,0
2019-06-18 11:00:00,WIND,600702,1,HCM,1,18974,1011,230,18,230,25,1039,6,6,6,6,6,NA,NA,NA,NA,2019-06-18 10:53:00,0
2019-06-18 12:00:00,WIND,600702,1,HCM,1,18974,1011,220,18,220,25,1126,6,6,6,6,6,NA,NA,NA,NA,2019-06-18 11:53:00,0
2019-06-18 13:00:00,WIND,600702,1,HCM,1,18974,1011,220,18,240,25,1234,6,6,6,6,6,NA,NA,NA,NA,2019-06-18 12:52:00,0
2019-06-18 14:00:00,WIND,600702,1,HCM,1,18974,1011,220,18,230,26,1324,6,6,6,6,6,NA,NA,NA,NA,2019-06-18 13:52:00,0
2019-06-18 15:00:00,WIND,600702,1,HCM,1,18974,1011,230,17,220,23,1430,6,6,6,6,6,NA,NA,NA,NA,2019-06-18 14:53:00,0
2019-06-18 16:00:00,WIND,600702,1,HCM,1,18974,1011,230,15,240,22,1505,6,6,6,6,6,NA,NA,NA,NA,2019-06-18 15:52:00,0
2019-06-18 17:00:00,WIND,600702,1,HCM,1,18974,1011,220,14,230,21,1552,6,6,6,6,6,NA,NA,NA,NA,2019-06-18 16:52:00,0
2019-06-18 18:00:00,WIND,600702,1,HCM,1,18974,1011,220,13,220,18,1653,6,6,6,6,6,NA,NA,NA,NA,2019-06-18 17:51:00,0
2019-06-18 19:00:00,WIND,600702,1,HCM,1,18974,1011,210,12,200,18,1806,6,6,6,6,6,NA,NA,NA,NA,2019-06-18 18:51:00,0
2019-06-18 20:00:00,WIND,600702,1,HCM,1,18974,1011,210,11,210,17,1904,6,6,6,6,6,NA,NA,NA,NA,2019-06-18 19:51:00,0
2019-06-18 21:00:00,WIND,600702,1,HCM,1,18974,1011,210,10,200,15,2005,6,6,6,6,6,NA,NA,NA,NA,2019-06-18 20:55:00,0
2019-06-18 22:00:00,WIND,600702,1,HCM,1,18974,1011,200,11,210,15,2111,6,6,6,6,6,NA,NA,NA,NA,2019-06-18 21:51:00,0
2019-06-18 23:00:00,WIND,600702,1,HCM,1,18974,1011,200,11,210,18,2232,6,6,6,6,6,NA,NA,NA,NA,2019-06-18 22:52:00,0
2019-06-19 00:00:00,WIND,600702,1,HCM,1,18974,1011,210,11,220,18,2303,6,6,6,6,6,NA,NA,NA,NA,2019-06-18 23:51:00,0
2019-06-19 01:00:00,WIND,600702,1,HCM,1,18974,1011,200,11,200,17,40,6,6,6,6,6,NA,NA,NA,NA,2019-06-19 00:51:00,0
2019-06-19 02:00:00,WIND,600702,1,HCM,1,18974,1011,200,11,200,18,111,6,6,6,6,6,NA,NA,NA,NA,2019-06-19 01:51:00,0
2019-06-19 03:00:00,WIND,600702,1,HCM,1,18974,1011,200,12,190,18,201,6,6,6,6,6,NA,NA,NA,NA,2019-06-19 02:52:00,0
2019-06-19 04:00:00,WIND,600702,1,HCM,1,18974,1011,190,11,190,18,254,6,6,6,6,6,NA,NA,NA,NA,2019-06-19 03:52:00,0
2019-06-19 05:00:00,WIND,600702,1,HCM,1,18974,1011,190,12,200,21,438,6,6,6,6,6,NA,NA,NA,NA,2019-06-19 04:51:00,0
2019-06-19 06:00:00,WIND,600702,1,HCM,1,18974,1011,200,13,200,18,503,6,6,6,6,6,NA,NA,NA,NA,2019-06-19 05:51:00,0
2019-06-19 07:00:00,WIND,600702,1,HCM,1,18974,1011,210,12,210,21,600,6,6,6,6,6,NA,NA,NA,NA,2019-06-19 06:51:00,0
2019-06-19 08:00:00,WIND,600702,1,HCM,1,18974,1011,220,12,220,23,714,6,6,6,6,6,NA,NA,NA,NA,2019-06-19 07:51:00,0
2019-06-19 09:00:00,WIND,600702,1,HCM,1,18974,1011,210,13,210,21,833,6,6,6,6,6,NA,NA,NA,NA,2019-06-19 08:54:00,0
2019-06-19 10:00:00,WIND,600702,1,HCM,1,18974,1011,220,14,210,20,948,6,6,6,6,6,NA,NA,NA,NA,2019-06-19 09:51:00,0
2019-06-19 11:00:00,WIND,600702,1,HCM,1,18974,1011,220,14,220,20,1022,6,6,6,6,6,NA,NA,NA,NA,2019-06-19 10:52:00,0
2019-06-19 12:00:00,WIND,600702,1,HCM,1,18974,1011,220,16,230,23,1141,6,6,6,6,6,NA,NA,NA,NA,2019-06-19 11:52:00,0
2019-06-19 13:00:00,WIND,600702,1,HCM,1,18974,1011,220,16,230,23,1203,6,6,6,6,6,NA,NA,NA,NA,2019-06-19 12:52:00,0
2019-06-19 14:00:00,WIND,600702,1,HCM,1,18974,1011,220,16,210,23,1315,6,6,6,6,6,NA,NA,NA,NA,2019-06-19 13:53:00,0
2019-06-19 15:00:00,WIND,600702,1,HCM,1,18974,1011,220,15,220,22,1424,6,6,6,6,6,NA,NA,NA,NA,2019-06-19 14:51:00,0
2019-06-19 16:00:00,WIND,600702,1,HCM,1,18974,1011,220,14,220,21,1534,6,6,6,6,6,NA,NA,NA,NA,2019-06-19 15:51:00,0
2019-06-19 17:00:00,WIND,600702,1,HCM,1,18974,1011,230,15,230,22,1629,6,6,6,6,6,NA,NA,NA,NA,2019-06-19 16:51:00,0
2019-06-19 18:00:00,WIND,600702,1,HCM,1,18974,1011,240,15,240,21,1657,6,6,6,6,6,NA,NA,NA,NA,2019-06-19 17:51:00,0
2019-06-19 19:00:00,WIND,600702,1,HCM,1,18974,1011,230,12,250,17,1759,6,6,6,6,6,NA,NA,NA,NA,2019-06-19 18:52:00,0
2019-06-19 20:00:00,WIND,600702,1,HCM,1,18974,1011,230,12,230,20,1903,6,6,6,6,6,NA,NA,NA,NA,2019-06-19 19:52:00,0
2019-06-19 21:00:00,WIND,600702,1,HCM,1,18974,1011,230,11,220,18,2003,6,6,6,6,6,NA,NA,NA,NA,2019-06-19 20:56:00,0
2019-06-19 22:00:00,WIND,600702,1,HCM,1,18974,1011,220,8,220,17,2140,6,6,6,6,6,NA,NA,NA,NA,2019-06-19 21:51:00,0
2019-06-19 23:00:00,WIND,600702,1,HCM,1,18974,1011,230,8,230,11,2202,6,6,6,6,6,NA,NA,NA,NA,2019-06-19 22:51:00,0
2019-06-20 00:00:00,WIND,600702,1,HCM,1,18974,1011,240,9,250,15,2317,6,6,6,6,6,NA,NA,NA,NA,2019-06-19 23:51:00,0
2019-06-20 01:00:00,WIND,600702,1,HCM,1,18974,1011,240,9,250,14,44,6,6,6,6,6,NA,NA,NA,NA,2019-06-20 00:51:00,0
2019-06-20 02:00:00,WIND,600702,1,HCM,1,18974,1011,240,10,250,17,138,6,6,6,6,6,NA,NA,NA,NA,2019-06-20 01:51:00,0
2019-06-20 03:00:00,WIND,600702,1,HCM,1,18974,1011,240,11,240,20,245,6,6,6,6,6,NA,NA,NA,NA,2019-06-20 02:55:00,0
2019-06-20 04:00:00,WIND,600702,1,HCM,1,18974,1011,240,10,230,17,341,6,6,6,6,6,NA,NA,NA,NA,2019-06-20 03:51:00,0
2019-06-20 05:00:00,WIND,600702,1,HCM,1,18974,1011,240,11,230,19,448,6,6,6,6,6,NA,NA,NA,NA,2019-06-20 04:51:00,0
2019-06-20 06:00:00,WIND,600702,1,HCM,1,18974,1011,240,14,250,21,543,6,6,6,6,6,NA,NA,NA,NA,2019-06-20 05:52:00,0
2019-06-20 07:00:00,WIND,600702,1,HCM,1,18974,1011,250,16,260,23,630,6,6,6,6,6,NA,NA,NA,NA,2019-06-20 06:51:00,0
2019-06-20 08:00:00,WIND,600702,1,HCM,1,18974,1011,260,15,270,26,657,6,6,6,6,6,NA,NA,NA,NA,2019-06-20 07:51:00,0
2019-06-20 09:00:00,WIND,600702,1,HCM,1,18974,1011,280,15,280,22,755,6,6,6,6,6,NA,NA,NA,NA,2019-06-20 08:57:00,0
2019-06-20 10:00:00,WIND,600702,1,HCM,1,18974,1011,290,16,280,24,921,6,6,6,6,6,NA,NA,NA,NA,2019-06-20 09:52:00,0
2019-06-20 11:00:00,WIND,600702,1,HCM,1,18974,1011,270,14,290,21,954,6,6,6,6,6,NA,NA,NA,NA,2019-06-20 10:51:00,0
2019-06-20 12:00:00,WIND,600702,1,HCM,1,18974,1011,270,14,280,22,1149,6,6,6,6,6,NA,NA,NA,NA,2019-06-20 11:51:00,0
2019-06-20 13:00:00,WIND,600702,1,HCM,1,18974,1011,270,18,270,26,1205,6,6,6,6,6,NA,NA,NA,NA,2019-06-20 12:52:00,0
2019-06-20 14:00:00,WIND,600702,1,HCM,1,18974,1011,270,16,270,25,1303,6,6,6,6,6,NA,NA,NA,NA,2019-06-20 13:51:00,0
2019-06-20 15:00:00,WIND,600702,1,HCM,1,18974,1011,260,16,260,25,1418,6,6,6,6,6,NA,NA,NA,NA,2019-06-20 14:51:00,0
2019-06-20 16:00:00,WIND,600702,1,HCM,1,18974,1011,260,15,280,24,1459,6,6,6,6,6,NA,NA,NA,NA,2019-06-20 15:51:00,0
2019-06-20 17:00:00,WIND,600702,1,HCM,1,18974,1011,270,16,270,21,1622,6,6,6,6,6,NA,NA,NA,NA,2019-06-20 16:51:00,0
2019-06-20 18:00:00,WIND,600702,1,HCM,1,18974,1011,260,14,250,20,1708,6,6,6,6,6,NA,NA,NA,NA,2019-06-20 17:51:00,0
2019-06-20 19:00:00,WIND,600702,1,HCM,1,18974,1011,270,14,260,20,1810,6,6,6,6,6,NA,NA,NA,NA,2019-06-20 18:51:00,0
2019-06-20 20:00:00,WIND,600702,1,HCM,1,18974,1011,270,11,280,17,1945,6,6,6,6,6,NA,NA,NA,NA,2019-06-20 19:51:00,0
2019-06-20 21:00:00,WIND,600702,1,HCM,1,18974,1011,270,10,270,15,2001,6,6,6,6,6,NA,NA,NA,NA,2019-06-20 20:54:00,0
2019-06-20 22:00:00,WIND,600702,1,HCM,1,18974,1011,270,11,280,16,2132,6,6,6,6,6,NA,NA,NA,NA,2019-06-20 21:51:00,0
2019-06-20 23:00:00,WIND,600702,1,HCM,1,18974,1011,260,9,270,15,2155,6,6,6,6,6,NA,NA,NA,NA,2019-06-20 22:51:00,0
2019-06-21 00:00:00,WIND,600702,1,HCM,1,18974,1011,260,8,260,11,2336,6,6,6,6,6,NA,NA,NA,NA,2019-06-20 23:51:00,0
2019-06-21 01:00:00,WIND,600702,1,HCM,1,18974,1011,260,8,250,13,48,6,6,6,6,6,NA,NA,NA,NA,2019-06-21 00:51:00,0
2019-06-21 02:00:00,WIND,600702,1,HCM,1,18974,1011,260,10,270,23,135,6,6,6,6,6,NA,NA,NA,NA,2019-06-21 01:51:00,0
2019-06-21 03:00:00,WIND,600702,1,HCM,1,18974,1011,270,9,260,14,151,6,6,6,6,6,NA,NA,NA,NA,2019-06-21 02:51:00,0
2019-06-21 04:00:00,WIND,600702,1,HCM,1,18974,1011,270,11,280,19,345,6,6,6,6,6,NA,NA,NA,NA,2019-06-21 03:53:00,0
2019-06-21 05:00:00,WIND,600702,1,HCM,1,18974,1011,280,13,290,20,358,6,6,6,6,6,NA,NA,NA,NA,2019-06-21 04:51:00,0
2019-06-21 06:00:00,WIND,600702,1,HCM,1,18974,1011,290,13,290,19,458,6,6,6,6,6,NA,NA,NA,NA,2019-06-21 05:51:00,0
2019-06-21 07:00:00,WIND,600702,1,HCM,1,18974,1011,290,15,290,21,634,6,6,6,6,6,NA,NA,NA,NA,2019-06-21 06:51:00,0
2019-06-21 08:00:00,WIND,600702,1,HCM,1,18974,1011,300,15,290,21,710,6,6,6,6,6,NA,NA,NA,NA,2019-06-21 07:51:00,0
2019-06-21 09:00:00,WIND,600702,1,HCM,1,18974,1011,300,14,320,19,756,6,6,6,6,6,NA,NA,NA,NA,2019-06-21 08:56:00,0
2019-06-21 10:00:00,WIND,600702,1,HCM,1,18974,1011,300,14,300,20,856,6,6,6,6,6,NA,NA,NA,NA,2019-06-21 09:54:00,0
2019-06-21 11:00:00,WIND,600702,1,HCM,1,18974,1011,290,13,280,18,1001,6,6,6,6,6,NA,NA,NA,NA,2019-06-21 10:51:00,0
2019-06-21 12:00:00,WIND,600702,1,HCM,1,18974,1011,280,12,300,18,1106,6,6,6,6,6,NA,NA,NA,NA,2019-06-21 11:51:00,0
2019-06-21 13:00:00,WIND,600702,1,HCM,1,18974,1011,280,12,270,18,1212,6,6,6,6,6,NA,NA,NA,NA,2019-06-21 12:51:00,0
2019-06-21 14:00:00,WIND,600702,1,HCM,1,18974,1011,280,11,280,18,1259,6,6,6,6,6,NA,NA,NA,NA,2019-06-21 13:51:00,0
2019-06-21 15:00:00,WIND,600702,1,HCM,1,18974,1011,270,11,260,17,1412,6,6,6,6,6,NA,NA,NA,NA,2019-06-21 14:51:00,0
2019-06-21 16:00:00,WIND,600702,1,HCM,1,18974,1011,250,10,260,16,1503,6,6,6,6,6,NA,NA,NA,NA,2019-06-21 15:51:00,0
2019-06-21 17:00:00,WIND,600702,1,HCM,1,18974,1011,240,10,240,14,1600,6,6,6,6,6,NA,NA,NA,NA,2019-06-21 16:52:00,0
2019-06-21 18:00:00,WIND,600702,1,HCM,1,18974,1011,220,9,210,14,1737,6,6,6,6,6,NA,NA,NA,NA,2019-06-21 17:51:00,0
2019-06-21 19:00:00,WIND,600702,1,HCM,1,18974,1011,220,7,220,13,1751,6,6,6,6,6,NA,NA,NA,NA,2019-06-21 18:51:00,0
2019-06-21 20:00:00,WIND,600702,1,HCM,1,18974,1011,200,6,190,10,1915,6,6,6,6,6,NA,NA,NA,NA,2019-06-21 19:51:00,0
2019-06-21 21:00:00,WIND,600702,1,HCM,1,18974,1011,190,5,190,8,2037,6,6,6,6,6,NA,NA,NA,NA,2019-06-21 20:54:00,0
2019-06-21 22:00:00,WIND,600702,1,HCM,1,18974,1011,180,7,180,11,2147,6,6,6,6,6,NA,NA,NA,NA,2019-06-21 21:51:00,0
2019-06-21 23:00:00,WIND,600702,1,HCM,1,18974,1011,170,9,180,14,2219,6,6,6,6,6,NA,NA,NA,NA,2019-06-21 22:51:00,0
2019-06-22 00:00:00,WIND,600702,1,HCM,1,18974,1011,160,9,160,13,2319,6,6,6,6,6,NA,NA,NA,NA,2019-06-21 23:51:00,0
2019-06-22 01:00:00,WIND,600702,1,HCM,1,18974,1011,160,9,160,13,8,6,6,6,6,6,NA,NA,NA,NA,2019-06-22 00:51:00,0
2019-06-22 02:00:00,WIND,600702,1,HCM,1,18974,1011,150,10,160,13,117,6,6,6,6,6,NA,NA,NA,NA,2019-06-22 01:51:00,0
2019-06-22 03:00:00,WIND,600702,1,HCM,1,18974,1011,140,10,150,14,236,6,6,6,6,6,NA,NA,NA,NA,2019-06-22 02:51:00,0
2019-06-22 04:00:00,WIND,600702,1,HCM,1,18974,1011,150,11,150,14,334,6,6,6,6,6,NA,NA,NA,NA,2019-06-22 03:51:00,0
2019-06-22 05:00:00,WIND,600702,1,HCM,1,18974,1011,160,11,160,15,351,6,6,6,6,6,NA,NA,NA,NA,2019-06-22 04:51:00,0
2019-06-22 06:00:00,WIND,600702,1,HCM,1,18974,1011,160,11,160,14,508,6,6,6,6,6,NA,NA,NA,NA,2019-06-22 05:51:00,0
2019-06-22 07:00:00,WIND,600702,1,HCM,1,18974,1011,160,12,160,17,620,6,6,6,6,6,NA,NA,NA,NA,2019-06-22 06:51:00,0
2019-06-22 08:00:00,WIND,600702,1,HCM,1,18974,1011,170,12,170,17,706,6,6,6,6,6,NA,NA,NA,NA,2019-06-22 07:51:00,0
2019-06-22 09:00:00,WIND,600702,1,HCM,1,18974,1011,180,13,180,18,832,6,6,6,6,6,NA,NA,NA,NA,2019-06-22 08:55:00,0
2019-06-22 10:00:00,WIND,600702,1,HCM,1,18974,1011,180,13,180,17,945,6,6,6,6,6,NA,NA,NA,NA,2019-06-22 09:51:00,0
2019-06-22 11:00:00,WIND,600702,1,HCM,1,18974,1011,180,12,180,16,1005,6,6,6,6,6,NA,NA,NA,NA,2019-06-22 10:52:00,0
2019-06-22 12:00:00,WIND,600702,1,HCM,1,18974,1011,180,11,180,15,1141,6,6,6,6,6,NA,NA,NA,NA,2019-06-22 11:51:00,0
2019-06-22 13:00:00,WIND,600702,1,HCM,1,18974,1011,170,12,180,16,1218,6,6,6,6,6,NA,NA,NA,NA,2019-06-22 12:51:00,0
2019-06-22 14:00:00,WIND,600702,1,HCM,1,18974,1011,170,10,170,15,1254,6,6,6,6,6,NA,NA,NA,NA,2019-06-22 13:51:00,0
2019-06-22 15:00:00,WIND,600702,1,HCM,1,18974,1011,170,7,170,10,1405,6,6,6,6,6,NA,NA,NA,NA,2019-06-22 14:51:00,0
2019-06-22 16:00:00,WIND,600702,1,HCM,1,18974,1011,170,7,170,11,1512,6,6,6,6,6,NA,NA,NA,NA,2019-06-22 15:51:00,0
2019-06-22 17:00:00,WIND,600702,1,HCM,1,18974,1011,170,6,170,9,1554,6,6,6,6,6,NA,NA,NA,NA,2019-06-22 16:52:00,0
2019-06-22 18:00:00,WIND,600702,1,HCM,1,18974,1011,170,5,170,9,1700,6,6,6,6,6,NA,NA,NA,NA,2019-06-22 17:51:00,0
2019-06-22 19:00:00,WIND,600702,1,HCM,1,18974,1011,150,3,180,5,1808,6,6,6,6,6,NA,NA,NA,NA,2019-06-22 18:51:00,0
2019-06-22 20:00:00,WIND,600702,1,HCM,1,18974,1011,70,3,100,5,1853,6,6,6,6,6,NA,NA,NA,NA,2019-06-22 19:51:00,0
2019-06-22 21:00:00,WIND,600702,1,HCM,1,18974,1011,40,3,40,5,2039,6,6,6,6,6,NA,NA,NA,NA,2019-06-22 20:53:00,0
2019-06-22 22:00:00,WIND,600702,1,HCM,1,18974,1011,50,5,70,7,2142,6,6,6,6,6,NA,NA,NA,NA,2019-06-22 21:51:00,0
2019-06-22 23:00:00,WIND,600702,1,HCM,1,18974,1011,60,6,50,8,2240,6,6,6,6,6,NA,NA,NA,NA,2019-06-22 22:51:00,0
2019-06-23 00:00:00,WIND,600702,1,HCM,1,18974,1011,50,5,60,9,2344,6,6,6,6,6,NA,NA,NA,NA,2019-06-22 23:51:00,0
2019-06-23 01:00:00,WIND,600702,1,HCM,1,18974,1011,50,6,60,8,2351,6,6,6,6,6,NA,NA,NA,NA,2019-06-23 00:51:00,0
2019-06-23 02:00:00,WIND,600702,1,HCM,1,18974,1011,60,6,60,8,122,6,6,6,6,6,NA,NA,NA,NA,2019-06-23 01:51:00,0
2019-06-23 03:00:00,WIND,600702,1,HCM,1,18974,1011,60,6,50,8,232,6,6,6,6,6,NA,NA,NA,NA,2019-06-23 02:51:00,0
2019-06-23 04:00:00,WIND,600702,1,HCM,1,18974,1011,60,7,50,10,339,6,6,6,6,6,NA,NA,NA,NA,2019-06-23 03:51:00,0
2019-06-23 05:00:00,WIND,600702,1,HCM,1,18974,1011,60,7,60,10,401,6,6,6,6,6,NA,NA,NA,NA,2019-06-23 04:51:00,0
2019-06-23 06:00:00,WIND,600702,1,HCM,1,18974,1011,60,8,60,11,542,6,6,6,6,6,NA,NA,NA,NA,2019-06-23 05:51:00,0
2019-06-23 07:00:00,WIND,600702,1,HCM,1,18974,1011,60,8,70,11,616,6,6,6,6,6,NA,NA,NA,NA,2019-06-23 06:51:00,0
2019-06-23 08:00:00,WIND,600702,1,HCM,1,18974,1011,60,9,50,12,746,6,6,6,6,6,NA,NA,NA,NA,2019-06-23 07:51:00,0
2019-06-23 09:00:00,WIND,600702,1,HCM,1,18974,1011,60,10,70,15,843,6,6,6,6,6,NA,NA,NA,NA,2019-06-23 08:54:00,0
2019-06-23 10:00:00,WIND,600702,1,HCM,1,18974,1011,60,11,70,15,906,6,6,6,6,6,NA,NA,NA,NA,2019-06-23 09:52:00,0
2019-06-23 11:00:00,WIND,600702,1,HCM,1,18974,1011,70,11,70,15,959,6,6,6,6,6,NA,NA,NA,NA,2019-06-23 10:51:00,0
2019-06-23 12:00:00,WIND,600702,1,HCM,1,18974,1011,90,9,80,13,1050,6,6,6,6,6,NA,NA,NA,NA,2019-06-23 11:51:00,0
2019-06-23 13:00:00,WIND,600702,1,HCM,1,18974,1011,100,8,100,13,1213,6,6,6,6,6,NA,NA,NA,NA,2019-06-23 12:51:00,0
2019-06-23 14:00:00,WIND,600702,1,HCM,1,18974,1011,110,8,110,12,1304,6,6,6,6,6,NA,NA,NA,NA,2019-06-23 13:51:00,0
2019-06-23 15:00:00,WIND,600702,1,HCM,1,18974,1011,130,7,140,10,1447,6,6,6,6,6,NA,NA,NA,NA,2019-06-23 14:51:00,0
2019-06-23 16:00:00,WIND,600702,1,HCM,1,18974,1011,150,6,130,10,1457,6,6,6,6,6,NA,NA,NA,NA,2019-06-23 15:51:00,0
2019-06-23 17:00:00,WIND,600702,1,HCM,1,18974,1011,100,5,10,9,1629,6,6,6,6,6,NA,NA,NA,NA,2019-06-23 16:51:00,0
2019-06-23 18:00:00,WIND,600702,1,HCM,1,18974,1011,30,6,20,9,1702,6,6,6,6,6,NA,NA,NA,NA,2019-06-23 17:52:00,0
2019-06-23 19:00:00,WIND,600702,1,HCM,1,18974,1011,80,7,130,20,1832,6,6,6,6,6,NA,NA,NA,NA,2019-06-23 18:51:00,0
2019-06-23 20:00:00,WIND,600702,1,HCM,1,18974,1011,50,9,60,15,1927,6,6,6,6,6,NA,NA,NA,NA,2019-06-23 19:51:00,0
2019-06-23 21:00:00,WIND,600702,1,HCM,1,18974,1011,40,8,30,12,1952,6,6,6,6,6,NA,NA,NA,NA,2019-06-23 20:54:00,0
2019-06-23 22:00:00,WIND,600702,1,HCM,1,18974,1011,50,7,30,10,2137,6,6,6,6,6,NA,NA,NA,NA,2019-06-23 21:51:00,0
2019-06-23 23:00:00,WIND,600702,1,HCM,1,18974,1011,40,6,50,10,2206,6,6,6,6,6,NA,NA,NA,NA,2019-06-23 22:51:00,0
2019-06-24 00:00:00,WIND,600702,1,HCM,1,18974,1011,60,7,90,13,2336,6,6,6,6,6,NA,NA,NA,NA,2019-06-23 23:51:00,0
2019-06-24 01:00:00,WIND,600702,1,HCM,1,18974,1011,70,7,80,12,1,6,6,6,6,6,NA,NA,NA,NA,2019-06-24 00:51:00,0
2019-06-24 02:00:00,WIND,600702,1,HCM,1,18974,1011,50,7,50,10,146,6,6,6,6,6,NA,NA,NA,NA,2019-06-24 01:51:00,0
2019-06-24 03:00:00,WIND,600702,1,HCM,1,18974,1011,60,7,60,10,223,6,6,6,6,6,NA,NA,NA,NA,2019-06-24 02:51:00,0
2019-06-24 04:00:00,WIND,600702,1,HCM,1,18974,1011,40,6,50,9,255,6,6,6,6,6,NA,NA,NA,NA,2019-06-24 03:51:00,0
2019-06-24 05:00:00,WIND,600702,1,HCM,1,18974,1011,30,7,40,9,420,6,6,6,6,6,NA,NA,NA,NA,2019-06-24 04:51:00,0
2019-06-24 06:00:00,WIND,600702,1,HCM,1,18974,1011,50,9,60,14,529,6,6,6,6,6,NA,NA,NA,NA,2019-06-24 05:51:00,0
2019-06-24 07:00:00,WIND,600702,1,HCM,1,18974,1011,50,9,50,12,608,6,6,6,6,6,NA,NA,NA,NA,2019-06-24 06:51:00,0
2019-06-24 08:00:00,WIND,600702,1,HCM,1,18974,1011,40,9,60,13,741,6,6,6,6,6,NA,NA,NA,NA,2019-06-24 07:53:00,0
2019-06-24 09:00:00,WIND,600702,1,HCM,1,18974,1011,50,10,50,15,849,6,6,6,6,6,NA,NA,NA,NA,2019-06-24 08:56:00,0
2019-06-24 10:00:00,WIND,600702,1,HCM,1,18974,1011,50,11,60,18,853,6,6,6,6,6,NA,NA,NA,NA,2019-06-24 09:53:00,0
2019-06-24 11:00:00,WIND,600702,1,HCM,1,18974,1011,40,9,60,14,1017,6,6,6,6,6,NA,NA,NA,NA,2019-06-24 10:52:00,0
2019-06-24 12:00:00,WIND,600702,1,HCM,1,18974,1011,50,11,60,15,1144,6,6,6,6,6,NA,NA,NA,NA,2019-06-24 11:53:00,0
2019-06-24 13:00:00,WIND,600702,1,HCM,1,18974,1011,40,11,60,16,1241,6,6,6,6,6,NA,NA,NA,NA,2019-06-24 12:51:00,0
2019-06-24 14:00:00,WIND,600702,1,HCM,1,18974,1011,50,11,60,15,1257,6,6,6,6,6,NA,NA,NA,NA,2019-06-24 13:51:00,0
2019-06-24 15:00:00,WIND,600702,1,HCM,1,18974,1011,30,13,20,17,1441,6,6,6,6,6,NA,NA,NA,NA,2019-06-24 14:52:00,0
2019-06-24 16:00:00,WIND,600702,1,HCM,1,18974,1011,30,15,30,20,1514,6,6,6,6,6,NA,NA,NA,NA,2019-06-24 15:51:00,0
2019-06-24 17:00:00,WIND,600702,1,HCM,1,18974,1011,30,13,30,19,1557,6,6,6,6,6,NA,NA,NA,NA,2019-06-24 16:52:00,0
2019-06-24 18:00:00,WIND,600702,1,HCM,1,18974,1011,10,10,30,15,1650,6,6,6,6,6,NA,NA,NA,NA,2019-06-24 17:51:00,0
2019-06-24 19:00:00,WIND,600702,1,HCM,1,18974,1011,360,8,360,12,1831,6,6,6,6,6,NA,NA,NA,NA,2019-06-24 18:51:00,0
2019-06-24 20:00:00,WIND,600702,1,HCM,1,18974,1011,360,9,360,12,1944,6,6,6,6,6,NA,NA,NA,NA,2019-06-24 19:51:00,0
2019-06-24 21:00:00,WIND,600702,1,HCM,1,18974,1011,10,10,20,14,2042,6,6,6,6,6,NA,NA,NA,NA,2019-06-24 20:53:00,0
2019-06-24 22:00:00,WIND,600702,1,HCM,1,18974,1011,20,10,20,14,2111,6,6,6,6,6,NA,NA,NA,NA,2019-06-24 21:51:00,0
2019-06-24 23:00:00,WIND,600702,1,HCM,1,18974,1011,20,9,10,13,2238,6,6,6,6,6,NA,NA,NA,NA,2019-06-24 22:51:00,0
2019-06-25 00:00:00,WIND,600702,1,HCM,1,18974,1011,20,10,30,15,2334,6,6,6,6,6,NA,NA,NA,NA,2019-06-24 23:51:00,0
2019-06-25 01:00:00,WIND,600702,1,HCM,1,18974,1011,30,11,30,15,3,6,6,6,6,6,NA,NA,NA,NA,2019-06-25 00:51:00,0
2019-06-25 02:00:00,WIND,600702,1,HCM,1,18974,1011,30,12,30,17,146,6,6,6,6,6,NA,NA,NA,NA,2019-06-25 01:51:00,0
2019-06-25 03:00:00,WIND,600702,1,HCM,1,18974,1011,30,12,30,17,247,6,6,6,6,6,NA,NA,NA,NA,2019-06-25 02:51:00,0
2019-06-25 04:00:00,WIND,600702,1,HCM,1,18974,1011,30,13,30,20,343,6,6,6,6,6,NA,NA,NA,NA,2019-06-25 03:51:00,0
2019-06-25 05:00:00,WIND,600702,1,HCM,1,18974,1011,30,17,40,22,428,6,6,6,6,6,NA,NA,NA,NA,2019-06-25 04:51:00,0
2019-06-25 06:00:00,WIND,600702,1,HCM,1,18974,1011,30,15,30,22,546,6,6,6,6,6,NA,NA,NA,NA,2019-06-25 05:51:00,0
2019-06-25 07:00:00,WIND,600702,1,HCM,1,18974,1011,30,18,40,25,624,6,6,6,6,6,NA,NA,NA,NA,2019-06-25 06:51:00,0
2019-06-25 08:00:00,WIND,600702,1,HCM,1,18974,1011,40,16,40,22,659,6,6,6,6,6,NA,NA,NA,NA,2019-06-25 07:51:00,0
2019-06-25 09:00:00,WIND,600702,1,HCM,1,18974,1011,30,17,30,22,827,6,6,6,6,6,NA,NA,NA,NA,2019-06-25 08:56:00,0
2019-06-25 10:00:00,WIND,600702,1,HCM,1,18974,1011,20,17,30,24,912,6,6,6,6,6,NA,NA,NA,NA,2019-06-25 09:51:00,0
2019-06-25 11:00:00,WIND,600702,1,HCM,1,18974,1011,10,16,20,21,1005,6,6,6,6,6,NA,NA,NA,NA,2019-06-25 10:51:00,0
2019-06-25 12:00:00,WIND,600702,1,HCM,1,18974,1011,10,16,10,22,1117,6,6,6,6,6,NA,NA,NA,NA,2019-06-25 11:51:00,0
2019-06-25 13:00:00,WIND,600702,1,HCM,1,18974,1011,10,18,10,24,1223,6,6,6,6,6,NA,NA,NA,NA,2019-06-25 12:51:00,0
2019-06-25 14:00:00,WIND,600702,1,HCM,1,18974,1011,10,19,10,25,1348,6,6,6,6,6,NA,NA,NA,NA,2019-06-25 13:51:00,0
2019-06-25 15:00:00,WIND,600702,1,HCM,1,18974,1011,10,19,10,25,1447,6,6,6,6,6,NA,NA,NA,NA,2019-06-25 14:52:00,0
2019-06-25 16:00:00,WIND,600702,1,HCM,1,18974,1011,10,19,10,25,1452,6,6,6,6,6,NA,NA,NA,NA,2019-06-25 15:51:00,0
2019-06-25 17:00:00,WIND,600702,1,HCM,1,18974,1011,10,19,10,25,1618,6,6,6,6,6,NA,NA,NA,NA,2019-06-25 16:51:00,0
2019-06-25 18:00:00,WIND,600702,1,HCM,1,18974,1011,20,18,20,25,1744,6,6,6,6,6,NA,NA,NA,NA,2019-06-25 17:52:00,0
2019-06-25 19:00:00,WIND,600702,1,HCM,1,18974,1011,20,17,20,23,1754,6,6,6,6,6,NA,NA,NA,NA,2019-06-25 18:51:00,0
2019-06-25 20:00:00,WIND,600702,1,HCM,1,18974,1011,20,16,20,22,1927,6,6,6,6,6,NA,NA,NA,NA,2019-06-25 19:51:00,0
2019-06-25 21:00:00,WIND,600702,1,HCM,1,18974,1011,20,14,20,19,2021,6,6,6,6,6,NA,NA,NA,NA,2019-06-25 20:55:00,0
2019-06-25 22:00:00,WIND,600702,1,HCM,1,18974,1011,20,14,20,19,2056,6,6,6,6,6,NA,NA,NA,NA,2019-06-25 21:51:00,0
2019-06-25 23:00:00,WIND,600702,1,HCM,1,18974,1011,20,12,20,18,2202,6,6,6,6,6,NA,NA,NA,NA,2019-06-25 22:51:00,0
2019-06-26 00:00:00,WIND,600702,1,HCM,1,18974,1011,10,14,20,19,2306,6,6,6,6,6,NA,NA,NA,NA,2019-06-25 23:51:00,0
2019-06-26 01:00:00,WIND,600702,1,HCM,1,18974,1011,10,14,10,20,13,6,6,6,6,6,NA,NA,NA,NA,2019-06-26 00:51:00,0
2019-06-26 02:00:00,WIND,600702,1,HCM,1,18974,1011,20,10,30,15,57,6,6,6,6,6,NA,NA,NA,NA,2019-06-26 01:51:00,0
2019-06-26 03:00:00,WIND,600702,1,HCM,1,18974,1011,20,12,20,16,208,6,6,6,6,6,NA,NA,NA,NA,2019-06-26 02:51:00,0
2019-06-26 04:00:00,WIND,600702,1,HCM,1,18974,1011,10,13,10,19,338,6,6,6,6,6,NA,NA,NA,NA,2019-06-26 03:51:00,0
2019-06-26 05:00:00,WIND,600702,1,HCM,1,18974,1011,30,11,30,16,424,6,6,6,6,6,NA,NA,NA,NA,2019-06-26 04:52:00,0
2019-06-26 06:00:00,WIND,600702,1,HCM,1,18974,1011,10,13,10,19,540,6,6,6,6,6,NA,NA,NA,NA,2019-06-26 05:51:00,0
2019-06-26 07:00:00,WIND,600702,1,HCM,1,18974,1011,10,16,10,21,626,6,6,6,6,6,NA,NA,NA,NA,2019-06-26 06:51:00,0
2019-06-26 08:00:00,WIND,600702,1,HCM,1,18974,1011,10,16,10,22,654,6,6,6,6,6,NA,NA,NA,NA,2019-06-26 07:51:00,0
2019-06-26 09:00:00,WIND,600702,1,HCM,1,18974,1011,10,14,10,19,757,6,6,6,6,6,NA,NA,NA,NA,2019-06-26 08:56:00,0
2019-06-26 10:00:00,WIND,600702,1,HCM,1,18974,1011,10,14,20,20,915,6,6,6,6,6,NA,NA,NA,NA,2019-06-26 09:51:00,0
2019-06-26 11:00:00,WIND,600702,1,HCM,1,18974,1011,360,15,360,19,1042,6,6,6,6,6,NA,NA,NA,NA,2019-06-26 10:51:00,0
2019-06-26 12:00:00,WIND,600702,1,HCM,1,18974,1011,360,15,360,21,1143,6,6,6,6,6,NA,NA,NA,NA,2019-06-26 11:51:00,0
2019-06-26 13:00:00,WIND,600702,1,HCM,1,18974,1011,350,17,350,21,1208,6,6,6,6,6,NA,NA,NA,NA,2019-06-26 12:52:00,0
2019-06-26 14:00:00,WIND,600702,1,HCM,1,18974,1011,360,16,360,21,1348,6,6,6,6,6,NA,NA,NA,NA,2019-06-26 13:52:00,0
2019-06-26 15:00:00,WIND,600702,1,HCM,1,18974,1011,350,17,360,22,1358,6,6,6,6,6,NA,NA,NA,NA,2019-06-26 14:51:00,0
2019-06-26 16:00:00,WIND,600702,1,HCM,1,18974,1011,360,16,360,21,1514,6,6,6,6,6,NA,NA,NA,NA,2019-06-26 15:51:00,0
2019-06-26 17:00:00,WIND,600702,1,HCM,1,18974,1011,350,16,360,20,1601,6,6,6,6,6,NA,NA,NA,NA,2019-06-26 16:51:00,0
2019-06-26 18:00:00,WIND,600702,1,HCM,1,18974,1011,350,14,350,18,1746,6,6,6,6,6,NA,NA,NA,NA,2019-06-26 17:51:00,0
2019-06-26 19:00:00,WIND,600702,1,HCM,1,18974,1011,360,14,360,19,1751,6,6,6,6,6,NA,NA,NA,NA,2019-06-26 18:51:00,0
2019-06-26 20:00:00,WIND,600702,1,HCM,1,18974,1011,360,15,360,21,1908,6,6,6,6,6,NA,NA,NA,NA,2019-06-26 19:51:00,0
2019-06-26 21:00:00,WIND,600702,1,HCM,1,18974,1011,360,16,360,22,2015,6,6,6,6,6,NA,NA,NA,NA,2019-06-26 20:53:00,0
2019-06-26 22:00:00,WIND,600702,1,HCM,1,18974,1011,360,16,360,23,2145,6,6,6,6,6,NA,NA,NA,NA,2019-06-26 21:51:00,0
2019-06-26 23:00:00,WIND,600702,1,HCM,1,18974,1011,360,16,360,23,2240,6,6,6,6,6,NA,NA,NA,NA,2019-06-26 22:51:00,0
2019-06-27 00:00:00,WIND,600702,1,HCM,1,18974,1011,360,16,360,21,2252,6,6,6,6,6,NA,NA,NA,NA,2019-06-26 23:51:00,0
2019-06-27 01:00:00,WIND,600702,1,HCM,1,18974,1011,10,13,10,20,2354,6,6,6,6,6,NA,NA,NA,NA,2019-06-27 00:51:00,0
2019-06-27 02:00:00,WIND,600702,1,HCM,1,18974,1011,360,15,360,22,144,6,6,6,6,6,NA,NA,NA,NA,2019-06-27 01:51:00,0
2019-06-27 03:00:00,WIND,600702,1,HCM,1,18974,1011,10,13,360,22,150,6,6,6,6,6,NA,NA,NA,NA,2019-06-27 02:51:00,0
2019-06-27 04:00:00,WIND,600702,1,HCM,1,18974,1011,10,12,360,18,326,6,6,6,6,6,NA,NA,NA,NA,2019-06-27 03:51:00,0
2019-06-27 05:00:00,WIND,600702,1,HCM,1,18974,1011,10,12,10,17,353,6,6,6,6,6,NA,NA,NA,NA,2019-06-27 04:51:00,0
2019-06-27 06:00:00,WIND,600702,1,HCM,1,18974,1011,20,12,10,17,541,6,6,6,6,6,NA,NA,NA,NA,2019-06-27 05:52:00,0
2019-06-27 07:00:00,WIND,600702,1,HCM,1,18974,1011,10,13,10,18,604,6,6,6,6,6,NA,NA,NA,NA,2019-06-27 06:51:00,0
2019-06-27 08:00:00,WIND,600702,1,HCM,1,18974,1011,20,12,10,15,700,6,6,6,6,6,NA,NA,NA,NA,2019-06-27 07:51:00,0
2019-06-27 09:00:00,WIND,600702,1,HCM,1,18974,1011,20,10,10,14,813,6,6,6,6,6,NA,NA,NA,NA,2019-06-27 08:54:00,0
2019-06-27 10:00:00,WIND,600702,1,HCM,1,18974,1011,10,11,360,14,856,6,6,6,6,6,NA,NA,NA,NA,2019-06-27 09:51:00,0
2019-06-27 11:00:00,WIND,600702,1,HCM,1,18974,1011,10,9,10,12,1037,6,6,6,6,6,NA,NA,NA,NA,2019-06-27 10:51:00,0
2019-06-27 12:00:00,WIND,600702,1,HCM,1,18974,1011,360,10,10,13,1122,6,6,6,6,6,NA,NA,NA,NA,2019-06-27 11:51:00,0
2019-06-27 13:00:00,WIND,600702,1,HCM,1,18974,1011,10,9,10,12,1159,6,6,6,6,6,NA,NA,NA,NA,2019-06-27 12:51:00,0
2019-06-27 14:00:00,WIND,600702,1,HCM,1,18974,1011,360,8,360,10,1336,6,6,6,6,6,NA,NA,NA,NA,2019-06-27 13:51:00,0
2019-06-27 15:00:00,WIND,600702,1,HCM,1,18974,1011,360,8,10,11,1431,6,6,6,6,6,NA,NA,NA,NA,2019-06-27 14:51:00,0
2019-06-27 16:00:00,WIND,600702,1,HCM,1,18974,1011,10,11,10,14,1517,6,6,6,6,6,NA,NA,NA,NA,2019-06-27 15:51:00,0
2019-06-27 17:00:00,WIND,600702,1,HCM,1,18974,1011,10,11,10,14,1605,6,6,6,6,6,NA,NA,NA,NA,2019-06-27 16:51:00,0
2019-06-27 18:00:00,WIND,600702,1,HCM,1,18974,1011,10,9,10,12,1659,6,6,6,6,6,NA,NA,NA,NA,2019-06-27 17:51:00,0
2019-06-27 19:00:00,WIND,600702,1,HCM,1,18974,1011,10,9,10,12,1812,6,6,6,6,6,NA,NA,NA,NA,2019-06-27 18:51:00,0
2019-06-27 20:00:00,WIND,600702,1,HCM,1,18974,1011,10,8,10,10,1930,6,6,6,6,6,NA,NA,NA,NA,2019-06-27 19:51:00,0
2019-06-27 21:00:00,WIND,600702,1,HCM,1,18974,1011,20,7,10,10,1950,6,6,6,6,6,NA,NA,NA,NA,2019-06-27 20:54:00,0
2019-06-27 22:00:00,WIND,600702,1,HCM,1,18974,1011,20,6,20,9,2054,6,6,6,6,6,NA,NA,NA,NA,2019-06-27 21:51:00,0
2019-06-27 23:00:00,WIND,600702,1,HCM,1,18974,1011,30,7,40,10,2236,6,6,6,6,6,NA,NA,NA,NA,2019-06-27 22:51:00,0
2019-06-28 00:00:00,WIND,600702,1,HCM,1,18974,1011,50,6,70,10,2345,6,6,6,6,6,NA,NA,NA,NA,2019-06-27 23:51:00,0
2019-06-28 01:00:00,WIND,600702,1,HCM,1,18974,1011,70,8,70,12,2355,6,6,6,6,6,NA,NA,NA,NA,2019-06-28 00:51:00,0
2019-06-28 02:00:00,WIND,600702,1,HCM,1,18974,1011,110,8,120,11,127,6,6,6,6,6,NA,NA,NA,NA,2019-06-28 01:51:00,0
2019-06-28 03:00:00,WIND,600702,1,HCM,1,18974,1011,130,10,130,15,217,6,6,6,6,6,NA,NA,NA,NA,2019-06-28 02:51:00,0
2019-06-28 04:00:00,WIND,600702,1,HCM,1,18974,1011,110,11,110,20,349,6,6,6,6,6,NA,NA,NA,NA,2019-06-28 03:51:00,0
2019-06-28 05:00:00,WIND,600702,1,HCM,1,18974,1011,110,15,110,23,405,6,6,6,6,6,NA,NA,NA,NA,2019-06-28 04:51:00,0
2019-06-28 06:00:00,WIND,600702,1,HCM,1,18974,1011,110,13,110,20,454,6,6,6,6,6,NA,NA,NA,NA,2019-06-28 05:51:00,0
2019-06-28 07:00:00,WIND,600702,1,HCM,1,18974,1011,120,13,110,18,613,6,6,6,6,6,NA,NA,NA,NA,2019-06-28 06:51:00,0
2019-06-28 08:00:00,WIND,600702,1,HCM,1,18974,1011,110,14,110,22,748,6,6,6,6,6,NA,NA,NA,NA,2019-06-28 07:51:00,0
2019-06-28 09:00:00,WIND,600702,1,HCM,1,18974,1011,110,15,110,21,848,6,6,6,6,6,NA,NA,NA,NA,2019-06-28 08:56:00,0
2019-06-28 10:00:00,WIND,600702,1,HCM,1,18974,1011,110,15,110,22,900,6,6,6,6,6,NA,NA,NA,NA,2019-06-28 09:51:00,0
2019-06-28 11:00:00,WIND,600702,1,HCM,1,18974,1011,120,14,120,20,950,6,6,6,6,6,NA,NA,NA,NA,2019-06-28 10:51:00,0
2019-06-28 12:00:00,WIND,600702,1,HCM,1,18974,1011,130,13,120,19,1138,6,6,6,6,6,NA,NA,NA,NA,2019-06-28 11:51:00,0
2019-06-28 13:00:00,WIND,600702,1,HCM,1,18974,1011,120,13,130,20,1151,6,6,6,6,6,NA,NA,NA,NA,2019-06-28 12:54:00,0
2019-06-28 14:00:00,WIND,600702,1,HCM,1,18974,1011,130,13,120,19,1302,6,6,6,6,6,NA,NA,NA,NA,2019-06-28 13:51:00,0
2019-06-28 15:00:00,WIND,600702,1,HCM,1,18974,1011,140,11,130,16,1400,6,6,6,6,6,NA,NA,NA,NA,2019-06-28 14:51:00,0
2019-06-28 16:00:00,WIND,600702,1,HCM,1,18974,1011,150,11,180,16,1539,6,6,6,6,6,NA,NA,NA,NA,2019-06-28 15:51:00,0
2019-06-28 17:00:00,WIND,600702,1,HCM,1,18974,1011,190,10,180,14,1550,6,6,6,6,6,NA,NA,NA,NA,2019-06-28 16:51:00,0
2019-06-28 18:00:00,WIND,600702,1,HCM,1,18974,1011,150,10,150,16,1745,6,6,6,6,6,NA,NA,NA,NA,2019-06-28 17:51:00,0
2019-06-28 19:00:00,WIND,600702,1,HCM,1,18974,1011,150,11,160,16,1750,6,6,6,6,6,NA,NA,NA,NA,2019-06-28 18:51:00,0
2019-06-28 20:00:00,WIND,600702,1,HCM,1,18974,1011,160,13,150,19,1944,6,6,6,6,6,NA,NA,NA,NA,2019-06-28 19:51:00,0
2019-06-28 21:00:00,WIND,600702,1,HCM,1,18974,1011,160,14,150,21,2023,6,6,6,6,6,NA,NA,NA,NA,2019-06-28 20:54:00,0
2019-06-28 22:00:00,WIND,600702,1,HCM,1,18974,1011,160,14,160,20,2058,6,6,6,6,6,NA,NA,NA,NA,2019-06-28 21:52:00,0
2019-06-28 23:00:00,WIND,600702,1,HCM,1,18974,1011,160,12,150,17,2222,6,6,6,6,6,NA,NA,NA,NA,2019-06-28 22:51:00,0
2019-06-29 00:00:00,WIND,600702,1,HCM,1,18974,1011,160,10,150,16,2251,6,6,6,6,6,NA,NA,NA,NA,2019-06-28 23:51:00,0
2019-06-29 01:00:00,WIND,600702,1,HCM,1,18974,1011,180,9,170,15,37,6,6,6,6,6,NA,NA,NA,NA,2019-06-29 00:51:00,0
2019-06-29 02:00:00,WIND,600702,1,HCM,1,18974,1011,180,10,180,15,122,6,6,6,6,6,NA,NA,NA,NA,2019-06-29 01:52:00,0
2019-06-29 03:00:00,WIND,600702,1,HCM,1,18974,1011,220,8,240,13,219,6,6,6,6,6,NA,NA,NA,NA,2019-06-29 02:51:00,0
2019-06-29 04:00:00,WIND,600702,1,HCM,1,18974,1011,240,4,250,8,300,6,6,6,6,6,NA,NA,NA,NA,2019-06-29 03:51:00,0
2019-06-29 05:00:00,WIND,600702,1,HCM,1,18974,1011,160,3,160,6,430,6,6,6,6,6,NA,NA,NA,NA,2019-06-29 04:51:00,0
2019-06-29 06:00:00,WIND,600702,1,HCM,1,18974,1011,170,5,170,8,539,6,6,6,6,6,NA,NA,NA,NA,2019-06-29 05:51:00,0
2019-06-29 07:00:00,WIND,600702,1,HCM,1,18974,1011,180,4,200,7,553,6,6,6,6,6,NA,NA,NA,NA,2019-06-29 06:51:00,0
2019-06-29 08:00:00,WIND,600702,1,HCM,1,18974,1011,190,5,210,11,748,6,6,6,6,6,NA,NA,NA,NA,2019-06-29 07:52:00,0
2019-06-29 09:00:00,WIND,600702,1,HCM,1,18974,1011,210,6,210,12,758,6,6,6,6,6,NA,NA,NA,NA,2019-06-29 08:56:00,0
2019-06-29 10:00:00,WIND,600702,1,HCM,1,18974,1011,270,5,290,10,901,6,6,6,6,6,NA,NA,NA,NA,2019-06-29 09:51:00,0
2019-06-29 11:00:00,WIND,600702,1,HCM,1,18974,1011,170,4,150,9,1049,6,6,6,6,6,NA,NA,NA,NA,2019-06-29 10:51:00,0
2019-06-29 12:00:00,WIND,600702,1,HCM,1,18974,1011,160,6,160,9,1126,6,6,6,6,6,NA,NA,NA,NA,2019-06-29 11:51:00,0
2019-06-29 13:00:00,WIND,600702,1,HCM,1,18974,1011,150,7,140,11,1230,6,6,6,6,6,NA,NA,NA,NA,2019-06-29 12:51:00,0
2019-06-29 14:00:00,WIND,600702,1,HCM,1,18974,1011,160,6,150,9,1325,6,6,6,6,6,NA,NA,NA,NA,2019-06-29 13:51:00,0
2019-06-29 15:00:00,WIND,600702,1,HCM,1,18974,1011,140,6,130,11,1429,6,6,6,6,6,NA,NA,NA,NA,2019-06-29 14:51:00,0
2019-06-29 16:00:00,WIND,600702,1,HCM,1,18974,1011,130,5,130,8,1454,6,6,6,6,6,NA,NA,NA,NA,2019-06-29 15:51:00,0
2019-06-29 17:00:00,WIND,600702,1,HCM,1,18974,1011,160,5,190,8,1646,6,6,6,6,6,NA,NA,NA,NA,2019-06-29 16:52:00,0
2019-06-29 18:00:00,WIND,600702,1,HCM,1,18974,1011,190,5,180,8,1721,6,6,6,6,6,NA,NA,NA,NA,2019-06-29 17:51:00,0
2019-06-29 19:00:00,WIND,600702,1,HCM,1,18974,1011,150,4,150,6,1818,6,6,6,6,6,NA,NA,NA,NA,2019-06-29 18:51:00,0
2019-06-29 20:00:00,WIND,600702,1,HCM,1,18974,1011,150,7,140,9,1917,6,6,6,6,6,NA,NA,NA,NA,2019-06-29 19:51:00,0
2019-06-29 21:00:00,WIND,600702,1,HCM,1,18974,1011,170,4,140,7,1953,6,6,6,6,6,NA,NA,NA,NA,2019-06-29 20:54:00,0
2019-06-29 22:00:00,WIND,600702,1,HCM,1,18974,1011,160,5,180,7,2123,6,6,6,6,6,NA,NA,NA,NA,2019-06-29 21:51:00,0
2019-06-29 23:00:00,WIND,600702,1,HCM,1,18974,1011,170,6,150,12,2241,6,6,6,6,6,NA,NA,NA,NA,2019-06-29 22:54:00,0
2019-06-30 00:00:00,WIND,600702,1,HCM,1,18974,1011,160,10,170,15,2348,6,6,6,6,6,NA,NA,NA,NA,2019-06-29 23:51:00,0
2019-06-30 01:00:00,WIND,600702,1,HCM,1,18974,1011,180,14,180,22,21,6,6,6,6,6,NA,NA,NA,NA,2019-06-30 00:51:00,0
2019-06-30 02:00:00,WIND,600702,1,HCM,1,18974,1011,200,14,210,22,116,6,6,6,6,6,NA,NA,NA,NA,2019-06-30 01:51:00,0
2019-06-30 03:00:00,WIND,600702,1,HCM,1,18974,1011,210,13,220,20,206,6,6,6,6,6,NA,NA,NA,NA,2019-06-30 02:51:00,0
2019-06-30 04:00:00,WIND,600702,1,HCM,1,18974,1011,210,17,220,24,349,6,6,6,6,6,NA,NA,NA,NA,2019-06-30 03:52:00,0
2019-06-30 05:00:00,WIND,600702,1,HCM,1,18974,1011,220,17,210,26,351,6,6,6,6,6,NA,NA,NA,NA,2019-06-30 04:52:00,0
2019-06-30 06:00:00,WIND,600702,1,HCM,1,18974,1011,230,18,240,26,458,6,6,6,6,6,NA,NA,NA,NA,2019-06-30 05:51:00,0
2019-06-30 07:00:00,WIND,600702,1,HCM,1,18974,1011,230,18,220,27,619,6,6,6,6,6,NA,NA,NA,NA,2019-06-30 06:51:00,0
2019-06-30 08:00:00,WIND,600702,1,HCM,1,18974,1011,220,17,230,27,745,6,6,6,6,6,NA,NA,NA,NA,2019-06-30 07:51:00,0
2019-06-30 09:00:00,WIND,600702,1,HCM,1,18974,1011,230,20,240,28,842,6,6,6,6,6,NA,NA,NA,NA,2019-06-30 08:56:00,0
2019-06-30 10:00:00,WIND,600702,1,HCM,1,18974,1011,230,19,230,26,857,6,6,6,6,6,NA,NA,NA,NA,2019-06-30 09:51:00,0
2019-06-30 11:00:00,WIND,600702,1,HCM,1,18974,1011,240,20,240,30,1038,6,6,6,6,6,NA,NA,NA,NA,2019-06-30 10:51:00,0
2019-06-30 12:00:00,WIND,600702,1,HCM,1,18974,1011,230,22,230,32,1104,6,6,6,6,6,NA,NA,NA,NA,2019-06-30 11:52:00,0
2019-06-30 13:00:00,WIND,600702,1,HCM,1,18974,1011,230,21,230,31,1242,6,6,6,6,6,NA,NA,NA,NA,2019-06-30 12:51:00,0
2019-06-30 14:00:00,WIND,600702,1,HCM,1,18974,1011,230,21,240,32,1324,6,6,6,6,6,NA,NA,NA,NA,2019-06-30 13:51:00,0
2019-06-30 15:00:00,WIND,600702,1,HCM,1,18974,1011,230,22,230,32,1415,6,6,6,6,6,NA,NA,NA,NA,2019-06-30 14:51:00,0
2019-06-30 16:00:00,WIND,600702,1,HCM,1,18974,1011,240,20,240,33,1506,6,6,6,6,6,NA,NA,NA,NA,2019-06-30 15:51:00,0
2019-06-30 17:00:00,WIND,600702,1,HCM,1,18974,1011,240,21,230,31,1628,6,6,6,6,6,NA,NA,NA,NA,2019-06-30 16:51:00,0
2019-06-30 18:00:00,WIND,600702,1,HCM,1,18974,1011,240,21,240,30,1709,6,6,6,6,6,NA,NA,NA,NA,2019-06-30 17:51:00,0
2019-06-30 19:00:00,WIND,600702,1,HCM,1,18974,1011,240,19,240,30,1819,6,6,6,6,6,NA,NA,NA,NA,2019-06-30 18:51:00,0
2019-06-30 20:00:00,WIND,600702,1,HCM,1,18974,1011,240,19,240,27,1942,6,6,6,6,6,NA,NA,NA,NA,2019-06-30 19:51:00,0
2019-06-30 21:00:00,WIND,600702,1,HCM,1,18974,1011,240,20,240,28,2005,6,6,6,6,6,NA,NA,NA,NA,2019-06-30 20:54:00,0
2019-06-30 22:00:00,WIND,600702,1,HCM,1,18974,1011,240,19,250,29,2118,6,6,6,6,6,NA,NA,NA,NA,2019-06-30 21:51:00,0
2019-06-30 23:00:00,WIND,600702,1,HCM,1,18974,1011,250,18,250,27,2152,6,6,6,6,6,NA,NA,NA,NA,2019-06-30 22:51:00,0
2019-07-01 00:00:00,WIND,600702,1,HCM,1,18974,1011,260,18,260,27,2257,6,6,6,6,6,NA,NA,NA,NA,2019-06-30 23:51:00,0
2019-07-01 01:00:00,WIND,600702,1,HCM,1,18974,1011,270,16,280,25,18,6,6,6,6,6,NA,NA,NA,NA,2019-07-01 00:51:00,0
2019-07-01 02:00:00,WIND,600702,1,HCM,1,18974,1011,280,17,270,24,125,6,6,6,6,6,NA,NA,NA,NA,2019-07-01 01:51:00,0
2019-07-01 03:00:00,WIND,600702,1,HCM,1,18974,1011,280,16,290,24,231,6,6,6,6,6,NA,NA,NA,NA,2019-07-01 02:51:00,0
2019-07-01 04:00:00,WIND,600702,1,HCM,1,18974,1011,290,17,290,24,326,6,6,6,6,6,NA,NA,NA,NA,2019-07-01 03:51:00,0
2019-07-01 05:00:00,WIND,600702,1,HCM,1,18974,1011,300,19,300,27,447,6,6,6,6,6,NA,NA,NA,NA,2019-07-01 04:51:00,0
2019-07-01 06:00:00,WIND,600702,1,HCM,1,18974,1011,300,18,300,28,524,6,6,6,6,6,NA,NA,NA,NA,2019-07-01 05:51:00,0
2019-07-01 07:00:00,WIND,600702,1,HCM,1,18974,1011,310,18,310,28,554,6,6,6,6,6,NA,NA,NA,NA,2019-07-01 06:51:00,0
2019-07-01 08:00:00,WIND,600702,1,HCM,1,18974,1011,320,18,330,25,722,6,6,6,6,6,NA,NA,NA,NA,2019-07-01 07:51:00,0
2019-07-01 09:00:00,WIND,600702,1,HCM,1,18974,1011,320,18,330,25,849,6,6,6,6,6,NA,NA,NA,NA,2019-07-01 08:54:00,0
2019-07-01 10:00:00,WIND,600702,1,HCM,1,18974,1011,320,19,320,30,905,6,6,6,6,6,NA,NA,NA,NA,2019-07-01 09:52:00,0
2019-07-01 11:00:00,WIND,600702,1,HCM,1,18974,1011,320,19,300,27,1000,6,6,6,6,6,NA,NA,NA,NA,2019-07-01 10:52:00,0
2019-07-01 12:00:00,WIND,600702,1,HCM,1,18974,1011,310,19,310,27,1105,6,6,6,6,6,NA,NA,NA,NA,2019-07-01 11:53:00,0
2019-07-01 13:00:00,WIND,600702,1,HCM,1,18974,1011,310,17,310,24,1150,6,6,6,6,6,NA,NA,NA,NA,2019-07-01 12:52:00,0
2019-07-01 14:00:00,WIND,600702,1,HCM,1,18974,1011,300,16,300,23,1258,6,6,6,6,6,NA,NA,NA,NA,2019-07-01 13:53:00,0
2019-07-01 15:00:00,WIND,600702,1,HCM,1,18974,1011,280,15,280,24,1433,6,6,6,6,6,NA,NA,NA,NA,2019-07-01 14:52:00,0
2019-07-01 16:00:00,WIND,600702,1,HCM,1,18974,1011,280,16,280,24,1515,6,6,6,6,6,NA,NA,NA,NA,2019-07-01 15:51:00,0
2019-07-01 17:00:00,WIND,600702,1,HCM,1,18974,1011,280,17,290,25,1623,6,6,6,6,6,NA,NA,NA,NA,2019-07-01 16:51:00,0
2019-07-01 18:00:00,WIND,600702,1,HCM,1,18974,1011,280,17,280,24,1712,6,6,6,6,6,NA,NA,NA,NA,2019-07-01 17:51:00,0
2019-07-01 19:00:00,WIND,600702,1,HCM,1,18974,1011,280,16,280,23,1810,6,6,6,6,6,NA,NA,NA,NA,2019-07-01 18:52:00,0
2019-07-01 20:00:00,WIND,600702,1,HCM,1,18974,1011,280,13,270,21,1948,6,6,6,6,6,NA,NA,NA,NA,2019-07-01 19:51:00,0
2019-07-01 21:00:00,WIND,600702,1,HCM,1,18974,1011,270,12,270,22,1954,6,6,6,6,6,NA,NA,NA,NA,2019-07-01 20:54:00,0
2019-07-01 22:00:00,WIND,600702,1,HCM,1,18974,1011,280,12,270,18,2100,6,6,6,6,6,NA,NA,NA,NA,2019-07-01 21:51:00,0
2019-07-01 23:00:00,WIND,600702,1,HCM,1,18974,1011,290,11,280,16,2205,6,6,6,6,6,NA,NA,NA,NA,2019-07-01 22:51:00,0
2019-07-02 00:00:00,WIND,600702,1,HCM,1,18974,1011,290,12,300,17,2320,6,6,6,6,6,NA,NA,NA,NA,2019-07-01 23:51:00,0
2019-07-02 01:00:00,WIND,600702,1,HCM,1,18974,1011,300,12,290,18,33,6,6,6,6,6,NA,NA,NA,NA,2019-07-02 01:19:00,0
2019-07-02 02:00:00,WIND,600702,1,HCM,1,18974,1011,290,14,290,20,129,6,6,6,6,6,NA,NA,NA,NA,2019-07-02 01:51:00,0
2019-07-02 03:00:00,WIND,600702,1,HCM,1,18974,1011,290,14,290,20,248,6,6,6,6,6,NA,NA,NA,NA,2019-07-02 02:51:00,0
2019-07-02 04:00:00,WIND,600702,1,HCM,1,18974,1011,290,14,290,22,346,6,6,6,6,6,NA,NA,NA,NA,2019-07-02 03:51:00,0
2019-07-02 05:00:00,WIND,600702,1,HCM,1,18974,1011,300,14,290,20,435,6,6,6,6,6,NA,NA,NA,NA,2019-07-02 04:51:00,0
2019-07-02 06:00:00,WIND,600702,1,HCM,1,18974,1011,300,12,310,19,512,6,6,6,6,6,NA,NA,NA,NA,2019-07-02 05:51:00,0
2019-07-02 07:00:00,WIND,600702,1,HCM,1,18974,1011,290,12,280,18,620,6,6,6,6,6,NA,NA,NA,NA,2019-07-02 06:51:00,0
2019-07-02 08:00:00,WIND,600702,1,HCM,1,18974,1011,290,11,290,18,738,6,6,6,6,6,NA,NA,NA,NA,2019-07-02 07:51:00,0
2019-07-02 09:00:00,WIND,600702,1,HCM,1,18974,1011,290,14,290,22,843,6,6,6,6,6,NA,NA,NA,NA,2019-07-02 08:54:00,0
2019-07-02 10:00:00,WIND,600702,1,HCM,1,18974,1011,300,15,310,25,912,6,6,6,6,6,NA,NA,NA,NA,2019-07-02 09:51:00,0
2019-07-02 11:00:00,WIND,600702,1,HCM,1,18974,1011,300,14,280,21,1040,6,6,6,6,6,NA,NA,NA,NA,2019-07-02 10:51:00,0
2019-07-02 12:00:00,WIND,600702,1,HCM,1,18974,1011,290,17,280,23,1139,6,6,6,6,6,NA,NA,NA,NA,2019-07-02 11:51:00,0
2019-07-02 13:00:00,WIND,600702,1,HCM,1,18974,1011,290,17,290,24,1214,6,6,6,6,6,NA,NA,NA,NA,2019-07-02 12:52:00,0
2019-07-02 14:00:00,WIND,600702,1,HCM,1,18974,1011,300,17,290,23,1255,6,6,6,6,6,NA,NA,NA,NA,2019-07-02 13:51:00,0
2019-07-02 15:00:00,WIND,600702,1,HCM,1,18974,1011,310,15,310,21,1418,6,6,6,6,6,NA,NA,NA,NA,2019-07-02 14:53:00,0
2019-07-02 16:00:00,WIND,600702,1,HCM,1,18974,1011,300,14,300,18,1546,6,6,6,6,6,NA,NA,NA,NA,2019-07-02 15:52:00,0
2019-07-02 17:00:00,WIND,600702,1,HCM,1,18974,1011,300,14,290,19,1616,6,6,6,6,6,NA,NA,NA,NA,2019-07-02 16:53:00,0
2019-07-02 18:00:00,WIND,600702,1,HCM,1,18974,1011,300,13,330,19,1749,6,6,6,6,6,NA,NA,NA,NA,2019-07-02 17:52:00,0
2019-07-02 19:00:00,WIND,600702,1,HCM,1,18974,1011,320,13,330,18,1804,6,6,6,6,6,NA,NA,NA,NA,2019-07-02 18:53:00,0
2019-07-02 20:00:00,WIND,600702,1,HCM,1,18974,1011,310,9,320,13,1917,6,6,6,6,6,NA,NA,NA,NA,2019-07-02 19:53:00,0
2019-07-02 21:00:00,WIND,600702,1,HCM,1,18974,1011,310,8,320,11,2005,6,6,6,6,6,NA,NA,NA,NA,2019-07-02 20:53:00,0
2019-07-02 22:00:00,WIND,600702,1,HCM,1,18974,1011,310,8,310,10,2102,6,6,6,6,6,NA,NA,NA,NA,2019-07-02 21:54:00,0
2019-07-02 23:00:00,WIND,600702,1,HCM,1,18974,1011,300,7,310,9,2150,6,6,6,6,6,NA,NA,NA,NA,2019-07-02 22:53:00,0
2019-07-03 00:00:00,WIND,600702,1,HCM,1,18974,1011,290,7,300,10,2318,6,6,6,6,6,NA,NA,NA,NA,2019-07-02 23:52:00,0
2019-07-03 01:00:00,WIND,600702,1,HCM,1,18974,1011,290,7,290,9,2352,6,6,6,6,6,NA,NA,NA,NA,2019-07-03 00:53:00,0
2019-07-03 02:00:00,WIND,600702,1,HCM,1,18974,1011,290,8,290,12,125,6,6,6,6,6,NA,NA,NA,NA,2019-07-03 01:52:00,0
2019-07-03 03:00:00,WIND,600702,1,HCM,1,18974,1011,290,8,290,11,234,6,6,6,6,6,NA,NA,NA,NA,2019-07-03 02:53:00,0
2019-07-03 04:00:00,WIND,600702,1,HCM,1,18974,1011,290,7,290,11,258,6,6,6,6,6,NA,NA,NA,NA,2019-07-03 03:52:00,0
2019-07-03 05:00:00,WIND,600702,1,HCM,1,18974,1011,280,7,290,10,402,6,6,6,6,6,NA,NA,NA,NA,2019-07-03 04:52:00,0
2019-07-03 06:00:00,WIND,600702,1,HCM,1,18974,1011,270,7,270,10,511,6,6,6,6,6,NA,NA,NA,NA,2019-07-03 05:53:00,0
2019-07-03 07:00:00,WIND,600702,1,HCM,1,18974,1011,270,8,250,13,620,6,6,6,6,6,NA,NA,NA,NA,2019-07-03 06:53:00,0
2019-07-03 08:00:00,WIND,600702,1,HCM,1,18974,1011,260,10,260,14,736,6,6,6,6,6,NA,NA,NA,NA,2019-07-03 07:53:00,0
2019-07-03 09:00:00,WIND,600702,1,HCM,1,18974,1011,280,11,300,17,848,6,6,6,6,6,NA,NA,NA,NA,2019-07-03 08:53:00,0
2019-07-03 10:00:00,WIND,600702,1,HCM,1,18974,1011,310,11,290,18,941,6,6,6,6,6,NA,NA,NA,NA,2019-07-03 09:53:00,0
2019-07-03 11:00:00,WIND,600702,1,HCM,1,18974,1011,300,13,300,19,959,6,6,6,6,6,NA,NA,NA,NA,2019-07-03 10:53:00,0
2019-07-03 12:00:00,WIND,600702,1,HCM,1,18974,1011,310,13,300,19,1149,6,6,6,6,6,NA,NA,NA,NA,2019-07-03 11:53:00,0
2019-07-03 13:00:00,WIND,600702,1,HCM,1,18974,1011,300,13,300,19,1150,6,6,6,6,6,NA,NA,NA,NA,2019-07-03 12:54:00,0
2019-07-03 14:00:00,WIND,600702,1,HCM,1,18974,1011,300,14,290,19,1257,6,6,6,6,6,NA,NA,NA,NA,2019-07-03 13:57:00,0
2019-07-03 15:00:00,WIND,600702,1,HCM,1,18974,1011,300,13,300,18,1446,6,6,6,6,6,NA,NA,NA,NA,2019-07-03 14:51:00,0
2019-07-03 16:00:00,WIND,600702,1,HCM,1,18974,1011,300,14,300,19,1514,6,6,6,6,6,NA,NA,NA,NA,2019-07-03 15:51:00,0
2019-07-03 17:00:00,WIND,600702,1,HCM,1,18974,1011,290,12,300,17,1609,6,6,6,6,6,NA,NA,NA,NA,2019-07-03 16:51:00,0
2019-07-03 18:00:00,WIND,600702,1,HCM,1,18974,1011,290,11,290,16,1737,6,6,6,6,6,NA,NA,NA,NA,2019-07-03 17:51:00,0
2019-07-03 19:00:00,WIND,600702,1,HCM,1,18974,1011,280,10,290,14,1756,6,6,6,6,6,NA,NA,NA,NA,2019-07-03 18:51:00,0
2019-07-03 20:00:00,WIND,600702,1,HCM,1,18974,1011,270,8,270,11,1910,6,6,6,6,6,NA,NA,NA,NA,2019-07-03 19:51:00,0
2019-07-03 21:00:00,WIND,600702,1,HCM,1,18974,1011,260,6,270,10,1951,6,6,6,6,6,NA,NA,NA,NA,2019-07-03 20:55:00,0
2019-07-03 22:00:00,WIND,600702,1,HCM,1,18974,1011,260,6,260,9,2131,6,6,6,6,6,NA,NA,NA,NA,2019-07-03 21:51:00,0
2019-07-03 23:00:00,WIND,600702,1,HCM,1,18974,1011,260,6,260,10,2238,6,6,6,6,6,NA,NA,NA,NA,2019-07-03 22:52:00,0
2019-07-04 00:00:00,WIND,600702,1,HCM,1,18974,1011,250,6,260,9,2300,6,6,6,6,6,NA,NA,NA,NA,2019-07-03 23:52:00,0
2019-07-04 01:00:00,WIND,600702,1,HCM,1,18974,1011,250,6,240,9,21,6,6,6,6,6,NA,NA,NA,NA,2019-07-04 00:51:00,0
2019-07-04 02:00:00,WIND,600702,1,HCM,1,18974,1011,240,6,240,9,116,6,6,6,6,6,NA,NA,NA,NA,2019-07-04 01:51:00,0
2019-07-04 03:00:00,WIND,600702,1,HCM,1,18974,1011,230,8,230,13,242,6,6,6,6,6,NA,NA,NA,NA,2019-07-04 02:51:00,0
2019-07-04 04:00:00,WIND,600702,1,HCM,1,18974,1011,240,8,230,14,251,6,6,6,6,6,NA,NA,NA,NA,2019-07-04 03:51:00,0
2019-07-04 05:00:00,WIND,600702,1,HCM,1,18974,1011,240,9,240,14,446,6,6,6,6,6,NA,NA,NA,NA,2019-07-04 04:51:00,0
2019-07-04 06:00:00,WIND,600702,1,HCM,1,18974,1011,240,10,240,15,543,6,6,6,6,6,NA,NA,NA,NA,2019-07-04 05:51:00,0
2019-07-04 07:00:00,WIND,600702,1,HCM,1,18974,1011,240,11,240,15,604,6,6,6,6,6,NA,NA,NA,NA,2019-07-04 06:51:00,0
2019-07-04 08:00:00,WIND,600702,1,HCM,1,18974,1011,230,11,230,16,701,6,6,6,6,6,NA,NA,NA,NA,2019-07-04 07:51:00,0
2019-07-04 09:00:00,WIND,600702,1,HCM,1,18974,1011,240,12,250,17,841,6,6,6,6,6,NA,NA,NA,NA,2019-07-04 08:54:00,0
2019-07-04 10:00:00,WIND,600702,1,HCM,1,18974,1011,250,12,260,17,936,6,6,6,6,6,NA,NA,NA,NA,2019-07-04 09:52:00,0
2019-07-04 11:00:00,WIND,600702,1,HCM,1,18974,1011,260,14,270,20,1033,6,6,6,6,6,NA,NA,NA,NA,2019-07-04 10:51:00,0
2019-07-04 12:00:00,WIND,600702,1,HCM,1,18974,1011,250,13,260,20,1145,6,6,6,6,6,NA,NA,NA,NA,2019-07-04 11:51:00,0
2019-07-04 13:00:00,WIND,600702,1,HCM,1,18974,1011,240,15,240,22,1206,6,6,6,6,6,NA,NA,NA,NA,2019-07-04 12:53:00,0
2019-07-04 14:00:00,WIND,600702,1,HCM,1,18974,1011,240,16,250,23,1327,6,6,6,6,6,NA,NA,NA,NA,2019-07-04 13:51:00,0
2019-07-04 15:00:00,WIND,600702,1,HCM,1,18974,1011,240,17,250,23,1445,6,6,6,6,6,NA,NA,NA,NA,2019-07-04 14:51:00,0
2019-07-04 16:00:00,WIND,600702,1,HCM,1,18974,1011,240,17,240,25,1542,6,6,6,6,6,NA,NA,NA,NA,2019-07-04 15:51:00,0
2019-07-04 17:00:00,WIND,600702,1,HCM,1,18974,1011,240,18,250,25,1607,6,6,6,6,6,NA,NA,NA,NA,2019-07-04 16:51:00,0
2019-07-04 18:00:00,WIND,600702,1,HCM,1,18974,1011,240,16,240,24,1701,6,6,6,6,6,NA,NA,NA,NA,2019-07-04 17:51:00,0
2019-07-04 19:00:00,WIND,600702,1,HCM,1,18974,1011,250,16,260,22,1831,6,6,6,6,6,NA,NA,NA,NA,2019-07-04 18:52:00,0
2019-07-04 20:00:00,WIND,600702,1,HCM,1,18974,1011,260,16,250,22,1852,6,6,6,6,6,NA,NA,NA,NA,2019-07-04 19:51:00,0
2019-07-04 21:00:00,WIND,600702,1,HCM,1,18974,1011,260,15,260,22,2011,6,6,6,6,6,NA,NA,NA,NA,2019-07-04 20:54:00,0
2019-07-04 22:00:00,WIND,600702,1,HCM,1,18974,1011,270,13,270,19,2142,6,6,6,6,6,NA,NA,NA,NA,2019-07-04 21:51:00,0
2019-07-04 23:00:00,WIND,600702,1,HCM,1,18974,1011,270,12,270,17,2154,6,6,6,6,6,NA,NA,NA,NA,2019-07-04 22:51:00,0
2019-07-05 00:00:00,WIND,600702,1,HCM,1,18974,1011,280,11,280,16,2313,6,6,6,6,6,NA,NA,NA,NA,2019-07-04 23:51:00,0
2019-07-05 01:00:00,WIND,600702,1,HCM,1,18974,1011,280,9,280,13,44,6,6,6,6,6,NA,NA,NA,NA,2019-07-05 00:51:00,0
2019-07-05 02:00:00,WIND,600702,1,HCM,1,18974,1011,280,9,280,13,54,6,6,6,6,6,NA,NA,NA,NA,2019-07-05 01:51:00,0
2019-07-05 03:00:00,WIND,600702,1,HCM,1,18974,1011,280,8,280,12,203,6,6,6,6,6,NA,NA,NA,NA,2019-07-05 02:51:00,0
2019-07-05 04:00:00,WIND,600702,1,HCM,1,18974,1011,280,6,280,11,345,6,6,6,6,6,NA,NA,NA,NA,2019-07-05 03:51:00,0
2019-07-05 05:00:00,WIND,600702,1,HCM,1,18974,1011,280,7,270,10,403,6,6,6,6,6,NA,NA,NA,NA,2019-07-05 04:51:00,0
2019-07-05 06:00:00,WIND,600702,1,HCM,1,18974,1011,270,8,260,12,548,6,6,6,6,6,NA,NA,NA,NA,2019-07-05 05:51:00,0
2019-07-05 07:00:00,WIND,600702,1,HCM,1,18974,1011,250,9,250,14,627,6,6,6,6,6,NA,NA,NA,NA,2019-07-05 06:51:00,0
2019-07-05 08:00:00,WIND,600702,1,HCM,1,18974,1011,240,11,240,15,749,6,6,6,6,6,NA,NA,NA,NA,2019-07-05 07:51:00,0
2019-07-05 09:00:00,WIND,600702,1,HCM,1,18974,1011,240,11,260,16,847,6,6,6,6,6,NA,NA,NA,NA,2019-07-05 08:54:00,0
2019-07-05 10:00:00,WIND,600702,1,HCM,1,18974,1011,250,12,250,17,916,6,6,6,6,6,NA,NA,NA,NA,2019-07-05 09:51:00,0
2019-07-05 11:00:00,WIND,600702,1,HCM,1,18974,1011,250,13,260,20,1033,6,6,6,6,6,NA,NA,NA,NA,2019-07-05 10:51:00,0
2019-07-05 12:00:00,WIND,600702,1,HCM,1,18974,1011,250,14,240,21,1100,6,6,6,6,6,NA,NA,NA,NA,2019-07-05 11:51:00,0
2019-07-05 13:00:00,WIND,600702,1,HCM,1,18974,1011,240,13,250,20,1213,6,6,6,6,6,NA,NA,NA,NA,2019-07-05 12:52:00,0
2019-07-05 14:00:00,WIND,600702,1,HCM,1,18974,1011,250,15,260,22,1348,6,6,6,6,6,NA,NA,NA,NA,2019-07-05 13:52:00,0
2019-07-05 15:00:00,WIND,600702,1,HCM,1,18974,1011,260,16,260,23,1407,6,6,6,6,6,NA,NA,NA,NA,2019-07-05 14:51:00,0
2019-07-05 16:00:00,WIND,600702,1,HCM,1,18974,1011,260,15,250,23,1450,6,6,6,6,6,NA,NA,NA,NA,2019-07-05 15:51:00,0
2019-07-05 17:00:00,WIND,600702,1,HCM,1,18974,1011,270,14,270,21,1550,6,6,6,6,6,NA,NA,NA,NA,2019-07-05 16:51:00,0
2019-07-05 18:00:00,WIND,600702,1,HCM,1,18974,1011,280,14,280,21,1718,6,6,6,6,6,NA,NA,NA,NA,2019-07-05 17:51:00,0
2019-07-05 19:00:00,WIND,600702,1,HCM,1,18974,1011,280,14,280,19,1751,6,6,6,6,6,NA,NA,NA,NA,2019-07-05 18:51:00,0
2019-07-05 20:00:00,WIND,600702,1,HCM,1,18974,1011,300,12,330,17,1943,6,6,6,6,6,NA,NA,NA,NA,2019-07-05 19:51:00,0
2019-07-05 21:00:00,WIND,600702,1,HCM,1,18974,1011,320,11,310,17,2034,6,6,6,6,6,NA,NA,NA,NA,2019-07-05 20:54:00,0
2019-07-05 22:00:00,WIND,600702,1,HCM,1,18974,1011,320,11,310,17,2103,6,6,6,6,6,NA,NA,NA,NA,2019-07-05 21:51:00,0
2019-07-05 23:00:00,WIND,600702,1,HCM,1,18974,1011,320,9,310,13,2249,6,6,6,6,6,NA,NA,NA,NA,2019-07-05 22:51:00,0
2019-07-06 00:00:00,WIND,600702,1,HCM,1,18974,1011,310,9,310,15,2257,6,6,6,6,6,NA,NA,NA,NA,2019-07-05 23:51:00,0
2019-07-06 01:00:00,WIND,600702,1,HCM,1,18974,1011,320,10,340,16,2351,6,6,6,6,6,NA,NA,NA,NA,2019-07-06 00:51:00,0
2019-07-06 02:00:00,WIND,600702,1,HCM,1,18974,1011,310,10,300,15,140,6,6,6,6,6,NA,NA,NA,NA,2019-07-06 01:51:00,0
2019-07-06 03:00:00,WIND,600702,1,HCM,1,18974,1011,320,10,320,15,218,6,6,6,6,6,NA,NA,NA,NA,2019-07-06 02:52:00,0
2019-07-06 04:00:00,WIND,600702,1,HCM,1,18974,1011,320,10,330,17,343,6,6,6,6,6,NA,NA,NA,NA,2019-07-06 03:51:00,0
2019-07-06 05:00:00,WIND,600702,1,HCM,1,18974,1011,330,10,330,15,409,6,6,6,6,6,NA,NA,NA,NA,2019-07-06 04:51:00,0
2019-07-06 06:00:00,WIND,600702,1,HCM,1,18974,1011,330,10,340,14,453,6,6,6,6,6,NA,NA,NA,NA,2019-07-06 05:51:00,0
2019-07-06 07:00:00,WIND,600702,1,HCM,1,18974,1011,340,10,340,15,627,6,6,6,6,6,NA,NA,NA,NA,2019-07-06 06:51:00,0
2019-07-06 08:00:00,WIND,600702,1,HCM,1,18974,1011,350,12,360,17,729,6,6,6,6,6,NA,NA,NA,NA,2019-07-06 07:51:00,0
2019-07-06 09:00:00,WIND,600702,1,HCM,1,18974,1011,350,12,360,17,757,6,6,6,6,6,NA,NA,NA,NA,2019-07-06 08:54:00,0
2019-07-06 10:00:00,WIND,600702,1,HCM,1,18974,1011,10,13,10,17,915,6,6,6,6,6,NA,NA,NA,NA,2019-07-06 09:51:00,0
2019-07-06 11:00:00,WIND,600702,1,HCM,1,18974,1011,360,12,350,17,950,6,6,6,6,6,NA,NA,NA,NA,2019-07-06 10:51:00,0
2019-07-06 12:00:00,WIND,600702,1,HCM,1,18974,1011,360,12,10,16,1147,6,6,6,6,6,NA,NA,NA,NA,2019-07-06 11:51:00,0
2019-07-06 13:00:00,WIND,600702,1,HCM,1,18974,1011,360,14,10,18,1211,6,6,6,6,6,NA,NA,NA,NA,2019-07-06 12:51:00,0
2019-07-06 14:00:00,WIND,600702,1,HCM,1,18974,1011,360,13,10,16,1342,6,6,6,6,6,NA,NA,NA,NA,2019-07-06 13:51:00,0
2019-07-06 15:00:00,WIND,600702,1,HCM,1,18974,1011,350,13,340,18,1358,6,6,6,6,6,NA,NA,NA,NA,2019-07-06 14:51:00,0
2019-07-06 16:00:00,WIND,600702,1,HCM,1,18974,1011,360,13,350,17,1512,6,6,6,6,6,NA,NA,NA,NA,2019-07-06 15:51:00,0
2019-07-06 17:00:00,WIND,600702,1,HCM,1,18974,1011,360,12,360,15,1644,6,6,6,6,6,NA,NA,NA,NA,2019-07-06 16:51:00,0
2019-07-06 18:00:00,WIND,600702,1,HCM,1,18974,1011,360,11,350,15,1701,6,6,6,6,6,NA,NA,NA,NA,2019-07-06 17:51:00,0
2019-07-06 19:00:00,WIND,600702,1,HCM,1,18974,1011,350,13,350,16,1841,6,6,6,6,6,NA,NA,NA,NA,2019-07-06 18:51:00,0
2019-07-06 20:00:00,WIND,600702,1,HCM,1,18974,1011,360,12,360,16,1928,6,6,6,6,6,NA,NA,NA,NA,2019-07-06 19:51:00,0
2019-07-06 21:00:00,WIND,600702,1,HCM,1,18974,1011,360,13,360,18,2026,6,6,6,6,6,NA,NA,NA,NA,2019-07-06 20:54:00,0
2019-07-06 22:00:00,WIND,600702,1,HCM,1,18974,1011,10,14,360,18,2118,6,6,6,6,6,NA,NA,NA,NA,2019-07-06 21:51:00,0
2019-07-06 23:00:00,WIND,600702,1,HCM,1,18974,1011,10,14,10,20,2224,6,6,6,6,6,NA,NA,NA,NA,2019-07-06 22:51:00,0
2019-07-07 00:00:00,WIND,600702,1,HCM,1,18974,1011,20,13,20,18,2330,6,6,6,6,6,NA,NA,NA,NA,2019-07-06 23:51:00,0
2019-07-07 01:00:00,WIND,600702,1,HCM,1,18974,1011,30,13,30,18,30,6,6,6,6,6,NA,NA,NA,NA,2019-07-07 00:51:00,0
2019-07-07 02:00:00,WIND,600702,1,HCM,1,18974,1011,10,14,10,21,149,6,6,6,6,6,NA,NA,NA,NA,2019-07-07 01:51:00,0
2019-07-07 03:00:00,WIND,600702,1,HCM,1,18974,1011,10,14,360,19,150,6,6,6,6,6,NA,NA,NA,NA,2019-07-07 02:51:00,0
2019-07-07 04:00:00,WIND,600702,1,HCM,1,18974,1011,10,14,10,19,255,6,6,6,6,6,NA,NA,NA,NA,2019-07-07 03:51:00,0
2019-07-07 05:00:00,WIND,600702,1,HCM,1,18974,1011,20,12,20,17,410,6,6,6,6,6,NA,NA,NA,NA,2019-07-07 04:51:00,0
2019-07-07 06:00:00,WIND,600702,1,HCM,1,18974,1011,20,13,20,20,549,6,6,6,6,6,NA,NA,NA,NA,2019-07-07 05:51:00,0
2019-07-07 07:00:00,WIND,600702,1,HCM,1,18974,1011,10,14,10,19,558,6,6,6,6,6,NA,NA,NA,NA,2019-07-07 06:51:00,0
2019-07-07 08:00:00,WIND,600702,1,HCM,1,18974,1011,10,13,10,17,706,6,6,6,6,6,NA,NA,NA,NA,2019-07-07 07:51:00,0
2019-07-07 09:00:00,WIND,600702,1,HCM,1,18974,1011,10,12,20,16,752,6,6,6,6,6,NA,NA,NA,NA,2019-07-07 08:54:00,0
2019-07-07 10:00:00,WIND,600702,1,HCM,1,18974,1011,10,12,10,15,906,6,6,6,6,6,NA,NA,NA,NA,2019-07-07 09:51:00,0
2019-07-07 11:00:00,WIND,600702,1,HCM,1,18974,1011,10,11,360,15,1020,6,6,6,6,6,NA,NA,NA,NA,2019-07-07 10:51:00,0
2019-07-07 12:00:00,WIND,600702,1,HCM,1,18974,1011,360,12,10,16,1140,6,6,6,6,6,NA,NA,NA,NA,2019-07-07 11:52:00,0
2019-07-07 13:00:00,WIND,600702,1,HCM,1,18974,1011,360,13,360,18,1225,6,6,6,6,6,NA,NA,NA,NA,2019-07-07 12:51:00,0
2019-07-07 14:00:00,WIND,600702,1,HCM,1,18974,1011,360,14,350,17,1340,6,6,6,6,6,NA,NA,NA,NA,2019-07-07 13:51:00,0
2019-07-07 15:00:00,WIND,600702,1,HCM,1,18974,1011,360,13,360,17,1353,6,6,6,6,6,NA,NA,NA,NA,2019-07-07 14:51:00,0
2019-07-07 16:00:00,WIND,600702,1,HCM,1,18974,1011,360,13,10,18,1549,6,6,6,6,6,NA,NA,NA,NA,2019-07-07 15:51:00,0
2019-07-07 17:00:00,WIND,600702,1,HCM,1,18974,1011,10,14,10,19,1622,6,6,6,6,6,NA,NA,NA,NA,2019-07-07 16:51:00,0
2019-07-07 18:00:00,WIND,600702,1,HCM,1,18974,1011,10,15,20,19,1730,6,6,6,6,6,NA,NA,NA,NA,2019-07-07 17:51:00,0
2019-07-07 19:00:00,WIND,600702,1,HCM,1,18974,1011,20,13,10,18,1755,6,6,6,6,6,NA,NA,NA,NA,2019-07-07 18:51:00,0
2019-07-07 20:00:00,WIND,600702,1,HCM,1,18974,1011,20,12,30,16,1925,6,6,6,6,6,NA,NA,NA,NA,2019-07-07 19:51:00,0
2019-07-07 21:00:00,WIND,600702,1,HCM,1,18974,1011,20,10,30,14,2009,6,6,6,6,6,NA,NA,NA,NA,2019-07-07 20:54:00,0
2019-07-07 22:00:00,WIND,600702,1,HCM,1,18974,1011,30,9,40,13,2146,6,6,6,6,6,NA,NA,NA,NA,2019-07-07 21:51:00,0
2019-07-07 23:00:00,WIND,600702,1,HCM,1,18974,1011,40,10,40,13,2153,6,6,6,6,6,NA,NA,NA,NA,2019-07-07 22:51:00,0
2019-07-08 00:00:00,WIND,600702,1,HCM,1,18974,1011,50,7,40,11,2251,6,6,6,6,6,NA,NA,NA,NA,2019-07-07 23:52:00,0
2019-07-08 01:00:00,WIND,600702,1,HCM,1,18974,1011,50,5,50,7,21,6,6,6,6,6,NA,NA,NA,NA,2019-07-08 00:51:00,0
2019-07-08 02:00:00,WIND,600702,1,HCM,1,18974,1011,80,5,90,7,122,6,6,6,6,6,NA,NA,NA,NA,2019-07-08 01:51:00,0
2019-07-08 03:00:00,WIND,600702,1,HCM,1,18974,1011,80,5,80,6,158,6,6,6,6,6,NA,NA,NA,NA,2019-07-08 02:51:00,0
2019-07-08 04:00:00,WIND,600702,1,HCM,1,18974,1011,100,4,100,7,347,6,6,6,6,6,NA,NA,NA,NA,2019-07-08 03:51:00,0
2019-07-08 05:00:00,WIND,600702,1,HCM,1,18974,1011,130,6,130,12,443,6,6,6,6,6,NA,NA,NA,NA,2019-07-08 04:51:00,0
2019-07-08 06:00:00,WIND,600702,1,HCM,1,18974,1011,130,10,130,14,506,6,6,6,6,6,NA,NA,NA,NA,2019-07-08 05:51:00,0
2019-07-08 07:00:00,WIND,600702,1,HCM,1,18974,1011,140,13,150,18,647,6,6,6,6,6,NA,NA,NA,NA,2019-07-08 06:51:00,0
2019-07-08 08:00:00,WIND,600702,1,HCM,1,18974,1011,160,13,150,18,651,6,6,6,6,6,NA,NA,NA,NA,2019-07-08 07:51:00,0
2019-07-08 09:00:00,WIND,600702,1,HCM,1,18974,1011,170,13,170,17,823,6,6,6,6,6,NA,NA,NA,NA,2019-07-08 08:54:00,0
2019-07-08 10:00:00,WIND,600702,1,HCM,1,18974,1011,160,11,180,16,901,6,6,6,6,6,NA,NA,NA,NA,2019-07-08 09:51:00,0
2019-07-08 11:00:00,WIND,600702,1,HCM,1,18974,1011,160,11,160,16,1013,6,6,6,6,6,NA,NA,NA,NA,2019-07-08 10:51:00,0
2019-07-08 12:00:00,WIND,600702,1,HCM,1,18974,1011,160,10,160,15,1148,6,6,6,6,6,NA,NA,NA,NA,2019-07-08 11:51:00,0
2019-07-08 13:00:00,WIND,600702,1,HCM,1,18974,1011,160,12,160,16,1150,6,6,6,6,6,NA,NA,NA,NA,2019-07-08 12:51:00,0
2019-07-08 14:00:00,WIND,600702,1,HCM,1,18974,1011,160,10,170,16,1333,6,6,6,6,6,NA,NA,NA,NA,2019-07-08 13:51:00,0
2019-07-08 15:00:00,WIND,600702,1,HCM,1,18974,1011,180,11,170,15,1430,6,6,6,6,6,NA,NA,NA,NA,2019-07-08 14:51:00,0
2019-07-08 16:00:00,WIND,600702,1,HCM,1,18974,1011,180,13,180,17,1523,6,6,6,6,6,NA,NA,NA,NA,2019-07-08 15:52:00,0
2019-07-08 17:00:00,WIND,600702,1,HCM,1,18974,1011,170,12,170,17,1637,6,6,6,6,6,NA,NA,NA,NA,2019-07-08 16:51:00,0
2019-07-08 18:00:00,WIND,600702,1,HCM,1,18974,1011,160,12,170,16,1714,6,6,6,6,6,NA,NA,NA,NA,2019-07-08 17:51:00,0
2019-07-08 19:00:00,WIND,600702,1,HCM,1,18974,1011,160,11,150,16,1816,6,6,6,6,6,NA,NA,NA,NA,2019-07-08 18:51:00,0
2019-07-08 20:00:00,WIND,600702,1,HCM,1,18974,1011,170,13,170,18,1919,6,6,6,6,6,NA,NA,NA,NA,2019-07-08 19:51:00,0
2019-07-08 21:00:00,WIND,600702,1,HCM,1,18974,1011,160,12,160,17,2036,6,6,6,6,6,NA,NA,NA,NA,2019-07-08 20:57:00,0
2019-07-08 22:00:00,WIND,600702,1,HCM,1,18974,1011,160,12,160,17,2108,6,6,6,6,6,NA,NA,NA,NA,2019-07-08 21:51:00,0
2019-07-08 23:00:00,WIND,600702,1,HCM,1,18974,1011,160,13,160,17,2245,6,6,6,6,6,NA,NA,NA,NA,2019-07-08 22:51:00,0
2019-07-09 00:00:00,WIND,600702,1,HCM,1,18974,1011,160,12,160,18,2339,6,6,6,6,6,NA,NA,NA,NA,2019-07-08 23:51:00,0
2019-07-09 01:00:00,WIND,600702,1,HCM,1,18974,1011,160,13,150,18,2353,6,6,6,6,6,NA,NA,NA,NA,2019-07-09 00:51:00,0
2019-07-09 02:00:00,WIND,600702,1,HCM,1,18974,1011,160,12,160,16,120,6,6,6,6,6,NA,NA,NA,NA,2019-07-09 01:51:00,0
2019-07-09 03:00:00,WIND,600702,1,HCM,1,18974,1011,180,10,170,16,151,6,6,6,6,6,NA,NA,NA,NA,2019-07-09 02:51:00,0
2019-07-09 04:00:00,WIND,600702,1,HCM,1,18974,1011,200,8,220,13,333,6,6,6,6,6,NA,NA,NA,NA,2019-07-09 03:52:00,0
2019-07-09 05:00:00,WIND,600702,1,HCM,1,18974,1011,220,9,230,13,442,6,6,6,6,6,NA,NA,NA,NA,2019-07-09 04:52:00,0
2019-07-09 06:00:00,WIND,600702,1,HCM,1,18974,1011,230,10,250,14,451,6,6,6,6,6,NA,NA,NA,NA,2019-07-09 05:51:00,0
2019-07-09 07:00:00,WIND,600702,1,HCM,1,18974,1011,230,12,230,20,633,6,6,6,6,6,NA,NA,NA,NA,2019-07-09 06:51:00,0
2019-07-09 08:00:00,WIND,600702,1,HCM,1,18974,1011,220,13,220,20,749,6,6,6,6,6,NA,NA,NA,NA,2019-07-09 07:51:00,0
2019-07-09 09:00:00,WIND,600702,1,HCM,1,18974,1011,220,14,220,21,835,6,6,6,6,6,NA,NA,NA,NA,2019-07-09 08:54:00,0
2019-07-09 10:00:00,WIND,600702,1,HCM,1,18974,1011,230,16,230,23,917,6,6,6,6,6,NA,NA,NA,NA,2019-07-09 09:51:00,0
2019-07-09 11:00:00,WIND,600702,1,HCM,1,18974,1011,240,15,230,23,951,6,6,6,6,6,NA,NA,NA,NA,2019-07-09 10:51:00,0
2019-07-09 12:00:00,WIND,600702,1,HCM,1,18974,1011,240,15,240,21,1123,6,6,6,6,6,NA,NA,NA,NA,2019-07-09 11:51:00,0
2019-07-09 13:00:00,WIND,600702,1,HCM,1,18974,1011,240,14,240,20,1222,6,6,6,6,6,NA,NA,NA,NA,2019-07-09 12:51:00,0
2019-07-09 14:00:00,WIND,600702,1,HCM,1,18974,1011,250,14,240,20,1258,6,6,6,6,6,NA,NA,NA,NA,2019-07-09 13:51:00,0
2019-07-09 15:00:00,WIND,600702,1,HCM,1,18974,1011,240,12,240,21,1418,6,6,6,6,6,NA,NA,NA,NA,2019-07-09 14:51:00,0
2019-07-09 16:00:00,WIND,600702,1,HCM,1,18974,1011,240,12,240,17,1458,6,6,6,6,6,NA,NA,NA,NA,2019-07-09 15:51:00,0
2019-07-09 17:00:00,WIND,600702,1,HCM,1,18974,1011,240,11,240,17,1551,6,6,6,6,6,NA,NA,NA,NA,2019-07-09 16:51:00,0
2019-07-09 18:00:00,WIND,600702,1,HCM,1,18974,1011,240,11,240,17,1725,6,6,6,6,6,NA,NA,NA,NA,2019-07-09 17:51:00,0
2019-07-09 19:00:00,WIND,600702,1,HCM,1,18974,1011,240,10,240,15,1803,6,6,6,6,6,NA,NA,NA,NA,2019-07-09 18:51:00,0
2019-07-09 20:00:00,WIND,600702,1,HCM,1,18974,1011,240,9,250,13,1912,6,6,6,6,6,NA,NA,NA,NA,2019-07-09 19:51:00,0
2019-07-09 21:00:00,WIND,600702,1,HCM,1,18974,1011,240,9,220,15,2009,6,6,6,6,6,NA,NA,NA,NA,2019-07-09 20:54:00,0
2019-07-09 22:00:00,WIND,600702,1,HCM,1,18974,1011,220,8,230,13,2100,6,6,6,6,6,NA,NA,NA,NA,2019-07-09 21:51:00,0
2019-07-09 23:00:00,WIND,600702,1,HCM,1,18974,1011,220,8,210,13,2220,6,6,6,6,6,NA,NA,NA,NA,2019-07-09 22:51:00,0
2019-07-10 00:00:00,WIND,600702,1,HCM,1,18974,1011,220,9,220,13,2328,6,6,6,6,6,NA,NA,NA,NA,2019-07-09 23:51:00,0
2019-07-10 01:00:00,WIND,600702,1,HCM,1,18974,1011,240,10,240,15,39,6,6,6,6,6,NA,NA,NA,NA,2019-07-10 00:51:00,0
2019-07-10 02:00:00,WIND,600702,1,HCM,1,18974,1011,240,10,240,15,50,6,6,6,6,6,NA,NA,NA,NA,2019-07-10 01:51:00,0
2019-07-10 03:00:00,WIND,600702,1,HCM,1,18974,1011,230,9,240,13,230,6,6,6,6,6,NA,NA,NA,NA,2019-07-10 02:51:00,0
2019-07-10 04:00:00,WIND,600702,1,HCM,1,18974,1011,220,7,230,11,301,6,6,6,6,6,NA,NA,NA,NA,2019-07-10 03:51:00,0
2019-07-10 05:00:00,WIND,600702,1,HCM,1,18974,1011,200,7,210,10,357,6,6,6,6,6,NA,NA,NA,NA,2019-07-10 04:51:00,0
2019-07-10 06:00:00,WIND,600702,1,HCM,1,18974,1011,190,7,190,9,511,6,6,6,6,6,NA,NA,NA,NA,2019-07-10 05:51:00,0
2019-07-10 07:00:00,WIND,600702,1,HCM,1,18974,1011,180,7,190,10,617,6,6,6,6,6,NA,NA,NA,NA,2019-07-10 06:51:00,0
2019-07-10 08:00:00,WIND,600702,1,HCM,1,18974,1011,180,8,180,12,658,6,6,6,6,6,NA,NA,NA,NA,2019-07-10 07:51:00,0
2019-07-10 09:00:00,WIND,600702,1,HCM,1,18974,1011,180,10,190,16,831,6,6,6,6,6,NA,NA,NA,NA,2019-07-10 08:55:00,0
2019-07-10 10:00:00,WIND,600702,1,HCM,1,18974,1011,180,11,180,16,850,6,6,6,6,6,NA,NA,NA,NA,2019-07-10 09:51:00,0
2019-07-10 11:00:00,WIND,600702,1,HCM,1,18974,1011,200,11,190,16,1010,6,6,6,6,6,NA,NA,NA,NA,2019-07-10 10:51:00,0
2019-07-10 12:00:00,WIND,600702,1,HCM,1,18974,1011,210,12,220,17,1113,6,6,6,6,6,NA,NA,NA,NA,2019-07-10 11:51:00,0
2019-07-10 13:00:00,WIND,600702,1,HCM,1,18974,1011,210,13,220,18,1223,6,6,6,6,6,NA,NA,NA,NA,2019-07-10 12:51:00,0
2019-07-10 14:00:00,WIND,600702,1,HCM,1,18974,1011,220,13,220,18,1322,6,6,6,6,6,NA,NA,NA,NA,2019-07-10 13:51:00,0
2019-07-10 15:00:00,WIND,600702,1,HCM,1,18974,1011,220,12,220,18,1429,6,6,6,6,6,NA,NA,NA,NA,2019-07-10 14:51:00,0
2019-07-10 16:00:00,WIND,600702,1,HCM,1,18974,1011,220,12,220,19,1525,6,6,6,6,6,NA,NA,NA,NA,2019-07-10 15:51:00,0
2019-07-10 17:00:00,WIND,600702,1,HCM,1,18974,1011,210,11,210,16,1600,6,6,6,6,6,NA,NA,NA,NA,2019-07-10 16:51:00,0
2019-07-10 18:00:00,WIND,600702,1,HCM,1,18974,1011,180,8,210,14,1650,6,6,6,6,6,NA,NA,NA,NA,2019-07-10 17:51:00,0
2019-07-10 19:00:00,WIND,600702,1,HCM,1,18974,1011,180,8,200,11,1751,6,6,6,6,6,NA,NA,NA,NA,2019-07-10 18:51:00,0
2019-07-10 20:00:00,WIND,600702,1,HCM,1,18974,1011,170,7,160,10,1941,6,6,6,6,6,NA,NA,NA,NA,2019-07-10 19:51:00,0
2019-07-10 21:00:00,WIND,600702,1,HCM,1,18974,1011,170,8,170,12,2024,6,6,6,6,6,NA,NA,NA,NA,2019-07-10 20:55:00,0
2019-07-10 22:00:00,WIND,600702,1,HCM,1,18974,1011,160,9,160,12,2140,6,6,6,6,6,NA,NA,NA,NA,2019-07-10 21:51:00,0
2019-07-10 23:00:00,WIND,600702,1,HCM,1,18974,1011,150,10,150,13,2218,6,6,6,6,6,NA,NA,NA,NA,2019-07-10 22:51:00,0
2019-07-11 00:00:00,WIND,600702,1,HCM,1,18974,1011,140,9,160,13,2349,6,6,6,6,6,NA,NA,NA,NA,2019-07-10 23:51:00,0
2019-07-11 01:00:00,WIND,600702,1,HCM,1,18974,1011,150,9,150,13,46,6,6,6,6,6,NA,NA,NA,NA,2019-07-11 00:51:00,0
2019-07-11 02:00:00,WIND,600702,1,HCM,1,18974,1011,150,10,140,14,143,6,6,6,6,6,NA,NA,NA,NA,2019-07-11 01:51:00,0
2019-07-11 03:00:00,WIND,600702,1,HCM,1,18974,1011,150,10,150,15,209,6,6,6,6,6,NA,NA,NA,NA,2019-07-11 02:51:00,0
2019-07-11 04:00:00,WIND,600702,1,HCM,1,18974,1011,170,7,150,12,258,6,6,6,6,6,NA,NA,NA,NA,2019-07-11 03:51:00,0
2019-07-11 05:00:00,WIND,600702,1,HCM,1,18974,1011,200,6,230,10,445,6,6,6,6,6,NA,NA,NA,NA,2019-07-11 04:52:00,0
2019-07-11 06:00:00,WIND,600702,1,HCM,1,18974,1011,230,8,230,13,546,6,6,6,6,6,NA,NA,NA,NA,2019-07-11 05:51:00,0
2019-07-11 07:00:00,WIND,600702,1,HCM,1,18974,1011,220,7,230,12,552,6,6,6,6,6,NA,NA,NA,NA,2019-07-11 06:51:00,0
2019-07-11 08:00:00,WIND,600702,1,HCM,1,18974,1011,210,8,220,15,749,6,6,6,6,6,NA,NA,NA,NA,2019-07-11 07:52:00,0
2019-07-11 09:00:00,WIND,600702,1,HCM,1,18974,1011,210,10,200,16,801,6,6,6,6,6,NA,NA,NA,NA,2019-07-11 08:54:00,0
2019-07-11 10:00:00,WIND,600702,1,HCM,1,18974,1011,180,8,200,13,903,6,6,6,6,6,NA,NA,NA,NA,2019-07-11 09:51:00,0
2019-07-11 11:00:00,WIND,600702,1,HCM,1,18974,1011,170,9,150,13,1049,6,6,6,6,6,NA,NA,NA,NA,2019-07-11 10:51:00,0
2019-07-11 12:00:00,WIND,600702,1,HCM,1,18974,1011,170,10,170,14,1134,6,6,6,6,6,NA,NA,NA,NA,2019-07-11 11:51:00,0
2019-07-11 13:00:00,WIND,600702,1,HCM,1,18974,1011,190,9,190,15,1152,6,6,6,6,6,NA,NA,NA,NA,2019-07-11 12:51:00,0
2019-07-11 14:00:00,WIND,600702,1,HCM,1,18974,1011,220,10,210,15,1312,6,6,6,6,6,NA,NA,NA,NA,2019-07-11 13:51:00,0
2019-07-11 15:00:00,WIND,600702,1,HCM,1,18974,1011,200,9,220,13,1404,6,6,6,6,6,NA,NA,NA,NA,2019-07-11 14:51:00,0
2019-07-11 16:00:00,WIND,600702,1,HCM,1,18974,1011,170,9,180,13,1535,6,6,6,6,6,NA,NA,NA,NA,2019-07-11 15:51:00,0
2019-07-11 17:00:00,WIND,600702,1,HCM,1,18974,1011,180,9,180,14,1608,6,6,6,6,6,NA,NA,NA,NA,2019-07-11 16:52:00,0
2019-07-11 18:00:00,WIND,600702,1,HCM,1,18974,1011,170,7,180,10,1651,6,6,6,6,6,NA,NA,NA,NA,2019-07-11 17:51:00,0
2019-07-11 19:00:00,WIND,600702,1,HCM,1,18974,1011,170,6,160,9,1800,6,6,6,6,6,NA,NA,NA,NA,2019-07-11 18:51:00,0
2019-07-11 20:00:00,WIND,600702,1,HCM,1,18974,1011,160,5,160,7,1850,6,6,6,6,6,NA,NA,NA,NA,2019-07-11 19:51:00,0
2019-07-11 21:00:00,WIND,600702,1,HCM,1,18974,1011,230,5,240,8,2026,6,6,6,6,6,NA,NA,NA,NA,2019-07-11 20:54:00,0
2019-07-11 22:00:00,WIND,600702,1,HCM,1,18974,1011,250,4,230,6,2052,6,6,6,6,6,NA,NA,NA,NA,2019-07-11 21:51:00,0
2019-07-11 23:00:00,WIND,600702,1,HCM,1,18974,1011,240,3,230,5,2247,6,6,6,6,6,NA,NA,NA,NA,2019-07-11 22:51:00,0
2019-07-12 00:00:00,WIND,600702,1,HCM,1,18974,1011,280,6,300,11,2347,6,6,6,6,6,NA,NA,NA,NA,2019-07-11 23:51:00,0
2019-07-12 01:00:00,WIND,600702,1,HCM,1,18974,1011,300,8,300,12,16,6,6,6,6,6,NA,NA,NA,NA,2019-07-12 00:51:00,0
2019-07-12 02:00:00,WIND,600702,1,HCM,1,18974,1011,300,8,290,13,108,6,6,6,6,6,NA,NA,NA,NA,2019-07-12 01:51:00,0
2019-07-12 03:00:00,WIND,600702,1,HCM,1,18974,1011,300,9,300,12,200,6,6,6,6,6,NA,NA,NA,NA,2019-07-12 02:51:00,0
2019-07-12 04:00:00,WIND,600702,1,HCM,1,18974,1011,290,9,300,14,308,6,6,6,6,6,NA,NA,NA,NA,2019-07-12 03:52:00,0
2019-07-12 05:00:00,WIND,600702,1,HCM,1,18974,1011,300,9,290,13,400,6,6,6,6,6,NA,NA,NA,NA,2019-07-12 04:51:00,0
2019-07-12 06:00:00,WIND,600702,1,HCM,1,18974,1011,300,10,320,14,500,6,6,6,6,6,NA,NA,NA,NA,2019-07-12 05:51:00,0
2019-07-12 07:00:00,WIND,600702,1,HCM,1,18974,1011,300,10,300,15,633,6,6,6,6,6,NA,NA,NA,NA,2019-07-12 06:51:00,0
2019-07-12 08:00:00,WIND,600702,1,HCM,1,18974,1011,310,10,300,14,656,6,6,6,6,6,NA,NA,NA,NA,2019-07-12 07:51:00,0
2019-07-12 09:00:00,WIND,600702,1,HCM,1,18974,1011,320,9,330,13,821,6,6,6,6,6,NA,NA,NA,NA,2019-07-12 08:54:00,0
2019-07-12 10:00:00,WIND,600702,1,HCM,1,18974,1011,340,10,320,14,924,6,6,6,6,6,NA,NA,NA,NA,2019-07-12 09:52:00,0
2019-07-12 11:00:00,WIND,600702,1,HCM,1,18974,1011,340,9,330,12,950,6,6,6,6,6,NA,NA,NA,NA,2019-07-12 10:51:00,0
2019-07-12 12:00:00,WIND,600702,1,HCM,1,18974,1011,330,9,320,13,1134,6,6,6,6,6,NA,NA,NA,NA,2019-07-12 11:51:00,0
2019-07-12 13:00:00,WIND,600702,1,HCM,1,18974,1011,320,11,330,15,1215,6,6,6,6,6,NA,NA,NA,NA,2019-07-12 12:51:00,0
2019-07-12 14:00:00,WIND,600702,1,HCM,1,18974,1011,300,12,310,17,1347,6,6,6,6,6,NA,NA,NA,NA,2019-07-12 13:51:00,0
2019-07-12 15:00:00,WIND,600702,1,HCM,1,18974,1011,310,12,310,17,1423,6,6,6,6,6,NA,NA,NA,NA,2019-07-12 14:51:00,0
2019-07-12 16:00:00,WIND,600702,1,HCM,1,18974,1011,300,12,290,17,1545,6,6,6,6,6,NA,NA,NA,NA,2019-07-12 15:51:00,0
2019-07-12 17:00:00,WIND,600702,1,HCM,1,18974,1011,300,13,310,18,1645,6,6,6,6,6,NA,NA,NA,NA,2019-07-12 16:51:00,0
2019-07-12 18:00:00,WIND,600702,1,HCM,1,18974,1011,310,11,300,17,1657,6,6,6,6,6,NA,NA,NA,NA,2019-07-12 17:51:00,0
2019-07-12 19:00:00,WIND,600702,1,HCM,1,18974,1011,300,11,300,15,1804,6,6,6,6,6,NA,NA,NA,NA,2019-07-12 18:51:00,0
2019-07-12 20:00:00,WIND,600702,1,HCM,1,18974,1011,310,11,310,16,1935,6,6,6,6,6,NA,NA,NA,NA,2019-07-12 19:51:00,0
2019-07-12 21:00:00,WIND,600702,1,HCM,1,18974,1011,310,10,310,14,1950,6,6,6,6,6,NA,NA,NA,NA,2019-07-12 20:54:00,0
2019-07-12 22:00:00,WIND,600702,1,HCM,1,18974,1011,310,10,310,15,2141,6,6,6,6,6,NA,NA,NA,NA,2019-07-12 21:51:00,0
2019-07-12 23:00:00,WIND,600702,1,HCM,1,18974,1011,310,10,310,15,2227,6,6,6,6,6,NA,NA,NA,NA,2019-07-12 22:52:00,0
2019-07-13 00:00:00,WIND,600702,1,HCM,1,18974,1011,320,11,320,16,2332,6,6,6,6,6,NA,NA,NA,NA,2019-07-12 23:51:00,0
2019-07-13 01:00:00,WIND,600702,1,HCM,1,18974,1011,310,9,310,13,2355,6,6,6,6,6,NA,NA,NA,NA,2019-07-13 00:51:00,0
2019-07-13 02:00:00,WIND,600702,1,HCM,1,18974,1011,310,10,320,17,149,6,6,6,6,6,NA,NA,NA,NA,2019-07-13 01:51:00,0
2019-07-13 03:00:00,WIND,600702,1,HCM,1,18974,1011,320,12,320,17,156,6,6,6,6,6,NA,NA,NA,NA,2019-07-13 02:51:00,0
2019-07-13 04:00:00,WIND,600702,1,HCM,1,18974,1011,320,10,330,15,315,6,6,6,6,6,NA,NA,NA,NA,2019-07-13 03:51:00,0
2019-07-13 05:00:00,WIND,600702,1,HCM,1,18974,1011,320,9,320,14,413,6,6,6,6,6,NA,NA,NA,NA,2019-07-13 04:51:00,0
2019-07-13 06:00:00,WIND,600702,1,HCM,1,18974,1011,310,9,310,16,527,6,6,6,6,6,NA,NA,NA,NA,2019-07-13 05:51:00,0
2019-07-13 07:00:00,WIND,600702,1,HCM,1,18974,1011,320,9,310,14,633,6,6,6,6,6,NA,NA,NA,NA,2019-07-13 06:51:00,0
2019-07-13 08:00:00,WIND,600702,1,HCM,1,18974,1011,310,12,320,17,743,6,6,6,6,6,NA,NA,NA,NA,2019-07-13 07:51:00,0
2019-07-13 09:00:00,WIND,600702,1,HCM,1,18974,1011,310,12,310,17,841,6,6,6,6,6,NA,NA,NA,NA,2019-07-13 08:54:00,0
2019-07-13 10:00:00,WIND,600702,1,HCM,1,18974,1011,310,13,310,18,934,6,6,6,6,6,NA,NA,NA,NA,2019-07-13 09:51:00,0
2019-07-13 11:00:00,WIND,600702,1,HCM,1,18974,1011,320,12,320,17,1047,6,6,6,6,6,NA,NA,NA,NA,2019-07-13 10:51:00,0
2019-07-13 12:00:00,WIND,600702,1,HCM,1,18974,1011,310,11,310,17,1106,6,6,6,6,6,NA,NA,NA,NA,2019-07-13 11:51:00,0
2019-07-13 13:00:00,WIND,600702,1,HCM,1,18974,1011,310,11,300,17,1249,6,6,6,6,6,NA,NA,NA,NA,2019-07-13 12:51:00,0
2019-07-13 14:00:00,WIND,600702,1,HCM,1,18974,1011,320,14,330,19,1335,6,6,6,6,6,NA,NA,NA,NA,2019-07-13 13:51:00,0
2019-07-13 15:00:00,WIND,600702,1,HCM,1,18974,1011,310,11,310,15,1417,6,6,6,6,6,NA,NA,NA,NA,2019-07-13 14:51:00,0
2019-07-13 16:00:00,WIND,600702,1,HCM,1,18974,1011,310,11,330,17,1518,6,6,6,6,6,NA,NA,NA,NA,2019-07-13 15:51:00,0
2019-07-13 17:00:00,WIND,600702,1,HCM,1,18974,1011,320,11,330,17,1619,6,6,6,6,6,NA,NA,NA,NA,2019-07-13 16:51:00,0
2019-07-13 18:00:00,WIND,600702,1,HCM,1,18974,1011,320,10,330,14,1653,6,6,6,6,6,NA,NA,NA,NA,2019-07-13 17:51:00,0
2019-07-13 19:00:00,WIND,600702,1,HCM,1,18974,1011,310,10,310,14,1832,6,6,6,6,6,NA,NA,NA,NA,2019-07-13 18:51:00,0
2019-07-13 20:00:00,WIND,600702,1,HCM,1,18974,1011,310,9,310,13,1903,6,6,6,6,6,NA,NA,NA,NA,2019-07-13 19:51:00,0
2019-07-13 21:00:00,WIND,600702,1,HCM,1,18974,1011,310,7,310,11,2001,6,6,6,6,6,NA,NA,NA,NA,2019-07-13 20:54:00,0
2019-07-13 22:00:00,WIND,600702,1,HCM,1,18974,1011,320,6,300,9,2054,6,6,6,6,6,NA,NA,NA,NA,2019-07-13 21:51:00,0
2019-07-13 23:00:00,WIND,600702,1,HCM,1,18974,1011,320,6,330,9,2210,6,6,6,6,6,NA,NA,NA,NA,2019-07-13 22:51:00,0
2019-07-14 00:00:00,WIND,600702,1,HCM,1,18974,1011,330,5,310,9,2317,6,6,6,6,6,NA,NA,NA,NA,2019-07-13 23:52:00,0
2019-07-14 01:00:00,WIND,600702,1,HCM,1,18974,1011,320,5,330,8,28,6,6,6,6,6,NA,NA,NA,NA,2019-07-14 00:52:00,0
2019-07-14 02:00:00,WIND,600702,1,HCM,1,18974,1011,320,5,320,8,128,6,6,6,6,6,NA,NA,NA,NA,2019-07-14 01:51:00,0
2019-07-14 03:00:00,WIND,600702,1,HCM,1,18974,1011,330,5,320,7,225,6,6,6,6,6,NA,NA,NA,NA,2019-07-14 02:51:00,0
2019-07-14 04:00:00,WIND,600702,1,HCM,1,18974,1011,310,3,320,5,329,6,6,6,6,6,NA,NA,NA,NA,2019-07-14 03:51:00,0
2019-07-14 05:00:00,WIND,600702,1,HCM,1,18974,1011,320,4,310,5,352,6,6,6,6,6,NA,NA,NA,NA,2019-07-14 04:51:00,0
2019-07-14 06:00:00,WIND,600702,1,HCM,1,18974,1011,340,3,340,5,526,6,6,6,6,6,NA,NA,NA,NA,2019-07-14 05:51:00,0
2019-07-14 07:00:00,WIND,600702,1,HCM,1,18974,1011,40,3,60,6,634,6,6,6,6,6,NA,NA,NA,NA,2019-07-14 06:51:00,0
2019-07-14 08:00:00,WIND,600702,1,HCM,1,18974,1011,30,3,40,7,747,6,6,6,6,6,NA,NA,NA,NA,2019-07-14 07:51:00,0
2019-07-14 09:00:00,WIND,600702,1,HCM,1,18974,1011,30,5,40,9,847,6,6,6,6,6,NA,NA,NA,NA,2019-07-14 08:55:00,0
2019-07-14 10:00:00,WIND,600702,1,HCM,1,18974,1011,20,7,20,12,942,6,6,6,6,6,NA,NA,NA,NA,2019-07-14 09:51:00,0
2019-07-14 11:00:00,WIND,600702,1,HCM,1,18974,1011,10,6,10,12,1008,6,6,6,6,6,NA,NA,NA,NA,2019-07-14 10:51:00,0
2019-07-14 12:00:00,WIND,600702,1,HCM,1,18974,1011,10,6,30,10,1107,6,6,6,6,6,NA,NA,NA,NA,2019-07-14 11:51:00,0
2019-07-14 13:00:00,WIND,600702,1,HCM,1,18974,1011,350,6,360,12,1247,6,6,6,6,6,NA,NA,NA,NA,2019-07-14 12:51:00,0
2019-07-14 14:00:00,WIND,600702,1,HCM,1,18974,1011,340,7,330,12,1301,6,6,6,6,6,NA,NA,NA,NA,2019-07-14 13:51:00,0
2019-07-14 15:00:00,WIND,600702,1,HCM,1,18974,1011,340,7,330,11,1423,6,6,6,6,6,NA,NA,NA,NA,2019-07-14 14:51:00,0
2019-07-14 16:00:00,WIND,600702,1,HCM,1,18974,1011,340,8,340,11,1539,6,6,6,6,6,NA,NA,NA,NA,2019-07-14 15:51:00,0
2019-07-14 17:00:00,WIND,600702,1,HCM,1,18974,1011,340,8,340,11,1559,6,6,6,6,6,NA,NA,NA,NA,2019-07-14 16:51:00,0
2019-07-14 18:00:00,WIND,600702,1,HCM,1,18974,1011,330,8,330,10,1748,6,6,6,6,6,NA,NA,NA,NA,2019-07-14 17:51:00,0
2019-07-14 19:00:00,WIND,600702,1,HCM,1,18974,1011,340,8,330,11,1759,6,6,6,6,6,NA,NA,NA,NA,2019-07-14 18:51:00,0
2019-07-14 20:00:00,WIND,600702,1,HCM,1,18974,1011,350,8,360,10,1852,6,6,6,6,6,NA,NA,NA,NA,2019-07-14 19:51:00,0
2019-07-14 21:00:00,WIND,600702,1,HCM,1,18974,1011,340,6,350,8,1956,6,6,6,6,6,NA,NA,NA,NA,2019-07-14 20:56:00,0
2019-07-14 22:00:00,WIND,600702,1,HCM,1,18974,1011,340,6,340,8,2149,6,6,6,6,6,NA,NA,NA,NA,2019-07-14 21:51:00,0
2019-07-14 23:00:00,WIND,600702,1,HCM,1,18974,1011,360,6,360,8,2209,6,6,6,6,6,NA,NA,NA,NA,2019-07-14 22:51:00,0
2019-07-15 00:00:00,WIND,600702,1,HCM,1,18974,1011,10,6,10,7,2326,6,6,6,6,6,NA,NA,NA,NA,2019-07-14 23:51:00,0
2019-07-15 01:00:00,WIND,600702,1,HCM,1,18974,1011,10,4,10,6,2351,6,6,6,6,6,NA,NA,NA,NA,2019-07-15 00:51:00,0
2019-07-15 02:00:00,WIND,600702,1,HCM,1,18974,1011,50,3,30,4,104,6,6,6,6,6,NA,NA,NA,NA,2019-07-15 01:51:00,0
2019-07-15 03:00:00,WIND,600702,1,HCM,1,18974,1011,100,3,100,5,247,6,6,6,6,6,NA,NA,NA,NA,2019-07-15 02:52:00,0
2019-07-15 04:00:00,WIND,600702,1,HCM,1,18974,1011,140,6,150,7,342,6,6,6,6,6,NA,NA,NA,NA,2019-07-15 03:51:00,0
2019-07-15 05:00:00,WIND,600702,1,HCM,1,18974,1011,150,7,150,11,447,6,6,6,6,6,NA,NA,NA,NA,2019-07-15 04:51:00,0
2019-07-15 06:00:00,WIND,600702,1,HCM,1,18974,1011,150,10,150,12,530,6,6,6,6,6,NA,NA,NA,NA,2019-07-15 05:51:00,0
2019-07-15 07:00:00,WIND,600702,1,HCM,1,18974,1011,150,9,150,12,645,6,6,6,6,6,NA,NA,NA,NA,2019-07-15 06:51:00,0
2019-07-15 08:00:00,WIND,600702,1,HCM,1,18974,1011,150,10,150,14,718,6,6,6,6,6,NA,NA,NA,NA,2019-07-15 07:51:00,0
2019-07-15 09:00:00,WIND,600702,1,HCM,1,18974,1011,150,10,140,14,844,6,6,6,6,6,NA,NA,NA,NA,2019-07-15 08:56:00,0
2019-07-15 10:00:00,WIND,600702,1,HCM,1,18974,1011,150,10,150,14,851,6,6,6,6,6,NA,NA,NA,NA,2019-07-15 09:51:00,0
2019-07-15 11:00:00,WIND,600702,1,HCM,1,18974,1011,150,10,150,14,1019,6,6,6,6,6,NA,NA,NA,NA,2019-07-15 10:51:00,0
2019-07-15 12:00:00,WIND,600702,1,HCM,1,18974,1011,150,10,150,14,1121,6,6,6,6,6,NA,NA,NA,NA,2019-07-15 11:51:00,0
2019-07-15 13:00:00,WIND,600702,1,HCM,1,18974,1011,150,9,140,13,1220,6,6,6,6,6,NA,NA,NA,NA,2019-07-15 12:51:00,0
2019-07-15 14:00:00,WIND,600702,1,HCM,1,18974,1011,150,9,150,12,1316,6,6,6,6,6,NA,NA,NA,NA,2019-07-15 13:52:00,0
2019-07-15 15:00:00,WIND,600702,1,HCM,1,18974,1011,160,9,150,12,1413,6,6,6,6,6,NA,NA,NA,NA,2019-07-15 14:51:00,0
2019-07-15 16:00:00,WIND,600702,1,HCM,1,18974,1011,160,8,180,11,1453,6,6,6,6,6,NA,NA,NA,NA,2019-07-15 15:51:00,0
2019-07-15 17:00:00,WIND,600702,1,HCM,1,18974,1011,170,7,180,11,1554,6,6,6,6,6,NA,NA,NA,NA,2019-07-15 16:52:00,0
2019-07-15 18:00:00,WIND,600702,1,HCM,1,18974,1011,170,7,170,10,1715,6,6,6,6,6,NA,NA,NA,NA,2019-07-15 17:51:00,0
2019-07-15 19:00:00,WIND,600702,1,HCM,1,18974,1011,180,6,190,9,1755,6,6,6,6,6,NA,NA,NA,NA,2019-07-15 18:51:00,0
2019-07-15 20:00:00,WIND,600702,1,HCM,1,18974,1011,210,6,200,10,1911,6,6,6,6,6,NA,NA,NA,NA,2019-07-15 19:51:00,0
2019-07-15 21:00:00,WIND,600702,1,HCM,1,18974,1011,210,4,220,7,2023,6,6,6,6,6,NA,NA,NA,NA,2019-07-15 20:54:00,0
2019-07-15 22:00:00,WIND,600702,1,HCM,1,18974,1011,220,4,210,6,2051,6,6,6,6,6,NA,NA,NA,NA,2019-07-15 21:51:00,0
2019-07-15 23:00:00,WIND,600702,1,HCM,1,18974,1011,140,3,150,5,2234,6,6,6,6,6,NA,NA,NA,NA,2019-07-15 22:51:00,0
2019-07-16 00:00:00,WIND,600702,1,HCM,1,18974,1011,130,4,130,6,2320,6,6,6,6,6,NA,NA,NA,NA,2019-07-15 23:51:00,0
2019-07-16 01:00:00,WIND,600702,1,HCM,1,18974,1011,140,5,130,8,27,6,6,6,6,6,NA,NA,NA,NA,2019-07-16 00:51:00,0
2019-07-16 02:00:00,WIND,600702,1,HCM,1,18974,1011,220,4,230,7,124,6,6,6,6,6,NA,NA,NA,NA,2019-07-16 01:51:00,0
2019-07-16 03:00:00,WIND,600702,1,HCM,1,18974,1011,170,6,190,10,240,6,6,6,6,6,NA,NA,NA,NA,2019-07-16 02:52:00,0
2019-07-16 04:00:00,WIND,600702,1,HCM,1,18974,1011,210,6,200,10,301,6,6,6,6,6,NA,NA,NA,NA,2019-07-16 03:51:00,0
2019-07-16 05:00:00,WIND,600702,1,HCM,1,18974,1011,180,4,220,6,352,6,6,6,6,6,NA,NA,NA,NA,2019-07-16 04:51:00,0
2019-07-16 06:00:00,WIND,600702,1,HCM,1,18974,1011,170,4,170,6,546,6,6,6,6,6,NA,NA,NA,NA,2019-07-16 05:52:00,0
2019-07-16 07:00:00,WIND,600702,1,HCM,1,18974,1011,170,6,160,9,638,6,6,6,6,6,NA,NA,NA,NA,2019-07-16 06:51:00,0
2019-07-16 08:00:00,WIND,600702,1,HCM,1,18974,1011,170,7,160,10,741,6,6,6,6,6,NA,NA,NA,NA,2019-07-16 07:51:00,0
2019-07-16 09:00:00,WIND,600702,1,HCM,1,18974,1011,170,9,180,14,848,6,6,6,6,6,NA,NA,NA,NA,2019-07-16 08:54:00,0
2019-07-16 10:00:00,WIND,600702,1,HCM,1,18974,1011,170,11,170,15,944,6,6,6,6,6,NA,NA,NA,NA,2019-07-16 09:51:00,0
2019-07-16 11:00:00,WIND,600702,1,HCM,1,18974,1011,180,11,170,16,1014,6,6,6,6,6,NA,NA,NA,NA,2019-07-16 10:51:00,0
2019-07-16 12:00:00,WIND,600702,1,HCM,1,18974,1011,190,10,220,16,1110,6,6,6,6,6,NA,NA,NA,NA,2019-07-16 11:51:00,0
2019-07-16 13:00:00,WIND,600702,1,HCM,1,18974,1011,190,11,210,19,1157,6,6,6,6,6,NA,NA,NA,NA,2019-07-16 12:52:00,0
2019-07-16 14:00:00,WIND,600702,1,HCM,1,18974,1011,190,11,230,18,1300,6,6,6,6,6,NA,NA,NA,NA,2019-07-16 13:52:00,0
2019-07-16 15:00:00,WIND,600702,1,HCM,1,18974,1011,190,10,220,15,1358,6,6,6,6,6,NA,NA,NA,NA,2019-07-16 14:51:00,0
2019-07-16 16:00:00,WIND,600702,1,HCM,1,18974,1011,170,11,170,15,1501,6,6,6,6,6,NA,NA,NA,NA,2019-07-16 15:51:00,0
2019-07-16 17:00:00,WIND,600702,1,HCM,1,18974,1011,170,10,170,13,1557,6,6,6,6,6,NA,NA,NA,NA,2019-07-16 16:51:00,0
2019-07-16 18:00:00,WIND,600702,1,HCM,1,18974,1011,180,10,170,14,1715,6,6,6,6,6,NA,NA,NA,NA,2019-07-16 17:51:00,0
2019-07-16 19:00:00,WIND,600702,1,HCM,1,18974,1011,180,9,170,13,1811,6,6,6,6,6,NA,NA,NA,NA,2019-07-16 18:51:00,0
2019-07-16 20:00:00,WIND,600702,1,HCM,1,18974,1011,170,9,170,13,1853,6,6,6,6,6,NA,NA,NA,NA,2019-07-16 19:51:00,0
2019-07-16 21:00:00,WIND,600702,1,HCM,1,18974,1011,170,9,180,13,2025,6,6,6,6,6,NA,NA,NA,NA,2019-07-16 20:54:00,0
2019-07-16 22:00:00,WIND,600702,1,HCM,1,18974,1011,170,9,170,13,2122,6,6,6,6,6,NA,NA,NA,NA,2019-07-16 21:52:00,0
2019-07-16 23:00:00,WIND,600702,1,HCM,1,18974,1011,170,9,170,12,2211,6,6,6,6,6,NA,NA,NA,NA,2019-07-16 22:51:00,0
2019-07-17 00:00:00,WIND,600702,1,HCM,1,18974,1011,180,10,180,14,2320,6,6,6,6,6,NA,NA,NA,NA,2019-07-16 23:51:00,0
2019-07-17 01:00:00,WIND,600702,1,HCM,1,18974,1011,170,9,170,13,47,6,6,6,6,6,NA,NA,NA,NA,2019-07-17 00:51:00,0
2019-07-17 02:00:00,WIND,600702,1,HCM,1,18974,1011,170,10,180,15,112,6,6,6,6,6,NA,NA,NA,NA,2019-07-17 01:51:00,0
2019-07-17 03:00:00,WIND,600702,1,HCM,1,18974,1011,160,10,170,14,240,6,6,6,6,6,NA,NA,NA,NA,2019-07-17 02:51:00,0
2019-07-17 04:00:00,WIND,600702,1,HCM,1,18974,1011,160,12,160,16,343,6,6,6,6,6,NA,NA,NA,NA,2019-07-17 03:51:00,0
2019-07-17 05:00:00,WIND,600702,1,HCM,1,18974,1011,170,13,180,18,433,6,6,6,6,6,NA,NA,NA,NA,2019-07-17 04:51:00,0
2019-07-17 06:00:00,WIND,600702,1,HCM,1,18974,1011,180,17,180,24,545,6,6,6,6,6,NA,NA,NA,NA,2019-07-17 05:51:00,0
2019-07-17 07:00:00,WIND,600702,1,HCM,1,18974,1011,170,18,170,25,637,6,6,6,6,6,NA,NA,NA,NA,2019-07-17 06:51:00,0
2019-07-17 08:00:00,WIND,600702,1,HCM,1,18974,1011,160,20,160,30,744,6,6,6,6,6,NA,NA,NA,NA,2019-07-17 07:51:00,0
2019-07-17 09:00:00,WIND,600702,1,HCM,1,18974,1011,170,22,170,29,845,6,6,6,6,6,NA,NA,NA,NA,2019-07-17 08:55:00,0
2019-07-17 10:00:00,WIND,600702,1,HCM,1,18974,1011,160,22,160,30,927,6,6,6,6,6,NA,NA,NA,NA,2019-07-17 09:51:00,0
2019-07-17 11:00:00,WIND,600702,1,HCM,1,18974,1011,160,23,150,32,1033,6,6,6,6,6,NA,NA,NA,NA,2019-07-17 10:52:00,0
2019-07-17 12:00:00,WIND,600702,1,HCM,1,18974,1011,160,23,160,31,1055,6,6,6,6,6,NA,NA,NA,NA,2019-07-17 11:51:00,0
2019-07-17 13:00:00,WIND,600702,1,HCM,1,18974,1011,170,22,170,31,1153,6,6,6,6,6,NA,NA,NA,NA,2019-07-17 12:52:00,0
2019-07-17 14:00:00,WIND,600702,1,HCM,1,18974,1011,180,19,180,28,1252,6,6,6,6,6,NA,NA,NA,NA,2019-07-17 13:51:00,0
2019-07-17 15:00:00,WIND,600702,1,HCM,1,18974,1011,250,13,190,22,1357,6,6,6,6,6,NA,NA,NA,NA,2019-07-17 14:52:00,0
2019-07-17 16:00:00,WIND,600702,1,HCM,1,18974,1011,270,14,260,21,1516,6,6,6,6,6,NA,NA,NA,NA,2019-07-17 15:51:00,0
2019-07-17 17:00:00,WIND,600702,1,HCM,1,18974,1011,270,13,280,18,1608,6,6,6,6,6,NA,NA,NA,NA,2019-07-17 16:51:00,0
2019-07-17 18:00:00,WIND,600702,1,HCM,1,18974,1011,260,11,260,16,1650,6,6,6,6,6,NA,NA,NA,NA,2019-07-17 17:51:00,0
2019-07-17 19:00:00,WIND,600702,1,HCM,1,18974,1011,240,11,250,15,1805,6,6,6,6,6,NA,NA,NA,NA,2019-07-17 18:51:00,0
2019-07-17 20:00:00,WIND,600702,1,HCM,1,18974,1011,230,9,230,14,1859,6,6,6,6,6,NA,NA,NA,NA,2019-07-17 19:52:00,0
2019-07-17 21:00:00,WIND,600702,1,HCM,1,18974,1011,230,10,220,15,2012,6,6,6,6,6,NA,NA,NA,NA,2019-07-17 20:56:00,0
2019-07-17 22:00:00,WIND,600702,1,HCM,1,18974,1011,220,9,230,14,2051,6,6,6,6,6,NA,NA,NA,NA,2019-07-17 21:51:00,0
2019-07-17 23:00:00,WIND,600702,1,HCM,1,18974,1011,230,10,230,18,2221,6,6,6,6,6,NA,NA,NA,NA,2019-07-17 22:51:00,0
2019-07-18 00:00:00,WIND,600702,1,HCM,1,18974,1011,240,9,250,15,2253,6,6,6,6,6,NA,NA,NA,NA,2019-07-17 23:51:00,0
2019-07-18 01:00:00,WIND,600702,1,HCM,1,18974,1011,230,10,230,18,36,6,6,6,6,6,NA,NA,NA,NA,2019-07-18 00:51:00,0
2019-07-18 02:00:00,WIND,600702,1,HCM,1,18974,1011,240,11,240,17,107,6,6,6,6,6,NA,NA,NA,NA,2019-07-18 01:51:00,0
2019-07-18 03:00:00,WIND,600702,1,HCM,1,18974,1011,240,11,240,18,247,6,6,6,6,6,NA,NA,NA,NA,2019-07-18 02:52:00,0
2019-07-18 04:00:00,WIND,600702,1,HCM,1,18974,1011,230,13,220,19,342,6,6,6,6,6,NA,NA,NA,NA,2019-07-18 03:51:00,0
2019-07-18 05:00:00,WIND,600702,1,HCM,1,18974,1011,230,13,230,23,415,6,6,6,6,6,NA,NA,NA,NA,2019-07-18 04:51:00,0
2019-07-18 06:00:00,WIND,600702,1,HCM,1,18974,1011,240,12,240,18,458,6,6,6,6,6,NA,NA,NA,NA,2019-07-18 05:51:00,0
2019-07-18 07:00:00,WIND,600702,1,HCM,1,18974,1011,230,12,240,20,554,6,6,6,6,6,NA,NA,NA,NA,2019-07-18 06:51:00,0
2019-07-18 08:00:00,WIND,600702,1,HCM,1,18974,1011,230,14,230,20,715,6,6,6,6,6,NA,NA,NA,NA,2019-07-18 07:51:00,0
2019-07-18 09:00:00,WIND,600702,1,HCM,1,18974,1011,230,14,250,20,802,6,6,6,6,6,NA,NA,NA,NA,2019-07-18 08:54:00,0
2019-07-18 10:00:00,WIND,600702,1,HCM,1,18974,1011,230,15,230,22,947,6,6,6,6,6,NA,NA,NA,NA,2019-07-18 09:51:00,0
2019-07-18 11:00:00,WIND,600702,1,HCM,1,18974,1011,240,14,250,21,1046,6,6,6,6,6,NA,NA,NA,NA,2019-07-18 10:51:00,0
2019-07-18 12:00:00,WIND,600702,1,HCM,1,18974,1011,240,17,250,24,1147,6,6,6,6,6,NA,NA,NA,NA,2019-07-18 11:51:00,0
2019-07-18 13:00:00,WIND,600702,1,HCM,1,18974,1011,240,18,250,26,1243,6,6,6,6,6,NA,NA,NA,NA,2019-07-18 12:51:00,0
2019-07-18 14:00:00,WIND,600702,1,HCM,1,18974,1011,240,19,240,26,1318,6,6,6,6,6,NA,NA,NA,NA,2019-07-18 13:51:00,0
2019-07-18 15:00:00,WIND,600702,1,HCM,1,18974,1011,250,19,250,28,1436,6,6,6,6,6,NA,NA,NA,NA,2019-07-18 14:51:00,0
2019-07-18 16:00:00,WIND,600702,1,HCM,1,18974,1011,250,19,250,27,1506,6,6,6,6,6,NA,NA,NA,NA,2019-07-18 15:51:00,0
2019-07-18 17:00:00,WIND,600702,1,HCM,1,18974,1011,250,18,250,25,1603,6,6,6,6,6,NA,NA,NA,NA,2019-07-18 16:51:00,0
2019-07-18 18:00:00,WIND,600702,1,HCM,1,18974,1011,240,16,240,22,1707,6,6,6,6,6,NA,NA,NA,NA,2019-07-18 17:51:00,0
2019-07-18 19:00:00,WIND,600702,1,HCM,1,18974,1011,240,14,240,20,1800,6,6,6,6,6,NA,NA,NA,NA,2019-07-18 18:52:00,0
2019-07-18 20:00:00,WIND,600702,1,HCM,1,18974,1011,230,12,230,18,1854,6,6,6,6,6,NA,NA,NA,NA,2019-07-18 19:52:00,0
2019-07-18 21:00:00,WIND,600702,1,HCM,1,18974,1011,220,11,240,17,1950,6,6,6,6,6,NA,NA,NA,NA,2019-07-18 20:56:00,0
2019-07-18 22:00:00,WIND,600702,1,HCM,1,18974,1011,230,12,240,21,2055,6,6,6,6,6,NA,NA,NA,NA,2019-07-18 21:51:00,0
2019-07-18 23:00:00,WIND,600702,1,HCM,1,18974,1011,230,10,230,18,2248,6,6,6,6,6,NA,NA,NA,NA,2019-07-18 22:51:00,0
2019-07-19 00:00:00,WIND,600702,1,HCM,1,18974,1011,240,11,250,19,2317,6,6,6,6,6,NA,NA,NA,NA,2019-07-18 23:51:00,0
2019-07-19 01:00:00,WIND,600702,1,HCM,1,18974,1011,230,9,220,13,36,6,6,6,6,6,NA,NA,NA,NA,2019-07-19 00:51:00,0
2019-07-19 02:00:00,WIND,600702,1,HCM,1,18974,1011,230,8,230,13,100,6,6,6,6,6,NA,NA,NA,NA,2019-07-19 01:51:00,0
2019-07-19 03:00:00,WIND,600702,1,HCM,1,18974,1011,220,7,230,12,200,6,6,6,6,6,NA,NA,NA,NA,2019-07-19 02:52:00,0
2019-07-19 04:00:00,WIND,600702,1,HCM,1,18974,1011,210,7,210,11,343,6,6,6,6,6,NA,NA,NA,NA,2019-07-19 03:51:00,0
2019-07-19 05:00:00,WIND,600702,1,HCM,1,18974,1011,210,7,210,10,404,6,6,6,6,6,NA,NA,NA,NA,2019-07-19 04:51:00,0
2019-07-19 06:00:00,WIND,600702,1,HCM,1,18974,1011,220,7,230,11,549,6,6,6,6,6,NA,NA,NA,NA,2019-07-19 05:51:00,0
2019-07-19 07:00:00,WIND,600702,1,HCM,1,18974,1011,220,8,220,14,638,6,6,6,6,6,NA,NA,NA,NA,2019-07-19 06:51:00,0
2019-07-19 08:00:00,WIND,600702,1,HCM,1,18974,1011,220,10,230,14,717,6,6,6,6,6,NA,NA,NA,NA,2019-07-19 07:51:00,0
2019-07-19 09:00:00,WIND,600702,1,HCM,1,18974,1011,210,9,210,13,802,6,6,6,6,6,NA,NA,NA,NA,2019-07-19 08:53:00,0
2019-07-19 10:00:00,WIND,600702,1,HCM,1,18974,1011,170,10,180,17,932,6,6,6,6,6,NA,NA,NA,NA,2019-07-19 09:52:00,0
2019-07-19 11:00:00,WIND,600702,1,HCM,1,18974,1011,NA,NA,170,16,1013,NA,NA,6,6,6,NA,NA,NA,NA,2019-07-19 10:51:00,0
2019-07-19 12:00:00,WIND,600702,1,HCM,1,18974,1011,170,10,170,14,1100,6,6,6,6,6,NA,NA,NA,NA,2019-07-19 11:51:00,0
2019-07-19 13:00:00,WIND,600702,1,HCM,1,18974,1011,170,9,170,14,1238,6,6,6,6,6,NA,NA,NA,NA,2019-07-19 12:51:00,0
2019-07-19 14:00:00,WIND,600702,1,HCM,1,18974,1011,170,9,180,12,1313,6,6,6,6,6,NA,NA,NA,NA,2019-07-19 13:52:00,0
2019-07-19 15:00:00,WIND,600702,1,HCM,1,18974,1011,170,7,160,11,1354,6,6,6,6,6,NA,NA,NA,NA,2019-07-19 14:52:00,0
2019-07-19 16:00:00,WIND,600702,1,HCM,1,18974,1011,150,6,240,11,1501,6,6,6,6,6,NA,NA,NA,NA,2019-07-19 15:53:00,0
2019-07-19 17:00:00,WIND,600702,1,HCM,1,18974,1011,140,4,70,9,1642,6,6,6,6,6,NA,NA,NA,NA,2019-07-19 16:52:00,0
2019-07-19 18:00:00,WIND,600702,1,HCM,1,18974,1011,360,6,10,9,1658,6,6,6,6,6,NA,NA,NA,NA,2019-07-19 17:53:00,0
2019-07-19 19:00:00,WIND,600702,1,HCM,1,18974,1011,360,7,360,9,1837,6,6,6,6,6,NA,NA,NA,NA,2019-07-19 18:53:00,0
2019-07-19 20:00:00,WIND,600702,1,HCM,1,18974,1011,10,7,10,9,1905,6,6,6,6,6,NA,NA,NA,NA,2019-07-19 19:53:00,0
2019-07-19 21:00:00,WIND,600702,1,HCM,1,18974,1011,20,7,30,10,2033,6,6,6,6,6,NA,NA,NA,NA,2019-07-19 20:54:00,0
2019-07-19 22:00:00,WIND,600702,1,HCM,1,18974,1011,20,6,30,9,2139,6,6,6,6,6,NA,NA,NA,NA,2019-07-19 21:51:00,0
2019-07-19 23:00:00,WIND,600702,1,HCM,1,18974,1011,10,7,360,10,2239,6,6,6,6,6,NA,NA,NA,NA,2019-07-19 22:51:00,0
2019-07-20 00:00:00,WIND,600702,1,HCM,1,18974,1011,360,8,350,11,2259,6,6,6,6,6,NA,NA,NA,NA,2019-07-19 23:51:00,0
2019-07-20 01:00:00,WIND,600702,1,HCM,1,18974,1011,20,8,20,11,44,6,6,6,6,6,NA,NA,NA,NA,2019-07-20 00:51:00,0
2019-07-20 02:00:00,WIND,600702,1,HCM,1,18974,1011,10,7,10,11,108,6,6,6,6,6,NA,NA,NA,NA,2019-07-20 01:51:00,0
2019-07-20 03:00:00,WIND,600702,1,HCM,1,18974,1011,350,7,340,12,245,6,6,6,6,6,NA,NA,NA,NA,2019-07-20 02:51:00,0
2019-07-20 04:00:00,WIND,600702,1,HCM,1,18974,1011,340,11,340,16,339,6,6,6,6,6,NA,NA,NA,NA,2019-07-20 03:51:00,0
2019-07-20 05:00:00,WIND,600702,1,HCM,1,18974,1011,330,11,330,16,423,6,6,6,6,6,NA,NA,NA,NA,2019-07-20 04:51:00,0
2019-07-20 06:00:00,WIND,600702,1,HCM,1,18974,1011,320,12,320,17,534,6,6,6,6,6,NA,NA,NA,NA,2019-07-20 05:51:00,0
2019-07-20 07:00:00,WIND,600702,1,HCM,1,18974,1011,320,13,310,17,635,6,6,6,6,6,NA,NA,NA,NA,2019-07-20 06:51:00,0
2019-07-20 08:00:00,WIND,600702,1,HCM,1,18974,1011,320,13,330,18,650,6,6,6,6,6,NA,NA,NA,NA,2019-07-20 07:51:00,0
2019-07-20 09:00:00,WIND,600702,1,HCM,1,18974,1011,310,13,320,17,811,6,6,6,6,6,NA,NA,NA,NA,2019-07-20 08:54:00,0
2019-07-20 10:00:00,WIND,600702,1,HCM,1,18974,1011,300,14,310,21,908,6,6,6,6,6,NA,NA,NA,NA,2019-07-20 09:51:00,0
2019-07-20 11:00:00,WIND,600702,1,HCM,1,18974,1011,300,13,290,18,1027,6,6,6,6,6,NA,NA,NA,NA,2019-07-20 10:51:00,0
2019-07-20 12:00:00,WIND,600702,1,HCM,1,18974,1011,290,14,290,19,1141,6,6,6,6,6,NA,NA,NA,NA,2019-07-20 11:51:00,0
2019-07-20 13:00:00,WIND,600702,1,HCM,1,18974,1011,290,12,280,18,1238,6,6,6,6,6,NA,NA,NA,NA,2019-07-20 12:51:00,0
2019-07-20 14:00:00,WIND,600702,1,HCM,1,18974,1011,290,12,300,19,1303,6,6,6,6,6,NA,NA,NA,NA,2019-07-20 13:51:00,0
2019-07-20 15:00:00,WIND,600702,1,HCM,1,18974,1011,260,14,260,20,1403,6,6,6,6,6,NA,NA,NA,NA,2019-07-20 14:51:00,0
2019-07-20 16:00:00,WIND,600702,1,HCM,1,18974,1011,260,12,240,17,1535,6,6,6,6,6,NA,NA,NA,NA,2019-07-20 15:51:00,0
2019-07-20 17:00:00,WIND,600702,1,HCM,1,18974,1011,250,12,240,18,1558,6,6,6,6,6,NA,NA,NA,NA,2019-07-20 16:51:00,0
2019-07-20 18:00:00,WIND,600702,1,HCM,1,18974,1011,230,11,230,16,1704,6,6,6,6,6,NA,NA,NA,NA,2019-07-20 17:51:00,0
2019-07-20 19:00:00,WIND,600702,1,HCM,1,18974,1011,230,11,240,16,1814,6,6,6,6,6,NA,NA,NA,NA,2019-07-20 18:51:00,0
2019-07-20 20:00:00,WIND,600702,1,HCM,1,18974,1011,220,9,240,14,1850,6,6,6,6,6,NA,NA,NA,NA,2019-07-20 19:51:00,0
2019-07-20 21:00:00,WIND,600702,1,HCM,1,18974,1011,220,9,220,13,2012,6,6,6,6,6,NA,NA,NA,NA,2019-07-20 20:55:00,0
2019-07-20 22:00:00,WIND,600702,1,HCM,1,18974,1011,220,9,230,14,2137,6,6,6,6,6,NA,NA,NA,NA,2019-07-20 21:51:00,0
2019-07-20 23:00:00,WIND,600702,1,HCM,1,18974,1011,220,9,220,14,2217,6,6,6,6,6,NA,NA,NA,NA,2019-07-20 22:51:00,0
2019-07-21 00:00:00,WIND,600702,1,HCM,1,18974,1011,220,8,230,13,2259,6,6,6,6,6,NA,NA,NA,NA,2019-07-20 23:51:00,0
2019-07-21 01:00:00,WIND,600702,1,HCM,1,18974,1011,220,9,230,15,27,6,6,6,6,6,NA,NA,NA,NA,2019-07-21 00:51:00,0
2019-07-21 02:00:00,WIND,600702,1,HCM,1,18974,1011,220,9,220,15,135,6,6,6,6,6,NA,NA,NA,NA,2019-07-21 01:51:00,0
2019-07-21 03:00:00,WIND,600702,1,HCM,1,18974,1011,210,8,220,13,236,6,6,6,6,6,NA,NA,NA,NA,2019-07-21 02:51:00,0
2019-07-21 04:00:00,WIND,600702,1,HCM,1,18974,1011,210,9,220,12,255,6,6,6,6,6,NA,NA,NA,NA,2019-07-21 03:51:00,0
2019-07-21 05:00:00,WIND,600702,1,HCM,1,18974,1011,210,9,220,14,440,6,6,6,6,6,NA,NA,NA,NA,2019-07-21 04:51:00,0
2019-07-21 06:00:00,WIND,600702,1,HCM,1,18974,1011,210,9,200,13,523,6,6,6,6,6,NA,NA,NA,NA,2019-07-21 05:51:00,0
2019-07-21 07:00:00,WIND,600702,1,HCM,1,18974,1011,200,11,210,16,616,6,6,6,6,6,NA,NA,NA,NA,2019-07-21 06:51:00,0
2019-07-21 08:00:00,WIND,600702,1,HCM,1,18974,1011,190,13,180,18,744,6,6,6,6,6,NA,NA,NA,NA,2019-07-21 07:51:00,0
2019-07-21 09:00:00,WIND,600702,1,HCM,1,18974,1011,180,14,170,22,848,6,6,6,6,6,NA,NA,NA,NA,2019-07-21 08:53:00,0
2019-07-21 10:00:00,WIND,600702,1,HCM,1,18974,1011,180,15,180,23,928,6,6,6,6,6,NA,NA,NA,NA,2019-07-21 09:52:00,0
2019-07-21 11:00:00,WIND,600702,1,HCM,1,18974,1011,170,13,170,20,1036,6,6,6,6,6,NA,NA,NA,NA,2019-07-21 10:51:00,0
2019-07-21 12:00:00,WIND,600702,1,HCM,1,18974,1011,170,15,170,20,1149,6,6,6,6,6,NA,NA,NA,NA,2019-07-21 11:52:00,0
2019-07-21 13:00:00,WIND,600702,1,HCM,1,18974,1011,170,18,170,25,1240,6,6,6,6,6,NA,NA,NA,NA,2019-07-21 12:51:00,0
2019-07-21 14:00:00,WIND,600702,1,HCM,1,18974,1011,160,20,150,30,1327,6,6,6,6,6,NA,NA,NA,NA,2019-07-21 13:51:00,0
2019-07-21 15:00:00,WIND,600702,1,HCM,1,18974,1011,150,22,150,32,1418,6,6,6,6,6,NA,NA,NA,NA,2019-07-21 14:51:00,0
2019-07-21 16:00:00,WIND,600702,1,HCM,1,18974,1011,150,23,160,34,1548,6,6,6,6,6,NA,NA,NA,NA,2019-07-21 15:51:00,0
2019-07-21 17:00:00,WIND,600702,1,HCM,1,18974,1011,160,24,150,37,1646,6,6,6,6,6,NA,NA,NA,NA,2019-07-21 16:51:00,0
2019-07-21 18:00:00,WIND,600702,1,HCM,1,18974,1011,160,24,170,32,1737,6,6,6,6,6,NA,NA,NA,NA,2019-07-21 17:51:00,0
2019-07-21 19:00:00,WIND,600702,1,HCM,1,18974,1011,180,20,170,29,1750,6,6,6,6,6,NA,NA,NA,NA,2019-07-21 18:51:00,0
2019-07-21 20:00:00,WIND,600702,1,HCM,1,18974,1011,180,17,180,23,1916,6,6,6,6,6,NA,NA,NA,NA,2019-07-21 19:51:00,0
2019-07-21 21:00:00,WIND,600702,1,HCM,1,18974,1011,180,18,180,28,2036,6,6,6,6,6,NA,NA,NA,NA,2019-07-21 20:54:00,0
2019-07-21 22:00:00,WIND,600702,1,HCM,1,18974,1011,180,17,170,25,2055,6,6,6,6,6,NA,NA,NA,NA,2019-07-21 21:51:00,0
2019-07-21 23:00:00,WIND,600702,1,HCM,1,18974,1011,200,11,190,21,2159,6,6,6,6,6,NA,NA,NA,NA,2019-07-21 22:51:00,0
2019-07-22 00:00:00,WIND,600702,1,HCM,1,18974,1011,210,8,220,14,2305,6,6,6,6,6,NA,NA,NA,NA,2019-07-21 23:51:00,0
2019-07-22 01:00:00,WIND,600702,1,HCM,1,18974,1011,220,7,250,12,35,6,6,6,6,6,NA,NA,NA,NA,2019-07-22 00:51:00,0
2019-07-22 02:00:00,WIND,600702,1,HCM,1,18974,1011,220,8,210,13,147,6,6,6,6,6,NA,NA,NA,NA,2019-07-22 01:51:00,0
2019-07-22 03:00:00,WIND,600702,1,HCM,1,18974,1011,220,9,220,13,230,6,6,6,6,6,NA,NA,NA,NA,2019-07-22 02:51:00,0
2019-07-22 04:00:00,WIND,600702,1,HCM,1,18974,1011,200,10,190,15,322,6,6,6,6,6,NA,NA,NA,NA,2019-07-22 03:51:00,0
2019-07-22 05:00:00,WIND,600702,1,HCM,1,18974,1011,190,8,200,11,425,6,6,6,6,6,NA,NA,NA,NA,2019-07-22 04:51:00,0
2019-07-22 06:00:00,WIND,600702,1,HCM,1,18974,1011,160,9,170,15,540,6,6,6,6,6,NA,NA,NA,NA,2019-07-22 05:51:00,0
2019-07-22 07:00:00,WIND,600702,1,HCM,1,18974,1011,210,15,220,24,624,6,6,6,6,6,NA,NA,NA,NA,2019-07-22 06:51:00,0
2019-07-22 08:00:00,WIND,600702,1,HCM,1,18974,1011,220,17,220,25,748,6,6,6,6,6,NA,NA,NA,NA,2019-07-22 07:51:00,0
2019-07-22 09:00:00,WIND,600702,1,HCM,1,18974,1011,210,19,210,30,848,6,6,6,6,6,NA,NA,NA,NA,2019-07-22 08:53:00,0
2019-07-22 10:00:00,WIND,600702,1,HCM,1,18974,1011,220,21,210,32,859,6,6,6,6,6,NA,NA,NA,NA,2019-07-22 09:52:00,0
2019-07-22 11:00:00,WIND,600702,1,HCM,1,18974,1011,220,20,220,30,1008,6,6,6,6,6,NA,NA,NA,NA,2019-07-22 10:53:00,0
2019-07-22 12:00:00,WIND,600702,1,HCM,1,18974,1011,210,21,210,32,1147,6,6,6,6,6,NA,NA,NA,NA,2019-07-22 11:51:00,0
2019-07-22 13:00:00,WIND,600702,1,HCM,1,18974,1011,210,21,210,30,1154,6,6,6,6,6,NA,NA,NA,NA,2019-07-22 12:51:00,0
2019-07-22 14:00:00,WIND,600702,1,HCM,1,18974,1011,210,20,210,32,1253,6,6,6,6,6,NA,NA,NA,NA,2019-07-22 13:51:00,0
2019-07-22 15:00:00,WIND,600702,1,HCM,1,18974,1011,210,20,210,29,1447,6,6,6,6,6,NA,NA,NA,NA,2019-07-22 14:52:00,0
2019-07-22 16:00:00,WIND,600702,1,HCM,1,18974,1011,220,19,210,30,1549,6,6,6,6,6,NA,NA,NA,NA,2019-07-22 15:51:00,0
2019-07-22 17:00:00,WIND,600702,1,HCM,1,18974,1011,210,19,210,29,1625,6,6,6,6,6,NA,NA,NA,NA,2019-07-22 16:51:00,0
2019-07-22 18:00:00,WIND,600702,1,HCM,1,18974,1011,200,16,210,26,1708,6,6,6,6,6,NA,NA,NA,NA,2019-07-22 17:51:00,0
2019-07-22 19:00:00,WIND,600702,1,HCM,1,18974,1011,200,16,210,27,1822,6,6,6,6,6,NA,NA,NA,NA,2019-07-22 18:51:00,0
2019-07-22 20:00:00,WIND,600702,1,HCM,1,18974,1011,180,12,190,21,1856,6,6,6,6,6,NA,NA,NA,NA,2019-07-22 19:51:00,0
2019-07-22 21:00:00,WIND,600702,1,HCM,1,18974,1011,180,11,180,17,2042,6,6,6,6,6,NA,NA,NA,NA,2019-07-22 20:53:00,0
2019-07-22 22:00:00,WIND,600702,1,HCM,1,18974,1011,190,15,190,23,2146,6,6,6,6,6,NA,NA,NA,NA,2019-07-22 21:52:00,0
2019-07-22 23:00:00,WIND,600702,1,HCM,1,18974,1011,190,18,170,27,2204,6,6,6,6,6,NA,NA,NA,NA,2019-07-22 22:51:00,0
2019-07-23 00:00:00,WIND,600702,1,HCM,1,18974,1011,190,16,180,21,2305,6,6,6,6,6,NA,NA,NA,NA,2019-07-22 23:51:00,0
2019-07-23 01:00:00,WIND,600702,1,HCM,1,18974,1011,180,14,180,22,2350,6,6,6,6,6,NA,NA,NA,NA,2019-07-23 00:51:00,0
2019-07-23 02:00:00,WIND,600702,1,HCM,1,18974,1011,180,15,180,21,133,6,6,6,6,6,NA,NA,NA,NA,2019-07-23 01:51:00,0
2019-07-23 03:00:00,WIND,600702,1,HCM,1,18974,1011,170,14,160,20,248,6,6,6,6,6,NA,NA,NA,NA,2019-07-23 02:51:00,0
2019-07-23 04:00:00,WIND,600702,1,HCM,1,18974,1011,160,18,170,25,339,6,6,6,6,6,NA,NA,NA,NA,2019-07-23 03:51:00,0
2019-07-23 05:00:00,WIND,600702,1,HCM,1,18974,1011,170,19,180,25,432,6,6,6,6,6,NA,NA,NA,NA,2019-07-23 04:51:00,0
2019-07-23 06:00:00,WIND,600702,1,HCM,1,18974,1011,170,18,170,25,450,6,6,6,6,6,NA,NA,NA,NA,2019-07-23 05:51:00,0
2019-07-23 07:00:00,WIND,600702,1,HCM,1,18974,1011,160,17,170,24,648,6,6,6,6,6,NA,NA,NA,NA,2019-07-23 06:51:00,0
2019-07-23 08:00:00,WIND,600702,1,HCM,1,18974,1011,160,19,160,26,748,6,6,6,6,6,NA,NA,NA,NA,2019-07-23 07:51:00,0
2019-07-23 09:00:00,WIND,600702,1,HCM,1,18974,1011,160,20,170,29,825,6,6,6,6,6,NA,NA,NA,NA,2019-07-23 08:56:00,0
2019-07-23 10:00:00,WIND,600702,1,HCM,1,18974,1011,160,19,160,27,906,6,6,6,6,6,NA,NA,NA,NA,2019-07-23 09:51:00,0
2019-07-23 11:00:00,WIND,600702,1,HCM,1,18974,1011,160,19,160,25,1031,6,6,6,6,6,NA,NA,NA,NA,2019-07-23 10:51:00,0
2019-07-23 12:00:00,WIND,600702,1,HCM,1,18974,1011,150,18,150,25,1050,6,6,6,6,6,NA,NA,NA,NA,2019-07-23 11:51:00,0
2019-07-23 13:00:00,WIND,600702,1,HCM,1,18974,1011,140,17,150,24,1157,6,6,6,6,6,NA,NA,NA,NA,2019-07-23 12:53:00,0
2019-07-23 14:00:00,WIND,600702,1,HCM,1,18974,1011,140,17,140,23,1334,6,6,6,6,6,NA,NA,NA,NA,2019-07-23 13:53:00,0
2019-07-23 15:00:00,WIND,600702,1,HCM,1,18974,1011,140,17,140,24,1433,6,6,6,6,6,NA,NA,NA,NA,2019-07-23 14:53:00,0
2019-07-23 16:00:00,WIND,600702,1,HCM,1,18974,1011,140,17,140,23,1506,6,6,6,6,6,NA,NA,NA,NA,2019-07-23 15:51:00,0
2019-07-23 17:00:00,WIND,600702,1,HCM,1,18974,1011,140,17,140,24,1608,6,6,6,6,6,NA,NA,NA,NA,2019-07-23 16:51:00,0
2019-07-23 18:00:00,WIND,600702,1,HCM,1,18974,1011,140,17,140,22,1748,6,6,6,6,6,NA,NA,NA,NA,2019-07-23 17:51:00,0
2019-07-23 19:00:00,WIND,600702,1,HCM,1,18974,1011,140,17,140,24,1813,6,6,6,6,6,NA,NA,NA,NA,2019-07-23 18:51:00,0
2019-07-23 20:00:00,WIND,600702,1,HCM,1,18974,1011,140,16,130,21,1854,6,6,6,6,6,NA,NA,NA,NA,2019-07-23 19:51:00,0
2019-07-23 21:00:00,WIND,600702,1,HCM,1,18974,1011,140,16,130,22,2030,6,6,6,6,6,NA,NA,NA,NA,2019-07-23 20:54:00,0
2019-07-23 22:00:00,WIND,600702,1,HCM,1,18974,1011,140,15,140,20,2105,6,6,6,6,6,NA,NA,NA,NA,2019-07-23 21:52:00,0
2019-07-23 23:00:00,WIND,600702,1,HCM,1,18974,1011,140,13,140,19,2231,6,6,6,6,6,NA,NA,NA,NA,2019-07-23 22:52:00,0
2019-07-24 00:00:00,WIND,600702,1,HCM,1,18974,1011,140,11,140,17,2300,6,6,6,6,6,NA,NA,NA,NA,2019-07-23 23:51:00,0
2019-07-24 01:00:00,WIND,600702,1,HCM,1,18974,1011,130,9,130,15,10,6,6,6,6,6,NA,NA,NA,NA,2019-07-24 00:51:00,0
2019-07-24 02:00:00,WIND,600702,1,HCM,1,18974,1011,140,9,130,13,132,6,6,6,6,6,NA,NA,NA,NA,2019-07-24 01:51:00,0
2019-07-24 03:00:00,WIND,600702,1,HCM,1,18974,1011,160,7,160,10,246,6,6,6,6,6,NA,NA,NA,NA,2019-07-24 02:51:00,0
2019-07-24 04:00:00,WIND,600702,1,HCM,1,18974,1011,160,7,150,11,330,6,6,6,6,6,NA,NA,NA,NA,2019-07-24 03:51:00,0
2019-07-24 05:00:00,WIND,600702,1,HCM,1,18974,1011,170,9,180,12,443,6,6,6,6,6,NA,NA,NA,NA,2019-07-24 04:51:00,0
2019-07-24 06:00:00,WIND,600702,1,HCM,1,18974,1011,180,11,180,15,526,6,6,6,6,6,NA,NA,NA,NA,2019-07-24 05:51:00,0
2019-07-24 07:00:00,WIND,600702,1,HCM,1,18974,1011,180,10,180,14,603,6,6,6,6,6,NA,NA,NA,NA,2019-07-24 06:51:00,0
2019-07-24 08:00:00,WIND,600702,1,HCM,1,18974,1011,190,10,200,17,746,6,6,6,6,6,NA,NA,NA,NA,2019-07-24 07:51:00,0
2019-07-24 09:00:00,WIND,600702,1,HCM,1,18974,1011,180,11,200,17,759,6,6,6,6,6,NA,NA,NA,NA,2019-07-24 08:54:00,0
2019-07-24 10:00:00,WIND,600702,1,HCM,1,18974,1011,180,10,170,14,928,6,6,6,6,6,NA,NA,NA,NA,2019-07-24 09:53:00,0
2019-07-24 11:00:00,WIND,600702,1,HCM,1,18974,1011,170,9,180,13,1039,6,6,6,6,6,NA,NA,NA,NA,2019-07-24 10:53:00,0
2019-07-24 12:00:00,WIND,600702,1,HCM,1,18974,1011,180,13,180,21,1132,6,6,6,6,6,NA,NA,NA,NA,2019-07-24 11:53:00,0
2019-07-24 13:00:00,WIND,600702,1,HCM,1,18974,1011,180,13,180,19,1156,6,6,6,6,6,NA,NA,NA,NA,2019-07-24 12:53:00,0
2019-07-24 14:00:00,WIND,600702,1,HCM,1,18974,1011,180,12,180,16,1255,6,6,6,6,6,NA,NA,NA,NA,2019-07-24 13:52:00,0
2019-07-24 15:00:00,WIND,600702,1,HCM,1,18974,1011,210,13,210,18,1425,6,6,6,6,6,NA,NA,NA,NA,2019-07-24 14:51:00,0
2019-07-24 16:00:00,WIND,600702,1,HCM,1,18974,1011,200,11,190,18,1534,6,6,6,6,6,NA,NA,NA,NA,2019-07-24 15:52:00,0
2019-07-24 17:00:00,WIND,600702,1,HCM,1,18974,1011,180,10,210,15,1601,6,6,6,6,6,NA,NA,NA,NA,2019-07-24 16:51:00,0
2019-07-24 18:00:00,WIND,600702,1,HCM,1,18974,1011,160,8,150,12,1658,6,6,6,6,6,NA,NA,NA,NA,2019-07-24 17:51:00,0
2019-07-24 19:00:00,WIND,600702,1,HCM,1,18974,1011,160,7,140,11,1833,6,6,6,6,6,NA,NA,NA,NA,2019-07-24 18:51:00,0
2019-07-24 20:00:00,WIND,600702,1,HCM,1,18974,1011,140,6,140,9,1903,6,6,6,6,6,NA,NA,NA,NA,2019-07-24 19:51:00,0
2019-07-24 21:00:00,WIND,600702,1,HCM,1,18974,1011,150,5,140,8,2049,6,6,6,6,6,NA,NA,NA,NA,2019-07-24 20:56:00,0
2019-07-24 22:00:00,WIND,600702,1,HCM,1,18974,1011,120,7,120,11,2143,6,6,6,6,6,NA,NA,NA,NA,2019-07-24 21:51:00,0
2019-07-24 23:00:00,WIND,600702,1,HCM,1,18974,1011,120,6,110,10,2207,6,6,6,6,6,NA,NA,NA,NA,2019-07-24 22:51:00,0
2019-07-25 00:00:00,WIND,600702,1,HCM,1,18974,1011,120,13,130,19,2327,6,6,6,6,6,NA,NA,NA,NA,2019-07-24 23:51:00,0
2019-07-25 01:00:00,WIND,600702,1,HCM,1,18974,1011,130,17,130,23,46,6,6,6,6,6,NA,NA,NA,NA,2019-07-25 00:51:00,0
2019-07-25 02:00:00,WIND,600702,1,HCM,1,18974,1011,130,18,130,24,112,6,6,6,6,6,NA,NA,NA,NA,2019-07-25 01:51:00,0
2019-07-25 03:00:00,WIND,600702,1,HCM,1,18974,1011,130,16,120,22,240,6,6,6,6,6,NA,NA,NA,NA,2019-07-25 02:51:00,0
2019-07-25 04:00:00,WIND,600702,1,HCM,1,18974,1011,130,16,130,23,322,6,6,6,6,6,NA,NA,NA,NA,2019-07-25 03:51:00,0
2019-07-25 05:00:00,WIND,600702,1,HCM,1,18974,1011,130,16,130,22,424,6,6,6,6,6,NA,NA,NA,NA,2019-07-25 04:52:00,0
2019-07-25 06:00:00,WIND,600702,1,HCM,1,18974,1011,130,16,130,21,542,6,6,6,6,6,NA,NA,NA,NA,2019-07-25 05:51:00,0
2019-07-25 07:00:00,WIND,600702,1,HCM,1,18974,1011,130,17,130,23,608,6,6,6,6,6,NA,NA,NA,NA,2019-07-25 06:51:00,0
2019-07-25 08:00:00,WIND,600702,1,HCM,1,18974,1011,120,16,120,21,701,6,6,6,6,6,NA,NA,NA,NA,2019-07-25 07:51:00,0
2019-07-25 09:00:00,WIND,600702,1,HCM,1,18974,1011,120,16,120,23,820,6,6,6,6,6,NA,NA,NA,NA,2019-07-25 08:56:00,0
2019-07-25 10:00:00,WIND,600702,1,HCM,1,18974,1011,120,16,130,23,934,6,6,6,6,6,NA,NA,NA,NA,2019-07-25 09:51:00,0
2019-07-25 11:00:00,WIND,600702,1,HCM,1,18974,1011,130,16,120,22,1000,6,6,6,6,6,NA,NA,NA,NA,2019-07-25 10:51:00,0
2019-07-25 12:00:00,WIND,600702,1,HCM,1,18974,1011,120,16,120,22,1124,6,6,6,6,6,NA,NA,NA,NA,2019-07-25 11:51:00,0
2019-07-25 13:00:00,WIND,600702,1,HCM,1,18974,1011,120,16,120,23,1239,6,6,6,6,6,NA,NA,NA,NA,2019-07-25 12:51:00,0
2019-07-25 14:00:00,WIND,600702,1,HCM,1,18974,1011,120,16,130,24,1344,6,6,6,6,6,NA,NA,NA,NA,2019-07-25 13:51:00,0
2019-07-25 15:00:00,WIND,600702,1,HCM,1,18974,1011,130,20,140,29,1432,6,6,6,6,6,NA,NA,NA,NA,2019-07-25 14:52:00,0
2019-07-25 16:00:00,WIND,600702,1,HCM,1,18974,1011,140,20,140,29,1457,6,6,6,6,6,NA,NA,NA,NA,2019-07-25 15:52:00,0
2019-07-25 17:00:00,WIND,600702,1,HCM,1,18974,1011,140,22,140,29,1647,6,6,6,6,6,NA,NA,NA,NA,2019-07-25 16:52:00,0
2019-07-25 18:00:00,WIND,600702,1,HCM,1,18974,1011,140,23,130,29,1701,6,6,6,6,6,NA,NA,NA,NA,2019-07-25 17:51:00,0
2019-07-25 19:00:00,WIND,600702,1,HCM,1,18974,1011,140,22,130,28,1808,6,6,6,6,6,NA,NA,NA,NA,2019-07-25 18:52:00,0
2019-07-25 20:00:00,WIND,600702,1,HCM,1,18974,1011,140,20,140,26,1912,6,6,6,6,6,NA,NA,NA,NA,2019-07-25 19:52:00,0
2019-07-25 21:00:00,WIND,600702,1,HCM,1,18974,1011,140,18,140,24,1959,6,6,6,6,6,NA,NA,NA,NA,2019-07-25 20:54:00,0
2019-07-25 22:00:00,WIND,600702,1,HCM,1,18974,1011,140,17,130,23,2147,6,6,6,6,6,NA,NA,NA,NA,2019-07-25 21:52:00,0
2019-07-25 23:00:00,WIND,600702,1,HCM,1,18974,1011,140,19,130,26,2216,6,6,6,6,6,NA,NA,NA,NA,2019-07-25 22:51:00,0
2019-07-26 00:00:00,WIND,600702,1,HCM,1,18974,1011,140,19,130,24,2314,6,6,6,6,6,NA,NA,NA,NA,2019-07-25 23:54:00,0
2019-07-26 01:00:00,WIND,600702,1,HCM,1,18974,1011,140,19,140,26,33,6,6,6,6,6,NA,NA,NA,NA,2019-07-26 00:58:00,0
2019-07-26 02:00:00,WIND,600702,1,HCM,1,18974,1011,140,20,140,30,124,6,6,6,6,6,NA,NA,NA,NA,2019-07-26 01:54:00,0
2019-07-26 03:00:00,WIND,600702,1,HCM,1,18974,1011,140,21,140,28,213,6,6,6,6,6,NA,NA,NA,NA,2019-07-26 02:52:00,0
2019-07-26 04:00:00,WIND,600702,1,HCM,1,18974,1011,140,22,140,30,348,6,6,6,6,6,NA,NA,NA,NA,2019-07-26 03:53:00,0
2019-07-26 05:00:00,WIND,600702,1,HCM,1,18974,1011,140,24,140,32,438,6,6,6,6,6,NA,NA,NA,NA,2019-07-26 04:52:00,0
2019-07-26 06:00:00,WIND,600702,1,HCM,1,18974,1011,140,23,140,32,452,6,6,6,6,6,NA,NA,NA,NA,2019-07-26 05:54:00,0
2019-07-26 07:00:00,WIND,600702,1,HCM,1,18974,1011,140,20,140,28,553,6,6,6,6,6,NA,NA,NA,NA,2019-07-26 06:51:00,0
2019-07-26 08:00:00,WIND,600702,1,HCM,1,18974,1011,130,18,130,25,742,6,6,6,6,6,NA,NA,NA,NA,2019-07-26 07:51:00,0
2019-07-26 09:00:00,WIND,600702,1,HCM,1,18974,1011,140,21,140,28,840,6,6,6,6,6,NA,NA,NA,NA,2019-07-26 08:55:00,0
2019-07-26 10:00:00,WIND,600702,1,HCM,1,18974,1011,130,21,140,27,905,6,6,6,6,6,NA,NA,NA,NA,2019-07-26 09:52:00,0
2019-07-26 11:00:00,WIND,600702,1,HCM,1,18974,1011,130,19,140,26,1041,6,6,6,6,6,NA,NA,NA,NA,2019-07-26 10:53:00,0
2019-07-26 12:00:00,WIND,600702,1,HCM,1,18974,1011,140,20,130,28,1149,6,6,6,6,6,NA,NA,NA,NA,2019-07-26 11:53:00,0
2019-07-26 13:00:00,WIND,600702,1,HCM,1,18974,1011,130,20,130,27,1218,6,6,6,6,6,NA,NA,NA,NA,2019-07-26 12:52:00,0
2019-07-26 14:00:00,WIND,600702,1,HCM,1,18974,1011,130,18,140,26,1335,6,6,6,6,6,NA,NA,NA,NA,2019-07-26 13:51:00,0
2019-07-26 15:00:00,WIND,600702,1,HCM,1,18974,1011,140,17,150,27,1449,6,6,6,6,6,NA,NA,NA,NA,2019-07-26 14:52:00,0
2019-07-26 16:00:00,WIND,600702,1,HCM,1,18974,1011,140,21,150,28,1454,6,6,6,6,6,NA,NA,NA,NA,2019-07-26 15:51:00,0
2019-07-26 17:00:00,WIND,600702,1,HCM,1,18974,1011,140,18,130,24,1621,6,6,6,6,6,NA,NA,NA,NA,2019-07-26 17:40:00,0
2019-07-26 18:00:00,WIND,600702,1,HCM,1,18974,1011,180,13,180,23,1656,6,6,6,6,6,NA,NA,NA,NA,2019-07-26 17:51:00,0
2019-07-26 19:00:00,WIND,600702,1,HCM,1,18974,1011,180,8,170,11,1801,6,6,6,6,6,NA,NA,NA,NA,2019-07-26 18:51:00,0
2019-07-26 20:00:00,WIND,600702,1,HCM,1,18974,1011,170,8,180,11,1908,6,6,6,6,6,NA,NA,NA,NA,2019-07-26 19:52:00,0
2019-07-26 21:00:00,WIND,600702,1,HCM,1,18974,1011,160,7,170,11,2012,6,6,6,6,6,NA,NA,NA,NA,2019-07-26 20:53:00,0
2019-07-26 22:00:00,WIND,600702,1,HCM,1,18974,1011,170,6,160,9,2107,6,6,6,6,6,NA,NA,NA,NA,2019-07-26 21:51:00,0
2019-07-26 23:00:00,WIND,600702,1,HCM,1,18974,1011,150,5,160,7,2210,6,6,6,6,6,NA,NA,NA,NA,2019-07-26 22:51:00,0
2019-07-27 00:00:00,WIND,600702,1,HCM,1,18974,1011,170,5,170,8,2310,6,6,6,6,6,NA,NA,NA,NA,2019-07-26 23:51:00,0
2019-07-27 01:00:00,WIND,600702,1,HCM,1,18974,1011,170,4,170,6,4,6,6,6,6,6,NA,NA,NA,NA,2019-07-27 00:51:00,0
2019-07-27 02:00:00,WIND,600702,1,HCM,1,18974,1011,140,4,150,6,58,6,6,6,6,6,NA,NA,NA,NA,2019-07-27 01:51:00,0
2019-07-27 03:00:00,WIND,600702,1,HCM,1,18974,1011,120,5,130,6,230,6,6,6,6,6,NA,NA,NA,NA,2019-07-27 02:51:00,0
2019-07-27 04:00:00,WIND,600702,1,HCM,1,18974,1011,150,3,160,5,320,6,6,6,6,6,NA,NA,NA,NA,2019-07-27 03:51:00,0
2019-07-27 05:00:00,WIND,600702,1,HCM,1,18974,1011,150,2,150,3,435,6,6,6,6,6,NA,NA,NA,NA,2019-07-27 04:51:00,0
2019-07-27 06:00:00,WIND,600702,1,HCM,1,18974,1011,180,2,230,5,522,6,6,6,6,6,NA,NA,NA,NA,2019-07-27 05:51:00,0
2019-07-27 07:00:00,WIND,600702,1,HCM,1,18974,1011,220,3,230,6,647,6,6,6,6,6,NA,NA,NA,NA,2019-07-27 06:51:00,0
2019-07-27 08:00:00,WIND,600702,1,HCM,1,18974,1011,230,6,240,8,736,6,6,6,6,6,NA,NA,NA,NA,2019-07-27 07:51:00,0
2019-07-27 09:00:00,WIND,600702,1,HCM,1,18974,1011,250,5,250,8,847,6,6,6,6,6,NA,NA,NA,NA,2019-07-27 08:53:00,0
2019-07-27 10:00:00,WIND,600702,1,HCM,1,18974,1011,260,8,250,13,941,6,6,6,6,6,NA,NA,NA,NA,2019-07-27 09:51:00,0
2019-07-27 11:00:00,WIND,600702,1,HCM,1,18974,1011,260,8,260,12,1004,6,6,6,6,6,NA,NA,NA,NA,2019-07-27 10:51:00,0
2019-07-27 12:00:00,WIND,600702,1,HCM,1,18974,1011,260,5,260,9,1052,6,6,6,6,6,NA,NA,NA,NA,2019-07-27 11:51:00,0
2019-07-27 13:00:00,WIND,600702,1,HCM,1,18974,1011,280,4,300,7,1213,6,6,6,6,6,NA,NA,NA,NA,2019-07-27 12:51:00,0
2019-07-27 14:00:00,WIND,600702,1,HCM,1,18974,1011,280,4,280,8,1334,6,6,6,6,6,NA,NA,NA,NA,2019-07-27 13:52:00,0
2019-07-27 15:00:00,WIND,600702,1,HCM,1,18974,1011,290,5,290,9,1355,6,6,6,6,6,NA,NA,NA,NA,2019-07-27 14:52:00,0
2019-07-27 16:00:00,WIND,600702,1,HCM,1,18974,1011,310,5,290,7,1502,6,6,6,6,6,NA,NA,NA,NA,2019-07-27 15:51:00,0
2019-07-27 17:00:00,WIND,600702,1,HCM,1,18974,1011,300,5,310,7,1551,6,6,6,6,6,NA,NA,NA,NA,2019-07-27 16:51:00,0
2019-07-27 18:00:00,WIND,600702,1,HCM,1,18974,1011,290,5,290,6,1710,6,6,6,6,6,NA,NA,NA,NA,2019-07-27 17:51:00,0
2019-07-27 19:00:00,WIND,600702,1,HCM,1,18974,1011,320,3,300,5,1754,6,6,6,6,6,NA,NA,NA,NA,2019-07-27 18:51:00,0
2019-07-27 20:00:00,WIND,600702,1,HCM,1,18974,1011,330,2,330,5,1854,6,6,6,6,6,NA,NA,NA,NA,2019-07-27 19:51:00,0
2019-07-27 21:00:00,WIND,600702,1,HCM,1,18974,1011,330,2,10,3,2039,6,6,6,6,6,NA,NA,NA,NA,2019-07-27 20:53:00,0
2019-07-27 22:00:00,WIND,600702,1,HCM,1,18974,1011,340,2,310,3,2120,6,6,6,6,6,NA,NA,NA,NA,2019-07-27 21:51:00,0
2019-07-27 23:00:00,WIND,600702,1,HCM,1,18974,1011,360,2,350,5,2225,6,6,6,6,6,NA,NA,NA,NA,2019-07-27 22:52:00,0
2019-07-28 00:00:00,WIND,600702,1,HCM,1,18974,1011,320,1,320,3,2333,6,6,6,6,6,NA,NA,NA,NA,2019-07-27 23:51:00,0
2019-07-28 01:00:00,WIND,600702,1,HCM,1,18974,1011,340,2,320,3,8,6,6,6,6,6,NA,NA,NA,NA,2019-07-28 00:51:00,0
2019-07-28 02:00:00,WIND,600702,1,HCM,1,18974,1011,30,2,360,4,125,6,6,6,6,6,NA,NA,NA,NA,2019-07-28 01:51:00,0
2019-07-28 03:00:00,WIND,600702,1,HCM,1,18974,1011,330,4,330,6,229,6,6,6,6,6,NA,NA,NA,NA,2019-07-28 02:51:00,0
2019-07-28 04:00:00,WIND,600702,1,HCM,1,18974,1011,320,4,320,6,328,6,6,6,6,6,NA,NA,NA,NA,2019-07-28 03:51:00,0
2019-07-28 05:00:00,WIND,600702,1,HCM,1,18974,1011,320,4,340,6,445,6,6,6,6,6,NA,NA,NA,NA,2019-07-28 04:51:00,0
2019-07-28 06:00:00,WIND,600702,1,HCM,1,18974,1011,330,6,340,10,543,6,6,6,6,6,NA,NA,NA,NA,2019-07-28 05:51:00,0
2019-07-28 07:00:00,WIND,600702,1,HCM,1,18974,1011,350,6,350,11,558,6,6,6,6,6,NA,NA,NA,NA,2019-07-28 06:51:00,0
2019-07-28 08:00:00,WIND,600702,1,HCM,1,18974,1011,330,6,340,9,738,6,6,6,6,6,NA,NA,NA,NA,2019-07-28 07:51:00,0
2019-07-28 09:00:00,WIND,600702,1,HCM,1,18974,1011,320,6,320,10,804,6,6,6,6,6,NA,NA,NA,NA,2019-07-28 08:53:00,0
2019-07-28 10:00:00,WIND,600702,1,HCM,1,18974,1011,330,8,330,12,926,6,6,6,6,6,NA,NA,NA,NA,2019-07-28 09:51:00,0
2019-07-28 11:00:00,WIND,600702,1,HCM,1,18974,1011,320,9,310,11,1020,6,6,6,6,6,NA,NA,NA,NA,2019-07-28 10:51:00,0
2019-07-28 12:00:00,WIND,600702,1,HCM,1,18974,1011,330,9,330,13,1108,6,6,6,6,6,NA,NA,NA,NA,2019-07-28 11:52:00,0
2019-07-28 13:00:00,WIND,600702,1,HCM,1,18974,1011,350,9,360,12,1241,6,6,6,6,6,NA,NA,NA,NA,2019-07-28 12:51:00,0
2019-07-28 14:00:00,WIND,600702,1,HCM,1,18974,1011,330,8,340,10,1250,6,6,6,6,6,NA,NA,NA,NA,2019-07-28 13:52:00,0
2019-07-28 15:00:00,WIND,600702,1,HCM,1,18974,1011,320,8,330,11,1418,6,6,6,6,6,NA,NA,NA,NA,2019-07-28 14:51:00,0
2019-07-28 16:00:00,WIND,600702,1,HCM,1,18974,1011,320,8,330,12,1545,6,6,6,6,6,NA,NA,NA,NA,2019-07-28 15:51:00,0
2019-07-28 17:00:00,WIND,600702,1,HCM,1,18974,1011,310,8,310,13,1647,6,6,6,6,6,NA,NA,NA,NA,2019-07-28 16:51:00,0
2019-07-28 18:00:00,WIND,600702,1,HCM,1,18974,1011,320,8,310,11,1658,6,6,6,6,6,NA,NA,NA,NA,2019-07-28 17:52:00,0
2019-07-28 19:00:00,WIND,600702,1,HCM,1,18974,1011,330,7,340,11,1751,6,6,6,6,6,NA,NA,NA,NA,2019-07-28 18:51:00,0
2019-07-28 20:00:00,WIND,600702,1,HCM,1,18974,1011,310,5,330,10,1854,6,6,6,6,6,NA,NA,NA,NA,2019-07-28 19:51:00,0
2019-07-28 21:00:00,WIND,600702,1,HCM,1,18974,1011,300,5,290,7,2007,6,6,6,6,6,NA,NA,NA,NA,2019-07-28 20:54:00,0
2019-07-28 22:00:00,WIND,600702,1,HCM,1,18974,1011,280,4,290,7,2112,6,6,6,6,6,NA,NA,NA,NA,2019-07-28 21:51:00,0
2019-07-28 23:00:00,WIND,600702,1,HCM,1,18974,1011,300,4,320,6,2205,6,6,6,6,6,NA,NA,NA,NA,2019-07-28 22:51:00,0
2019-07-29 00:00:00,WIND,600702,1,HCM,1,18974,1011,290,4,310,6,2303,6,6,6,6,6,NA,NA,NA,NA,2019-07-28 23:51:00,0
2019-07-29 01:00:00,WIND,600702,1,HCM,1,18974,1011,300,3,330,5,46,6,6,6,6,6,NA,NA,NA,NA,2019-07-29 00:51:00,0
2019-07-29 02:00:00,WIND,600702,1,HCM,1,18974,1011,340,4,340,6,116,6,6,6,6,6,NA,NA,NA,NA,2019-07-29 01:51:00,0
2019-07-29 03:00:00,WIND,600702,1,HCM,1,18974,1011,20,2,20,4,153,6,6,6,6,6,NA,NA,NA,NA,2019-07-29 02:52:00,0
2019-07-29 04:00:00,WIND,600702,1,HCM,1,18974,1011,20,3,20,4,250,6,6,6,6,6,NA,NA,NA,NA,2019-07-29 03:51:00,0
2019-07-29 05:00:00,WIND,600702,1,HCM,1,18974,1011,50,2,30,4,414,6,6,6,6,6,NA,NA,NA,NA,2019-07-29 04:51:00,0
2019-07-29 06:00:00,WIND,600702,1,HCM,1,18974,1011,70,3,50,5,509,6,6,6,6,6,NA,NA,NA,NA,2019-07-29 05:51:00,0
2019-07-29 07:00:00,WIND,600702,1,HCM,1,18974,1011,110,3,140,5,554,6,6,6,6,6,NA,NA,NA,NA,2019-07-29 06:51:00,0
2019-07-29 08:00:00,WIND,600702,1,HCM,1,18974,1011,90,3,150,7,749,6,6,6,6,6,NA,NA,NA,NA,2019-07-29 07:51:00,0
2019-07-29 09:00:00,WIND,600702,1,HCM,1,18974,1011,110,3,150,7,750,6,6,6,6,6,NA,NA,NA,NA,2019-07-29 08:54:00,0
2019-07-29 10:00:00,WIND,600702,1,HCM,1,18974,1011,110,2,140,5,949,6,6,6,6,6,NA,NA,NA,NA,2019-07-29 09:51:00,0
2019-07-29 11:00:00,WIND,600702,1,HCM,1,18974,1011,150,3,160,5,953,6,6,6,6,6,NA,NA,NA,NA,2019-07-29 10:51:00,0
2019-07-29 12:00:00,WIND,600702,1,HCM,1,18974,1011,160,3,150,5,1137,6,6,6,6,6,NA,NA,NA,NA,2019-07-29 11:51:00,0
2019-07-29 13:00:00,WIND,600702,1,HCM,1,18974,1011,170,4,170,6,1205,6,6,6,6,6,NA,NA,NA,NA,2019-07-29 12:52:00,0
2019-07-29 14:00:00,WIND,600702,1,HCM,1,18974,1011,180,4,190,6,1311,6,6,6,6,6,NA,NA,NA,NA,2019-07-29 13:52:00,0
2019-07-29 15:00:00,WIND,600702,1,HCM,1,18974,1011,180,5,180,8,1439,6,6,6,6,6,NA,NA,NA,NA,2019-07-29 14:53:00,0
2019-07-29 16:00:00,WIND,600702,1,HCM,1,18974,1011,180,5,170,8,1513,6,6,6,6,6,NA,NA,NA,NA,2019-07-29 15:51:00,0
2019-07-29 17:00:00,WIND,600702,1,HCM,1,18974,1011,220,6,200,7,1553,6,6,6,6,6,NA,NA,NA,NA,2019-07-29 16:51:00,0
2019-07-29 18:00:00,WIND,600702,1,HCM,1,18974,1011,220,6,220,9,1741,6,6,6,6,6,NA,NA,NA,NA,2019-07-29 17:51:00,0
2019-07-29 19:00:00,WIND,600702,1,HCM,1,18974,1011,210,7,210,10,1845,6,6,6,6,6,NA,NA,NA,NA,2019-07-29 18:52:00,0
2019-07-29 20:00:00,WIND,600702,1,HCM,1,18974,1011,210,6,210,9,1856,6,6,6,6,6,NA,NA,NA,NA,2019-07-29 19:51:00,0
2019-07-29 21:00:00,WIND,600702,1,HCM,1,18974,1011,190,5,200,8,2003,6,6,6,6,6,NA,NA,NA,NA,2019-07-29 20:56:00,0
2019-07-29 22:00:00,WIND,600702,1,HCM,1,18974,1011,190,5,190,7,2145,6,6,6,6,6,NA,NA,NA,NA,2019-07-29 21:51:00,0
2019-07-29 23:00:00,WIND,600702,1,HCM,1,18974,1011,180,5,190,7,2157,6,6,6,6,6,NA,NA,NA,NA,2019-07-29 22:51:00,0
2019-07-30 00:00:00,WIND,600702,1,HCM,1,18974,1011,170,7,170,10,2312,6,6,6,6,6,NA,NA,NA,NA,2019-07-29 23:51:00,0
2019-07-30 01:00:00,WIND,600702,1,HCM,1,18974,1011,170,7,170,10,3,6,6,6,6,6,NA,NA,NA,NA,2019-07-30 00:51:00,0
2019-07-30 02:00:00,WIND,600702,1,HCM,1,18974,1011,180,7,180,9,139,6,6,6,6,6,NA,NA,NA,NA,2019-07-30 01:51:00,0
2019-07-30 03:00:00,WIND,600702,1,HCM,1,18974,1011,170,6,180,9,213,6,6,6,6,6,NA,NA,NA,NA,2019-07-30 02:51:00,0
2019-07-30 04:00:00,WIND,600702,1,HCM,1,18974,1011,170,5,160,7,306,6,6,6,6,6,NA,NA,NA,NA,2019-07-30 03:51:00,0
2019-07-30 05:00:00,WIND,600702,1,HCM,1,18974,1011,210,4,190,6,350,6,6,6,6,6,NA,NA,NA,NA,2019-07-30 04:51:00,0
2019-07-30 06:00:00,WIND,600702,1,HCM,1,18974,1011,180,3,130,6,536,6,6,6,6,6,NA,NA,NA,NA,2019-07-30 05:51:00,0
2019-07-30 07:00:00,WIND,600702,1,HCM,1,18974,1011,130,4,120,7,643,6,6,6,6,6,NA,NA,NA,NA,2019-07-30 06:51:00,0
2019-07-30 08:00:00,WIND,600702,1,HCM,1,18974,1011,140,6,160,9,743,6,6,6,6,6,NA,NA,NA,NA,2019-07-30 07:51:00,0
2019-07-30 09:00:00,WIND,600702,1,HCM,1,18974,1011,160,8,150,11,816,6,6,6,6,6,NA,NA,NA,NA,2019-07-30 08:54:00,0
2019-07-30 10:00:00,WIND,600702,1,HCM,1,18974,1011,180,6,180,9,850,6,6,6,6,6,NA,NA,NA,NA,2019-07-30 09:51:00,0
2019-07-30 11:00:00,WIND,600702,1,HCM,1,18974,1011,150,6,160,9,953,6,6,6,6,6,NA,NA,NA,NA,2019-07-30 10:51:00,0
2019-07-30 12:00:00,WIND,600702,1,HCM,1,18974,1011,160,4,140,8,1116,6,6,6,6,6,NA,NA,NA,NA,2019-07-30 11:51:00,0
2019-07-30 13:00:00,WIND,600702,1,HCM,1,18974,1011,160,6,150,9,1223,6,6,6,6,6,NA,NA,NA,NA,2019-07-30 12:51:00,0
2019-07-30 14:00:00,WIND,600702,1,HCM,1,18974,1011,170,5,150,8,1301,6,6,6,6,6,NA,NA,NA,NA,2019-07-30 13:51:00,0
2019-07-30 15:00:00,WIND,600702,1,HCM,1,18974,1011,50,3,180,8,1355,6,6,6,6,6,NA,NA,NA,NA,2019-07-30 14:51:00,0
2019-07-30 16:00:00,WIND,600702,1,HCM,1,18974,1011,300,5,330,9,1523,6,6,6,6,6,NA,NA,NA,NA,2019-07-30 15:52:00,0
2019-07-30 17:00:00,WIND,600702,1,HCM,1,18974,1011,270,6,280,10,1634,6,6,6,6,6,NA,NA,NA,NA,2019-07-30 16:52:00,0
2019-07-30 18:00:00,WIND,600702,1,HCM,1,18974,1011,290,6,260,10,1704,6,6,6,6,6,NA,NA,NA,NA,2019-07-30 17:51:00,0
2019-07-30 19:00:00,WIND,600702,1,HCM,1,18974,1011,310,5,310,7,1801,6,6,6,6,6,NA,NA,NA,NA,2019-07-30 18:51:00,0
2019-07-30 20:00:00,WIND,600702,1,HCM,1,18974,1011,340,5,350,7,1904,6,6,6,6,6,NA,NA,NA,NA,2019-07-30 19:51:00,0
2019-07-30 21:00:00,WIND,600702,1,HCM,1,18974,1011,280,5,270,7,2045,6,6,6,6,6,NA,NA,NA,NA,2019-07-30 20:53:00,0
2019-07-30 22:00:00,WIND,600702,1,HCM,1,18974,1011,310,2,280,6,2050,6,6,6,6,6,NA,NA,NA,NA,2019-07-30 21:51:00,0
2019-07-30 23:00:00,WIND,600702,1,HCM,1,18974,1011,290,5,300,10,2235,6,6,6,6,6,NA,NA,NA,NA,2019-07-30 22:51:00,0
2019-07-31 00:00:00,WIND,600702,1,HCM,1,18974,1011,310,7,310,10,2311,6,6,6,6,6,NA,NA,NA,NA,2019-07-30 23:51:00,0
2019-07-31 01:00:00,WIND,600702,1,HCM,1,18974,1011,300,7,300,10,18,6,6,6,6,6,NA,NA,NA,NA,2019-07-31 00:51:00,0
2019-07-31 02:00:00,WIND,600702,1,HCM,1,18974,1011,320,6,310,8,113,6,6,6,6,6,NA,NA,NA,NA,2019-07-31 01:51:00,0
2019-07-31 03:00:00,WIND,600702,1,HCM,1,18974,1011,310,5,300,7,249,6,6,6,6,6,NA,NA,NA,NA,2019-07-31 02:51:00,0
2019-07-31 04:00:00,WIND,600702,1,HCM,1,18974,1011,300,6,310,7,310,6,6,6,6,6,NA,NA,NA,NA,2019-07-31 03:52:00,0
2019-07-31 05:00:00,WIND,600702,1,HCM,1,18974,1011,330,6,320,8,359,6,6,6,6,6,NA,NA,NA,NA,2019-07-31 04:52:00,0
2019-07-31 06:00:00,WIND,600702,1,HCM,1,18974,1011,330,7,330,11,545,6,6,6,6,6,NA,NA,NA,NA,2019-07-31 05:51:00,0
2019-07-31 07:00:00,WIND,600702,1,HCM,1,18974,1011,330,7,320,11,550,6,6,6,6,6,NA,NA,NA,NA,2019-07-31 06:51:00,0
2019-07-31 08:00:00,WIND,600702,1,HCM,1,18974,1011,330,9,330,12,655,6,6,6,6,6,NA,NA,NA,NA,2019-07-31 07:51:00,0
2019-07-31 09:00:00,WIND,600702,1,HCM,1,18974,1011,330,10,330,14,831,6,6,6,6,6,NA,NA,NA,NA,2019-07-31 08:55:00,0
2019-07-31 10:00:00,WIND,600702,1,HCM,1,18974,1011,340,9,350,12,901,6,6,6,6,6,NA,NA,NA,NA,2019-07-31 09:51:00,0
2019-07-31 11:00:00,WIND,600702,1,HCM,1,18974,1011,360,9,360,12,1000,6,6,6,6,6,NA,NA,NA,NA,2019-07-31 10:51:00,0
2019-07-31 12:00:00,WIND,600702,1,HCM,1,18974,1011,330,8,300,13,1142,6,6,6,6,6,NA,NA,NA,NA,2019-07-31 11:51:00,0
2019-07-31 13:00:00,WIND,600702,1,HCM,1,18974,1011,320,10,310,15,1246,6,6,6,6,6,NA,NA,NA,NA,2019-07-31 12:51:00,0
2019-07-31 14:00:00,WIND,600702,1,HCM,1,18974,1011,300,12,310,16,1343,6,6,6,6,6,NA,NA,NA,NA,2019-07-31 13:51:00,0
2019-07-31 15:00:00,WIND,600702,1,HCM,1,18974,1011,310,12,310,17,1409,6,6,6,6,6,NA,NA,NA,NA,2019-07-31 14:51:00,0
2019-07-31 16:00:00,WIND,600702,1,HCM,1,18974,1011,300,12,290,15,1546,6,6,6,6,6,NA,NA,NA,NA,2019-07-31 15:51:00,0
2019-07-31 17:00:00,WIND,600702,1,HCM,1,18974,1011,300,12,310,15,1633,6,6,6,6,6,NA,NA,NA,NA,2019-07-31 16:52:00,0
2019-07-31 18:00:00,WIND,600702,1,HCM,1,18974,1011,310,12,320,17,1654,6,6,6,6,6,NA,NA,NA,NA,2019-07-31 17:51:00,0
2019-07-31 19:00:00,WIND,600702,1,HCM,1,18974,1011,300,11,300,15,1812,6,6,6,6,6,NA,NA,NA,NA,2019-07-31 18:51:00,0
2019-07-31 20:00:00,WIND,600702,1,HCM,1,18974,1011,300,9,300,12,1858,6,6,6,6,6,NA,NA,NA,NA,2019-07-31 19:51:00,0
2019-07-31 21:00:00,WIND,600702,1,HCM,1,18974,1011,300,8,300,12,1951,6,6,6,6,6,NA,NA,NA,NA,2019-07-31 20:54:00,0
2019-07-31 22:00:00,WIND,600702,1,HCM,1,18974,1011,310,7,310,10,2056,6,6,6,6,6,NA,NA,NA,NA,2019-07-31 21:52:00,0
2019-07-31 23:00:00,WIND,600702,1,HCM,1,18974,1011,310,8,310,11,2230,6,6,6,6,6,NA,NA,NA,NA,2019-07-31 22:51:00,0
2019-08-01 00:00:00,WIND,600702,1,HCM,1,18974,1011,310,7,300,10,2348,6,6,6,6,6,NA,NA,NA,NA,2019-08-01 00:27:00,0
2019-08-01 01:00:00,WIND,600702,1,HCM,1,18974,1011,320,7,320,11,47,6,6,6,6,6,NA,NA,NA,NA,2019-08-01 00:51:00,0
2019-08-01 02:00:00,WIND,600702,1,HCM,1,18974,1011,320,7,330,10,55,6,6,6,6,6,NA,NA,NA,NA,2019-08-01 01:51:00,0
2019-08-01 03:00:00,WIND,600702,1,HCM,1,18974,1011,320,8,330,12,249,6,6,6,6,6,NA,NA,NA,NA,2019-08-01 02:51:00,0
2019-08-01 04:00:00,WIND,600702,1,HCM,1,18974,1011,330,9,330,13,256,6,6,6,6,6,NA,NA,NA,NA,2019-08-01 03:51:00,0
2019-08-01 05:00:00,WIND,600702,1,HCM,1,18974,1011,330,7,320,10,353,6,6,6,6,6,NA,NA,NA,NA,2019-08-01 04:51:00,0
2019-08-01 06:00:00,WIND,600702,1,HCM,1,18974,1011,330,7,330,9,515,6,6,6,6,6,NA,NA,NA,NA,2019-08-01 05:51:00,0
2019-08-01 07:00:00,WIND,600702,1,HCM,1,18974,1011,350,8,350,11,649,6,6,6,6,6,NA,NA,NA,NA,2019-08-01 06:51:00,0
2019-08-01 08:00:00,WIND,600702,1,HCM,1,18974,1011,350,9,350,12,749,6,6,6,6,6,NA,NA,NA,NA,2019-08-01 07:51:00,0
2019-08-01 09:00:00,WIND,600702,1,HCM,1,18974,1011,360,9,360,12,832,6,6,6,6,6,NA,NA,NA,NA,2019-08-01 08:54:00,0
2019-08-01 10:00:00,WIND,600702,1,HCM,1,18974,1011,360,9,350,12,852,6,6,6,6,6,NA,NA,NA,NA,2019-08-01 09:51:00,0
2019-08-01 11:00:00,WIND,600702,1,HCM,1,18974,1011,350,9,340,11,1044,6,6,6,6,6,NA,NA,NA,NA,2019-08-01 10:51:00,0
2019-08-01 12:00:00,WIND,600702,1,HCM,1,18974,1011,350,9,340,12,1051,6,6,6,6,6,NA,NA,NA,NA,2019-08-01 11:55:00,0
2019-08-01 13:00:00,WIND,600702,1,HCM,1,18974,1011,340,10,340,14,1220,6,6,6,6,6,NA,NA,NA,NA,2019-08-01 12:51:00,0
2019-08-01 14:00:00,WIND,600702,1,HCM,1,18974,1011,340,12,340,16,1342,6,6,6,6,6,NA,NA,NA,NA,2019-08-01 13:51:00,0
2019-08-01 15:00:00,WIND,600702,1,HCM,1,18974,1011,340,11,350,15,1352,6,6,6,6,6,NA,NA,NA,NA,2019-08-01 14:51:00,0
2019-08-01 16:00:00,WIND,600702,1,HCM,1,18974,1011,350,11,340,13,1527,6,6,6,6,6,NA,NA,NA,NA,2019-08-01 15:51:00,0
2019-08-01 17:00:00,WIND,600702,1,HCM,1,18974,1011,350,9,350,12,1611,6,6,6,6,6,NA,NA,NA,NA,2019-08-01 16:51:00,0
2019-08-01 18:00:00,WIND,600702,1,HCM,1,18974,1011,350,9,350,12,1658,6,6,6,6,6,NA,NA,NA,NA,2019-08-01 17:51:00,0
2019-08-01 19:00:00,WIND,600702,1,HCM,1,18974,1011,350,8,340,11,1839,6,6,6,6,6,NA,NA,NA,NA,2019-08-01 18:51:00,0
2019-08-01 20:00:00,WIND,600702,1,HCM,1,18974,1011,340,6,340,9,1854,6,6,6,6,6,NA,NA,NA,NA,2019-08-01 19:51:00,0
2019-08-01 21:00:00,WIND,600702,1,HCM,1,18974,1011,350,6,350,7,2005,6,6,6,6,6,NA,NA,NA,NA,2019-08-01 20:55:00,0
2019-08-01 22:00:00,WIND,600702,1,HCM,1,18974,1011,340,6,340,7,2138,6,6,6,6,6,NA,NA,NA,NA,2019-08-01 21:51:00,0
2019-08-01 23:00:00,WIND,600702,1,HCM,1,18974,1011,340,5,350,6,2248,6,6,6,6,6,NA,NA,NA,NA,2019-08-01 22:51:00,0
2019-08-02 00:00:00,WIND,600702,1,HCM,1,18974,1011,350,5,350,7,2254,6,6,6,6,6,NA,NA,NA,NA,2019-08-01 23:52:00,0
2019-08-02 01:00:00,WIND,600702,1,HCM,1,18974,1011,360,5,360,6,2359,6,6,6,6,6,NA,NA,NA,NA,2019-08-02 00:51:00,0
2019-08-02 02:00:00,WIND,600702,1,HCM,1,18974,1011,30,3,20,5,50,6,6,6,6,6,NA,NA,NA,NA,2019-08-02 01:51:00,0
2019-08-02 03:00:00,WIND,600702,1,HCM,1,18974,1011,40,4,50,6,211,6,6,6,6,6,NA,NA,NA,NA,2019-08-02 02:51:00,0
2019-08-02 04:00:00,WIND,600702,1,HCM,1,18974,1011,70,4,70,7,320,6,6,6,6,6,NA,NA,NA,NA,2019-08-02 03:51:00,0
2019-08-02 05:00:00,WIND,600702,1,HCM,1,18974,1011,120,5,150,8,449,6,6,6,6,6,NA,NA,NA,NA,2019-08-02 04:51:00,0
2019-08-02 06:00:00,WIND,600702,1,HCM,1,18974,1011,160,8,150,11,507,6,6,6,6,6,NA,NA,NA,NA,2019-08-02 05:51:00,0
2019-08-02 07:00:00,WIND,600702,1,HCM,1,18974,1011,170,8,160,12,644,6,6,6,6,6,NA,NA,NA,NA,2019-08-02 06:51:00,0
2019-08-02 08:00:00,WIND,600702,1,HCM,1,18974,1011,160,8,160,12,659,6,6,6,6,6,NA,NA,NA,NA,2019-08-02 07:51:00,0
2019-08-02 09:00:00,WIND,600702,1,HCM,1,18974,1011,150,8,140,11,756,6,6,6,6,6,NA,NA,NA,NA,2019-08-02 08:54:00,0
2019-08-02 10:00:00,WIND,600702,1,HCM,1,18974,1011,140,10,140,14,942,6,6,6,6,6,NA,NA,NA,NA,2019-08-02 09:51:00,0
2019-08-02 11:00:00,WIND,600702,1,HCM,1,18974,1011,140,10,140,13,1000,6,6,6,6,6,NA,NA,NA,NA,2019-08-02 10:51:00,0
2019-08-02 12:00:00,WIND,600702,1,HCM,1,18974,1011,150,9,140,13,1105,6,6,6,6,6,NA,NA,NA,NA,2019-08-02 11:51:00,0
2019-08-02 13:00:00,WIND,600702,1,HCM,1,18974,1011,140,8,140,12,1235,6,6,6,6,6,NA,NA,NA,NA,2019-08-02 12:51:00,0
2019-08-02 14:00:00,WIND,600702,1,HCM,1,18974,1011,150,7,150,10,1300,6,6,6,6,6,NA,NA,NA,NA,2019-08-02 13:51:00,0
2019-08-02 15:00:00,WIND,600702,1,HCM,1,18974,1011,170,5,150,8,1350,6,6,6,6,6,NA,NA,NA,NA,2019-08-02 14:52:00,0
2019-08-02 16:00:00,WIND,600702,1,HCM,1,18974,1011,160,4,150,6,1452,6,6,6,6,6,NA,NA,NA,NA,2019-08-02 15:51:00,0
2019-08-02 17:00:00,WIND,600702,1,HCM,1,18974,1011,90,4,70,8,1648,6,6,6,6,6,NA,NA,NA,NA,2019-08-02 16:53:00,0
2019-08-02 18:00:00,WIND,600702,1,HCM,1,18974,1011,60,6,50,9,1724,6,6,6,6,6,NA,NA,NA,NA,2019-08-02 17:51:00,0
2019-08-02 19:00:00,WIND,600702,1,HCM,1,18974,1011,40,7,40,9,1828,6,6,6,6,6,NA,NA,NA,NA,2019-08-02 18:51:00,0
2019-08-02 20:00:00,WIND,600702,1,HCM,1,18974,1011,40,6,40,9,1905,6,6,6,6,6,NA,NA,NA,NA,2019-08-02 19:51:00,0
2019-08-02 21:00:00,WIND,600702,1,HCM,1,18974,1011,30,5,30,8,2036,6,6,6,6,6,NA,NA,NA,NA,2019-08-02 20:54:00,0
2019-08-02 22:00:00,WIND,600702,1,HCM,1,18974,1011,40,7,30,8,2145,6,6,6,6,6,NA,NA,NA,NA,2019-08-02 21:53:00,0
2019-08-02 23:00:00,WIND,600702,1,HCM,1,18974,1011,40,5,30,8,2151,6,6,6,6,6,NA,NA,NA,NA,2019-08-02 22:51:00,0
2019-08-03 00:00:00,WIND,600702,1,HCM,1,18974,1011,50,6,60,7,2315,6,6,6,6,6,NA,NA,NA,NA,2019-08-02 23:51:00,0
2019-08-03 01:00:00,WIND,600702,1,HCM,1,18974,1011,70,5,70,6,34,6,6,6,6,6,NA,NA,NA,NA,2019-08-03 00:51:00,0
2019-08-03 02:00:00,WIND,600702,1,HCM,1,18974,1011,70,5,80,7,55,6,6,6,6,6,NA,NA,NA,NA,2019-08-03 01:51:00,0
2019-08-03 03:00:00,WIND,600702,1,HCM,1,18974,1011,80,4,70,6,150,6,6,6,6,6,NA,NA,NA,NA,2019-08-03 02:51:00,0
2019-08-03 04:00:00,WIND,600702,1,HCM,1,18974,1011,90,3,80,7,349,6,6,6,6,6,NA,NA,NA,NA,2019-08-03 03:51:00,0
2019-08-03 05:00:00,WIND,600702,1,HCM,1,18974,1011,90,6,90,7,403,6,6,6,6,6,NA,NA,NA,NA,2019-08-03 04:51:00,0
2019-08-03 06:00:00,WIND,600702,1,HCM,1,18974,1011,110,6,120,10,545,6,6,6,6,6,NA,NA,NA,NA,2019-08-03 05:51:00,0
2019-08-03 07:00:00,WIND,600702,1,HCM,1,18974,1011,120,8,120,12,637,6,6,6,6,6,NA,NA,NA,NA,2019-08-03 06:51:00,0
2019-08-03 08:00:00,WIND,600702,1,HCM,1,18974,1011,110,10,120,15,745,6,6,6,6,6,NA,NA,NA,NA,2019-08-03 07:51:00,0
2019-08-03 09:00:00,WIND,600702,1,HCM,1,18974,1011,110,10,110,14,751,6,6,6,6,6,NA,NA,NA,NA,2019-08-03 08:55:00,0
2019-08-03 10:00:00,WIND,600702,1,HCM,1,18974,1011,120,11,110,14,904,6,6,6,6,6,NA,NA,NA,NA,2019-08-03 09:51:00,0
2019-08-03 11:00:00,WIND,600702,1,HCM,1,18974,1011,120,10,120,14,1019,6,6,6,6,6,NA,NA,NA,NA,2019-08-03 10:53:00,0
2019-08-03 12:00:00,WIND,600702,1,HCM,1,18974,1011,120,10,130,15,1103,6,6,6,6,6,NA,NA,NA,NA,2019-08-03 11:53:00,0
2019-08-03 13:00:00,WIND,600702,1,HCM,1,18974,1011,120,9,120,13,1150,6,6,6,6,6,NA,NA,NA,NA,2019-08-03 12:51:00,0
2019-08-03 14:00:00,WIND,600702,1,HCM,1,18974,1011,120,10,120,14,1306,6,6,6,6,6,NA,NA,NA,NA,2019-08-03 13:52:00,0
2019-08-03 15:00:00,WIND,600702,1,HCM,1,18974,1011,120,11,120,14,1432,6,6,6,6,6,NA,NA,NA,NA,2019-08-03 14:51:00,0
2019-08-03 16:00:00,WIND,600702,1,HCM,1,18974,1011,130,9,120,13,1454,6,6,6,6,6,NA,NA,NA,NA,2019-08-03 15:53:00,0
2019-08-03 17:00:00,WIND,600702,1,HCM,1,18974,1011,130,7,130,11,1605,6,6,6,6,6,NA,NA,NA,NA,2019-08-03 16:52:00,0
2019-08-03 18:00:00,WIND,600702,1,HCM,1,18974,1011,140,6,140,9,1656,6,6,6,6,6,NA,NA,NA,NA,2019-08-03 17:51:00,0
2019-08-03 19:00:00,WIND,600702,1,HCM,1,18974,1011,130,6,130,9,1820,6,6,6,6,6,NA,NA,NA,NA,2019-08-03 18:51:00,0
2019-08-03 20:00:00,WIND,600702,1,HCM,1,18974,1011,120,7,130,10,1910,6,6,6,6,6,NA,NA,NA,NA,2019-08-03 19:51:00,0
2019-08-03 21:00:00,WIND,600702,1,HCM,1,18974,1011,100,6,100,9,1957,6,6,6,6,6,NA,NA,NA,NA,2019-08-03 20:55:00,0
2019-08-03 22:00:00,WIND,600702,1,HCM,1,18974,1011,110,6,120,10,2145,6,6,6,6,6,NA,NA,NA,NA,2019-08-03 21:51:00,0
2019-08-03 23:00:00,WIND,600702,1,HCM,1,18974,1011,120,9,130,14,2249,6,6,6,6,6,NA,NA,NA,NA,2019-08-03 22:51:00,0
2019-08-04 00:00:00,WIND,600702,1,HCM,1,18974,1011,120,12,120,16,2323,6,6,6,6,6,NA,NA,NA,NA,2019-08-03 23:51:00,0
2019-08-04 01:00:00,WIND,600702,1,HCM,1,18974,1011,110,12,120,16,45,6,6,6,6,6,NA,NA,NA,NA,2019-08-04 00:51:00,0
2019-08-04 02:00:00,WIND,600702,1,HCM,1,18974,1011,110,13,110,17,135,6,6,6,6,6,NA,NA,NA,NA,2019-08-04 01:51:00,0
2019-08-04 03:00:00,WIND,600702,1,HCM,1,18974,1011,110,13,120,19,241,6,6,6,6,6,NA,NA,NA,NA,2019-08-04 02:51:00,0
2019-08-04 04:00:00,WIND,600702,1,HCM,1,18974,1011,120,15,120,21,348,6,6,6,6,6,NA,NA,NA,NA,2019-08-04 03:51:00,0
2019-08-04 05:00:00,WIND,600702,1,HCM,1,18974,1011,110,16,120,22,352,6,6,6,6,6,NA,NA,NA,NA,2019-08-04 04:52:00,0
2019-08-04 06:00:00,WIND,600702,1,HCM,1,18974,1011,110,13,110,18,500,6,6,6,6,6,NA,NA,NA,NA,2019-08-04 05:51:00,0
2019-08-04 07:00:00,WIND,600702,1,HCM,1,18974,1011,120,13,110,18,649,6,6,6,6,6,NA,NA,NA,NA,2019-08-04 06:51:00,0
2019-08-04 08:00:00,WIND,600702,1,HCM,1,18974,1011,120,14,120,19,743,6,6,6,6,6,NA,NA,NA,NA,2019-08-04 07:51:00,0
2019-08-04 09:00:00,WIND,600702,1,HCM,1,18974,1011,120,15,120,19,817,6,6,6,6,6,NA,NA,NA,NA,2019-08-04 08:53:00,0
2019-08-04 10:00:00,WIND,600702,1,HCM,1,18974,1011,110,15,100,20,919,6,6,6,6,6,NA,NA,NA,NA,2019-08-04 09:51:00,0
2019-08-04 11:00:00,WIND,600702,1,HCM,1,18974,1011,110,14,110,19,1028,6,6,6,6,6,NA,NA,NA,NA,2019-08-04 10:51:00,0
2019-08-04 12:00:00,WIND,600702,1,HCM,1,18974,1011,120,11,120,16,1052,6,6,6,6,6,NA,NA,NA,NA,2019-08-04 11:51:00,0
2019-08-04 13:00:00,WIND,600702,1,HCM,1,18974,1011,130,13,130,18,1242,6,6,6,6,6,NA,NA,NA,NA,2019-08-04 12:51:00,0
2019-08-04 14:00:00,WIND,600702,1,HCM,1,18974,1011,130,13,130,19,1300,6,6,6,6,6,NA,NA,NA,NA,2019-08-04 13:51:00,0
2019-08-04 15:00:00,WIND,600702,1,HCM,1,18974,1011,140,11,140,16,1359,6,6,6,6,6,NA,NA,NA,NA,2019-08-04 14:51:00,0
2019-08-04 16:00:00,WIND,600702,1,HCM,1,18974,1011,140,9,140,13,1452,6,6,6,6,6,NA,NA,NA,NA,2019-08-04 15:51:00,0
2019-08-04 17:00:00,WIND,600702,1,HCM,1,18974,1011,130,8,120,14,1647,6,6,6,6,6,NA,NA,NA,NA,2019-08-04 16:51:00,0
2019-08-04 18:00:00,WIND,600702,1,HCM,1,18974,1011,130,10,130,14,1728,6,6,6,6,6,NA,NA,NA,NA,2019-08-04 17:51:00,0
2019-08-04 19:00:00,WIND,600702,1,HCM,1,18974,1011,120,9,140,12,1750,6,6,6,6,6,NA,NA,NA,NA,2019-08-04 18:51:00,0
2019-08-04 20:00:00,WIND,600702,1,HCM,1,18974,1011,130,10,150,16,1915,6,6,6,6,6,NA,NA,NA,NA,2019-08-04 19:52:00,0
2019-08-04 21:00:00,WIND,600702,1,HCM,1,18974,1011,120,10,130,15,2003,6,6,6,6,6,NA,NA,NA,NA,2019-08-04 20:53:00,0
2019-08-04 22:00:00,WIND,600702,1,HCM,1,18974,1011,120,11,130,18,2142,6,6,6,6,6,NA,NA,NA,NA,2019-08-04 21:51:00,0
2019-08-04 23:00:00,WIND,600702,1,HCM,1,18974,1011,130,14,130,20,2234,6,6,6,6,6,NA,NA,NA,NA,2019-08-04 22:52:00,0
2019-08-05 00:00:00,WIND,600702,1,HCM,1,18974,1011,130,16,140,21,2313,6,6,6,6,6,NA,NA,NA,NA,2019-08-04 23:51:00,0
2019-08-05 01:00:00,WIND,600702,1,HCM,1,18974,1011,140,14,140,20,2359,6,6,6,6,6,NA,NA,NA,NA,2019-08-05 00:51:00,0
2019-08-05 02:00:00,WIND,600702,1,HCM,1,18974,1011,150,13,150,20,107,6,6,6,6,6,NA,NA,NA,NA,2019-08-05 01:52:00,0
2019-08-05 03:00:00,WIND,600702,1,HCM,1,18974,1011,170,13,160,19,203,6,6,6,6,6,NA,NA,NA,NA,2019-08-05 02:51:00,0
2019-08-05 04:00:00,WIND,600702,1,HCM,1,18974,1011,180,10,180,15,254,6,6,6,6,6,NA,NA,NA,NA,2019-08-05 03:51:00,0
2019-08-05 05:00:00,WIND,600702,1,HCM,1,18974,1011,180,9,170,13,401,6,6,6,6,6,NA,NA,NA,NA,2019-08-05 04:51:00,0
2019-08-05 06:00:00,WIND,600702,1,HCM,1,18974,1011,190,6,190,8,451,6,6,6,6,6,NA,NA,NA,NA,2019-08-05 05:51:00,0
2019-08-05 07:00:00,WIND,600702,1,HCM,1,18974,1011,170,6,180,10,621,6,6,6,6,6,NA,NA,NA,NA,2019-08-05 06:51:00,0
2019-08-05 08:00:00,WIND,600702,1,HCM,1,18974,1011,160,7,150,10,712,6,6,6,6,6,NA,NA,NA,NA,2019-08-05 07:52:00,0
2019-08-05 09:00:00,WIND,600702,1,HCM,1,18974,1011,150,8,140,12,838,6,6,6,6,6,NA,NA,NA,NA,2019-08-05 08:54:00,0
2019-08-05 10:00:00,WIND,600702,1,HCM,1,18974,1011,190,8,230,13,853,6,6,6,6,6,NA,NA,NA,NA,2019-08-05 09:51:00,0
2019-08-05 11:00:00,WIND,600702,1,HCM,1,18974,1011,160,9,150,14,1026,6,6,6,6,6,NA,NA,NA,NA,2019-08-05 10:51:00,0
2019-08-05 12:00:00,WIND,600702,1,HCM,1,18974,1011,170,13,170,18,1123,6,6,6,6,6,NA,NA,NA,NA,2019-08-05 11:52:00,0
2019-08-05 13:00:00,WIND,600702,1,HCM,1,18974,1011,170,13,180,18,1205,6,6,6,6,6,NA,NA,NA,NA,2019-08-05 12:51:00,0
2019-08-05 14:00:00,WIND,600702,1,HCM,1,18974,1011,160,12,170,16,1341,6,6,6,6,6,NA,NA,NA,NA,2019-08-05 13:51:00,0
2019-08-05 15:00:00,WIND,600702,1,HCM,1,18974,1011,160,12,170,17,1415,6,6,6,6,6,NA,NA,NA,NA,2019-08-05 14:51:00,0
2019-08-05 16:00:00,WIND,600702,1,HCM,1,18974,1011,150,11,150,15,1513,6,6,6,6,6,NA,NA,NA,NA,2019-08-05 15:51:00,0
2019-08-05 17:00:00,WIND,600702,1,HCM,1,18974,1011,140,11,150,15,1554,6,6,6,6,6,NA,NA,NA,NA,2019-08-05 16:51:00,0
2019-08-05 18:00:00,WIND,600702,1,HCM,1,18974,1011,140,11,130,16,1721,6,6,6,6,6,NA,NA,NA,NA,2019-08-05 17:51:00,0
2019-08-05 19:00:00,WIND,600702,1,HCM,1,18974,1011,140,11,150,15,1830,6,6,6,6,6,NA,NA,NA,NA,2019-08-05 18:52:00,0
2019-08-05 20:00:00,WIND,600702,1,HCM,1,18974,1011,140,12,140,18,1943,6,6,6,6,6,NA,NA,NA,NA,2019-08-05 19:51:00,0
2019-08-05 21:00:00,WIND,600702,1,HCM,1,18974,1011,150,13,150,16,2031,6,6,6,6,6,NA,NA,NA,NA,2019-08-05 20:56:00,0
2019-08-05 22:00:00,WIND,600702,1,HCM,1,18974,1011,150,14,150,23,2124,6,6,6,6,6,NA,NA,NA,NA,2019-08-05 21:51:00,0
2019-08-05 23:00:00,WIND,600702,1,HCM,1,18974,1011,150,13,140,18,2242,6,6,6,6,6,NA,NA,NA,NA,2019-08-05 22:51:00,0
2019-08-06 00:00:00,WIND,600702,1,HCM,1,18974,1011,160,12,150,18,2300,6,6,6,6,6,NA,NA,NA,NA,2019-08-05 23:51:00,0
2019-08-06 01:00:00,WIND,600702,1,HCM,1,18974,1011,170,9,170,13,6,6,6,6,6,6,NA,NA,NA,NA,2019-08-06 00:51:00,0
2019-08-06 02:00:00,WIND,600702,1,HCM,1,18974,1011,170,9,180,12,131,6,6,6,6,6,NA,NA,NA,NA,2019-08-06 01:51:00,0
2019-08-06 03:00:00,WIND,600702,1,HCM,1,18974,1011,190,6,190,9,150,6,6,6,6,6,NA,NA,NA,NA,2019-08-06 02:52:00,0
2019-08-06 04:00:00,WIND,600702,1,HCM,1,18974,1011,200,6,220,9,300,6,6,6,6,6,NA,NA,NA,NA,2019-08-06 03:52:00,0
2019-08-06 05:00:00,WIND,600702,1,HCM,1,18974,1011,190,5,180,9,429,6,6,6,6,6,NA,NA,NA,NA,2019-08-06 04:51:00,0
2019-08-06 06:00:00,WIND,600702,1,HCM,1,18974,1011,160,5,160,7,549,6,6,6,6,6,NA,NA,NA,NA,2019-08-06 05:51:00,0
2019-08-06 07:00:00,WIND,600702,1,HCM,1,18974,1011,150,7,140,10,640,6,6,6,6,6,NA,NA,NA,NA,2019-08-06 06:51:00,0
2019-08-06 08:00:00,WIND,600702,1,HCM,1,18974,1011,160,9,180,14,747,6,6,6,6,6,NA,NA,NA,NA,2019-08-06 07:51:00,0
2019-08-06 09:00:00,WIND,600702,1,HCM,1,18974,1011,180,10,180,14,753,6,6,6,6,6,NA,NA,NA,NA,2019-08-06 08:54:00,0
2019-08-06 10:00:00,WIND,600702,1,HCM,1,18974,1011,170,10,170,13,941,6,6,6,6,6,NA,NA,NA,NA,2019-08-06 09:51:00,0
2019-08-06 11:00:00,WIND,600702,1,HCM,1,18974,1011,170,11,180,14,1028,6,6,6,6,6,NA,NA,NA,NA,2019-08-06 10:52:00,0
2019-08-06 12:00:00,WIND,600702,1,HCM,1,18974,1011,170,10,180,13,1102,6,6,6,6,6,NA,NA,NA,NA,2019-08-06 11:51:00,0
2019-08-06 13:00:00,WIND,600702,1,HCM,1,18974,1011,160,7,180,12,1151,6,6,6,6,6,NA,NA,NA,NA,2019-08-06 12:51:00,0
2019-08-06 14:00:00,WIND,600702,1,HCM,1,18974,1011,160,6,180,9,1255,6,6,6,6,6,NA,NA,NA,NA,2019-08-06 13:51:00,0
2019-08-06 15:00:00,WIND,600702,1,HCM,1,18974,1011,150,5,140,8,1409,6,6,6,6,6,NA,NA,NA,NA,2019-08-06 14:51:00,0
2019-08-06 16:00:00,WIND,600702,1,HCM,1,18974,1011,20,4,20,7,1520,6,6,6,6,6,NA,NA,NA,NA,2019-08-06 15:51:00,0
2019-08-06 17:00:00,WIND,600702,1,HCM,1,18974,1011,330,7,330,11,1644,6,6,6,6,6,NA,NA,NA,NA,2019-08-06 16:52:00,0
2019-08-06 18:00:00,WIND,600702,1,HCM,1,18974,1011,320,7,320,10,1659,6,6,6,6,6,NA,NA,NA,NA,2019-08-06 17:51:00,0
2019-08-06 19:00:00,WIND,600702,1,HCM,1,18974,1011,340,6,350,9,1801,6,6,6,6,6,NA,NA,NA,NA,2019-08-06 18:52:00,0
2019-08-06 20:00:00,WIND,600702,1,HCM,1,18974,1011,320,4,340,7,1852,6,6,6,6,6,NA,NA,NA,NA,2019-08-06 19:52:00,0
2019-08-06 21:00:00,WIND,600702,1,HCM,1,18974,1011,330,4,320,5,1953,6,6,6,6,6,NA,NA,NA,NA,2019-08-06 20:53:00,0
2019-08-06 22:00:00,WIND,600702,1,HCM,1,18974,1011,300,5,290,6,2149,6,6,6,6,6,NA,NA,NA,NA,2019-08-06 21:52:00,0
2019-08-06 23:00:00,WIND,600702,1,HCM,1,18974,1011,290,6,290,7,2154,6,6,6,6,6,NA,NA,NA,NA,2019-08-06 22:51:00,0
2019-08-07 00:00:00,WIND,600702,1,HCM,1,18974,1011,310,7,310,9,2346,6,6,6,6,6,NA,NA,NA,NA,2019-08-06 23:51:00,0
2019-08-07 01:00:00,WIND,600702,1,HCM,1,18974,1011,300,7,290,8,47,6,6,6,6,6,NA,NA,NA,NA,2019-08-07 00:51:00,0
2019-08-07 02:00:00,WIND,600702,1,HCM,1,18974,1011,300,7,290,9,56,6,6,6,6,6,NA,NA,NA,NA,2019-08-07 01:51:00,0
2019-08-07 03:00:00,WIND,600702,1,HCM,1,18974,1011,300,8,310,15,221,6,6,6,6,6,NA,NA,NA,NA,2019-08-07 02:51:00,0
2019-08-07 04:00:00,WIND,600702,1,HCM,1,18974,1011,300,7,310,11,303,6,6,6,6,6,NA,NA,NA,NA,2019-08-07 03:51:00,0
2019-08-07 05:00:00,WIND,600702,1,HCM,1,18974,1011,310,8,310,12,402,6,6,6,6,6,NA,NA,NA,NA,2019-08-07 04:51:00,0
2019-08-07 06:00:00,WIND,600702,1,HCM,1,18974,1011,330,8,340,12,549,6,6,6,6,6,NA,NA,NA,NA,2019-08-07 05:52:00,0
2019-08-07 07:00:00,WIND,600702,1,HCM,1,18974,1011,340,10,340,13,625,6,6,6,6,6,NA,NA,NA,NA,2019-08-07 06:51:00,0
2019-08-07 08:00:00,WIND,600702,1,HCM,1,18974,1011,330,11,320,16,741,6,6,6,6,6,NA,NA,NA,NA,2019-08-07 07:51:00,0
2019-08-07 09:00:00,WIND,600702,1,HCM,1,18974,1011,320,12,320,17,820,6,6,6,6,6,NA,NA,NA,NA,2019-08-07 08:54:00,0
2019-08-07 10:00:00,WIND,600702,1,HCM,1,18974,1011,340,14,340,19,919,6,6,6,6,6,NA,NA,NA,NA,2019-08-07 09:51:00,0
2019-08-07 11:00:00,WIND,600702,1,HCM,1,18974,1011,350,15,340,19,955,6,6,6,6,6,NA,NA,NA,NA,2019-08-07 10:51:00,0
2019-08-07 12:00:00,WIND,600702,1,HCM,1,18974,1011,350,14,350,19,1133,6,6,6,6,6,NA,NA,NA,NA,2019-08-07 11:52:00,0
2019-08-07 13:00:00,WIND,600702,1,HCM,1,18974,1011,340,13,340,17,1155,6,6,6,6,6,NA,NA,NA,NA,2019-08-07 12:51:00,0
2019-08-07 14:00:00,WIND,600702,1,HCM,1,18974,1011,320,14,320,19,1345,6,6,6,6,6,NA,NA,NA,NA,2019-08-07 13:51:00,0
2019-08-07 15:00:00,WIND,600702,1,HCM,1,18974,1011,320,14,330,19,1357,6,6,6,6,6,NA,NA,NA,NA,2019-08-07 14:52:00,0
2019-08-07 16:00:00,WIND,600702,1,HCM,1,18974,1011,330,13,320,18,1542,6,6,6,6,6,NA,NA,NA,NA,2019-08-07 15:51:00,0
2019-08-07 17:00:00,WIND,600702,1,HCM,1,18974,1011,350,13,330,18,1552,6,6,6,6,6,NA,NA,NA,NA,2019-08-07 16:51:00,0
2019-08-07 18:00:00,WIND,600702,1,HCM,1,18974,1011,350,13,350,18,1659,6,6,6,6,6,NA,NA,NA,NA,2019-08-07 18:23:00,0
2019-08-07 19:00:00,WIND,600702,1,HCM,1,18974,1011,350,13,350,18,1814,6,6,6,6,6,NA,NA,NA,NA,2019-08-07 18:51:00,0
2019-08-07 20:00:00,WIND,600702,1,HCM,1,18974,1011,350,13,340,18,1944,6,6,6,6,6,NA,NA,NA,NA,2019-08-07 20:07:00,0
2019-08-07 21:00:00,WIND,600702,1,HCM,1,18974,1011,350,13,360,17,1959,6,6,6,6,6,NA,NA,NA,NA,2019-08-07 21:55:00,0
2019-08-07 22:00:00,WIND,600702,1,HCM,1,18974,1011,350,13,350,17,2125,6,6,6,6,6,NA,NA,NA,NA,2019-08-07 23:01:00,0
2019-08-07 23:00:00,WIND,600702,1,HCM,1,18974,1011,350,13,350,18,2215,6,6,6,6,6,NA,NA,NA,NA,2019-08-08 05:34:00,0
2019-08-08 00:00:00,WIND,600702,1,HCM,1,18974,1011,350,13,350,18,2341,6,6,6,6,6,NA,NA,NA,NA,2019-08-08 05:44:00,0
2019-08-08 01:00:00,WIND,600702,1,HCM,1,18974,1011,350,13,350,18,34,6,6,6,6,6,NA,NA,NA,NA,2019-08-08 06:11:00,0
2019-08-08 02:00:00,WIND,600702,1,HCM,1,18974,1011,340,12,340,18,59,6,6,6,6,6,NA,NA,NA,NA,2019-08-08 06:12:00,0
2019-08-08 03:00:00,WIND,600702,1,HCM,1,18974,1011,350,11,350,16,212,6,6,6,6,6,NA,NA,NA,NA,2019-08-08 08:59:00,0
2019-08-08 04:00:00,WIND,600702,1,HCM,1,18974,1011,360,12,350,16,255,6,6,6,6,6,NA,NA,NA,NA,2019-08-08 09:07:00,0
2019-08-08 05:00:00,WIND,600702,1,HCM,1,18974,1011,360,11,360,15,418,6,6,6,6,6,NA,NA,NA,NA,2019-08-08 09:10:00,0
2019-08-08 06:00:00,WIND,600702,1,HCM,1,18974,1011,360,10,360,15,502,6,6,6,6,6,NA,NA,NA,NA,2019-08-08 09:10:00,0
2019-08-08 07:00:00,WIND,600702,1,HCM,1,18974,1011,10,11,10,15,634,6,6,6,6,6,NA,NA,NA,NA,2019-08-08 10:05:00,0
2019-08-08 08:00:00,WIND,600702,1,HCM,1,18974,1011,10,11,10,16,655,6,6,6,6,6,NA,NA,NA,NA,2019-08-08 13:43:00,0
2019-08-08 09:00:00,WIND,600702,1,HCM,1,18974,1011,20,11,20,15,826,6,6,6,6,6,NA,NA,NA,NA,2019-08-08 15:15:00,0
2019-08-08 10:00:00,WIND,600702,1,HCM,1,18974,1011,10,12,20,15,938,6,6,6,6,6,NA,NA,NA,NA,2019-08-08 19:46:00,0
2019-08-08 11:00:00,WIND,600702,1,HCM,1,18974,1011,10,12,10,15,1029,6,6,6,6,6,NA,NA,NA,NA,2019-08-08 19:50:00,0
2019-08-08 12:00:00,WIND,600702,1,HCM,1,18974,1011,10,11,10,14,1104,6,6,6,6,6,NA,NA,NA,NA,2019-08-08 19:50:00,0
2019-08-08 13:00:00,WIND,600702,1,HCM,1,18974,1011,350,9,360,13,1210,6,6,6,6,6,NA,NA,NA,NA,2019-08-08 19:51:00,0
2019-08-08 14:00:00,WIND,600702,1,HCM,1,18974,1011,360,9,20,13,1328,6,6,6,6,6,NA,NA,NA,NA,2019-08-08 19:51:00,0
2019-08-08 15:00:00,WIND,600702,1,HCM,1,18974,1011,360,10,350,13,1422,6,6,6,6,6,NA,NA,NA,NA,2019-08-08 19:58:00,0
2019-08-08 16:00:00,WIND,600702,1,HCM,1,18974,1011,10,11,20,14,1458,6,6,6,6,6,NA,NA,NA,NA,2019-08-08 19:59:00,0
2019-08-08 17:00:00,WIND,600702,1,HCM,1,18974,1011,20,11,10,14,1555,6,6,6,6,6,NA,NA,NA,NA,2019-08-08 20:00:00,0
2019-08-08 18:00:00,WIND,600702,1,HCM,1,18974,1011,20,10,20,13,1720,6,6,6,6,6,NA,NA,NA,NA,2019-08-08 20:01:00,0
2019-08-08 19:00:00,WIND,600702,1,HCM,1,18974,1011,30,9,30,12,1810,6,6,6,6,6,NA,NA,NA,NA,2019-08-08 20:01:00,0
2019-08-08 20:00:00,WIND,600702,1,HCM,1,18974,1011,40,8,40,12,1914,6,6,6,6,6,NA,NA,NA,NA,2019-08-08 20:03:00,0
2019-08-08 21:00:00,WIND,600702,1,HCM,1,18974,1011,50,8,40,11,1957,6,6,6,6,6,NA,NA,NA,NA,2019-08-08 20:54:00,0
2019-08-08 22:00:00,WIND,600702,1,HCM,1,18974,1011,60,8,60,12,2148,6,6,6,6,6,NA,NA,NA,NA,2019-08-08 22:32:00,0
2019-08-08 23:00:00,WIND,600702,1,HCM,1,18974,1011,60,9,70,13,2234,6,6,6,6,6,NA,NA,NA,NA,2019-08-08 22:51:00,0
2019-08-09 00:00:00,WIND,600702,1,HCM,1,18974,1011,80,9,90,13,2341,6,6,6,6,6,NA,NA,NA,NA,2019-08-09 02:32:00,0
2019-08-09 01:00:00,WIND,600702,1,HCM,1,18974,1011,90,13,90,19,30,6,6,6,6,6,NA,NA,NA,NA,2019-08-09 02:33:00,0
2019-08-09 02:00:00,WIND,600702,1,HCM,1,18974,1011,90,15,90,22,113,6,6,6,6,6,NA,NA,NA,NA,2019-08-09 02:33:00,0
2019-08-09 03:00:00,WIND,600702,1,HCM,1,18974,1011,80,17,80,24,208,6,6,6,6,6,NA,NA,NA,NA,2019-08-09 04:42:00,0
2019-08-09 04:00:00,WIND,600702,1,HCM,1,18974,1011,80,18,80,25,317,6,6,6,6,6,NA,NA,NA,NA,2019-08-09 04:42:00,0
2019-08-09 05:00:00,WIND,600702,1,HCM,1,18974,1011,90,20,90,27,357,6,6,6,6,6,NA,NA,NA,NA,2019-08-09 06:22:00,0
2019-08-09 06:00:00,WIND,600702,1,HCM,1,18974,1011,80,19,80,26,459,6,6,6,6,6,NA,NA,NA,NA,2019-08-09 06:24:00,0
2019-08-09 07:00:00,WIND,600702,1,HCM,1,18974,1011,80,19,70,27,635,6,6,6,6,6,NA,NA,NA,NA,2019-08-09 07:26:00,0
2019-08-09 08:00:00,WIND,600702,1,HCM,1,18974,1011,60,20,60,28,746,6,6,6,6,6,NA,NA,NA,NA,2019-08-09 09:56:00,0
2019-08-09 09:00:00,WIND,600702,1,HCM,1,18974,1011,60,23,60,32,807,6,6,6,6,6,NA,NA,NA,NA,2019-08-09 10:00:00,0
2019-08-09 10:00:00,WIND,600702,1,HCM,1,18974,1011,60,21,50,28,853,6,6,6,6,6,NA,NA,NA,NA,2019-08-09 10:00:00,0
2019-08-09 11:00:00,WIND,600702,1,HCM,1,18974,1011,70,19,50,27,954,6,6,6,6,6,NA,NA,NA,NA,2019-08-09 10:51:00,0
2019-08-09 12:00:00,WIND,600702,1,HCM,1,18974,1011,70,21,80,29,1148,6,6,6,6,6,NA,NA,NA,NA,2019-08-09 11:51:00,0
2019-08-09 13:00:00,WIND,600702,1,HCM,1,18974,1011,90,22,90,32,1211,6,6,6,6,6,NA,NA,NA,NA,2019-08-09 12:51:00,0
2019-08-09 14:00:00,WIND,600702,1,HCM,1,18974,1011,100,20,100,31,1314,6,6,6,6,6,NA,NA,NA,NA,2019-08-09 13:52:00,0
2019-08-09 15:00:00,WIND,600702,1,HCM,1,18974,1011,100,18,100,28,1423,6,6,6,6,6,NA,NA,NA,NA,2019-08-09 14:51:00,0
2019-08-09 16:00:00,WIND,600702,1,HCM,1,18974,1011,110,17,120,27,1502,6,6,6,6,6,NA,NA,NA,NA,2019-08-09 15:51:00,0
2019-08-09 17:00:00,WIND,600702,1,HCM,1,18974,1011,100,15,100,20,1603,6,6,6,6,6,NA,NA,NA,NA,2019-08-09 17:19:00,0
2019-08-09 18:00:00,WIND,600702,1,HCM,1,18974,1011,90,13,110,19,1746,6,6,6,6,6,NA,NA,NA,NA,2019-08-09 17:51:00,0
2019-08-09 19:00:00,WIND,600702,1,HCM,1,18974,1011,90,14,110,20,1752,6,6,6,6,6,NA,NA,NA,NA,2019-08-09 18:51:00,0
2019-08-09 20:00:00,WIND,600702,1,HCM,1,18974,1011,70,13,70,19,1927,6,6,6,6,6,NA,NA,NA,NA,2019-08-09 19:51:00,0
2019-08-09 21:00:00,WIND,600702,1,HCM,1,18974,1011,70,14,70,19,2017,6,6,6,6,6,NA,NA,NA,NA,2019-08-09 20:55:00,0
2019-08-09 22:00:00,WIND,600702,1,HCM,1,18974,1011,60,10,70,15,2059,6,6,6,6,6,NA,NA,NA,NA,2019-08-09 21:51:00,0
2019-08-09 23:00:00,WIND,600702,1,HCM,1,18974,1011,60,10,60,13,2217,6,6,6,6,6,NA,NA,NA,NA,2019-08-09 22:51:00,0
2019-08-10 00:00:00,WIND,600702,1,HCM,1,18974,1011,40,10,50,16,2313,6,6,6,6,6,NA,NA,NA,NA,2019-08-09 23:51:00,0
2019-08-10 01:00:00,WIND,600702,1,HCM,1,18974,1011,50,12,50,16,7,6,6,6,6,6,NA,NA,NA,NA,2019-08-10 02:18:00,0
2019-08-10 02:00:00,WIND,600702,1,HCM,1,18974,1011,40,11,40,16,135,6,6,6,6,6,NA,NA,NA,NA,2019-08-10 02:20:00,0
2019-08-10 03:00:00,WIND,600702,1,HCM,1,18974,1011,40,11,40,15,218,6,6,6,6,6,NA,NA,NA,NA,2019-08-10 02:51:00,0
2019-08-10 04:00:00,WIND,600702,1,HCM,1,18974,1011,40,10,40,14,255,6,6,6,6,6,NA,NA,NA,NA,2019-08-10 04:39:00,0
2019-08-10 05:00:00,WIND,600702,1,HCM,1,18974,1011,30,10,30,15,449,6,6,6,6,6,NA,NA,NA,NA,2019-08-10 04:51:00,0
2019-08-10 06:00:00,WIND,600702,1,HCM,1,18974,1011,20,11,30,16,535,6,6,6,6,6,NA,NA,NA,NA,2019-08-10 05:53:00,0
2019-08-10 07:00:00,WIND,600702,1,HCM,1,18974,1011,10,13,10,17,616,6,6,6,6,6,NA,NA,NA,NA,2019-08-10 06:51:00,0
2019-08-10 08:00:00,WIND,600702,1,HCM,1,18974,1011,10,14,10,19,743,6,6,6,6,6,NA,NA,NA,NA,2019-08-10 07:51:00,0
2019-08-10 09:00:00,WIND,600702,1,HCM,1,18974,1011,10,17,20,22,819,6,6,6,6,6,NA,NA,NA,NA,2019-08-10 08:56:00,0
2019-08-10 10:00:00,WIND,600702,1,HCM,1,18974,1011,10,17,360,23,908,6,6,6,6,6,NA,NA,NA,NA,2019-08-10 09:51:00,0
2019-08-10 11:00:00,WIND,600702,1,HCM,1,18974,1011,360,18,10,24,1036,6,6,6,6,6,NA,NA,NA,NA,2019-08-10 10:51:00,0
2019-08-10 12:00:00,WIND,600702,1,HCM,1,18974,1011,360,19,360,25,1147,6,6,6,6,6,NA,NA,NA,NA,2019-08-10 11:51:00,0
2019-08-10 13:00:00,WIND,600702,1,HCM,1,18974,1011,360,20,350,26,1243,6,6,6,6,6,NA,NA,NA,NA,2019-08-10 12:56:00,0
2019-08-10 14:00:00,WIND,600702,1,HCM,1,18974,1011,350,21,350,30,1343,6,6,6,6,6,NA,NA,NA,NA,2019-08-10 13:51:00,0
2019-08-10 15:00:00,WIND,600702,1,HCM,1,18974,1011,350,24,350,31,1430,6,6,6,6,6,NA,NA,NA,NA,2019-08-10 14:51:00,0
2019-08-10 16:00:00,WIND,600702,1,HCM,1,18974,1011,350,24,350,33,1528,6,6,6,6,6,NA,NA,NA,NA,2019-08-10 15:51:00,0
2019-08-10 17:00:00,WIND,600702,1,HCM,1,18974,1011,350,24,350,33,1622,6,6,6,6,6,NA,NA,NA,NA,2019-08-10 16:51:00,0
2019-08-10 18:00:00,WIND,600702,1,HCM,1,18974,1011,350,23,350,31,1741,6,6,6,6,6,NA,NA,NA,NA,2019-08-10 17:51:00,0
2019-08-10 19:00:00,WIND,600702,1,HCM,1,18974,1011,350,23,350,33,1803,6,6,6,6,6,NA,NA,NA,NA,2019-08-10 18:51:00,0
2019-08-10 20:00:00,WIND,600702,1,HCM,1,18974,1011,350,24,350,33,1933,6,6,6,6,6,NA,NA,NA,NA,2019-08-10 19:51:00,0
2019-08-10 21:00:00,WIND,600702,1,HCM,1,18974,1011,350,23,360,32,1959,6,6,6,6,6,NA,NA,NA,NA,2019-08-10 20:56:00,0
2019-08-10 22:00:00,WIND,600702,1,HCM,1,18974,1011,350,24,360,33,2135,6,6,6,6,6,NA,NA,NA,NA,2019-08-10 21:51:00,0
2019-08-10 23:00:00,WIND,600702,1,HCM,1,18974,1011,350,23,350,31,2243,6,6,6,6,6,NA,NA,NA,NA,2019-08-10 22:51:00,0
2019-08-11 00:00:00,WIND,600702,1,HCM,1,18974,1011,350,23,350,31,2326,6,6,6,6,6,NA,NA,NA,NA,2019-08-10 23:51:00,0
2019-08-11 01:00:00,WIND,600702,1,HCM,1,18974,1011,350,22,360,30,46,6,6,6,6,6,NA,NA,NA,NA,2019-08-11 00:51:00,0
2019-08-11 02:00:00,WIND,600702,1,HCM,1,18974,1011,350,23,350,30,127,6,6,6,6,6,NA,NA,NA,NA,2019-08-11 01:52:00,0
2019-08-11 03:00:00,WIND,600702,1,HCM,1,18974,1011,350,23,350,30,218,6,6,6,6,6,NA,NA,NA,NA,2019-08-11 02:51:00,0
2019-08-11 04:00:00,WIND,600702,1,HCM,1,18974,1011,350,22,350,30,254,6,6,6,6,6,NA,NA,NA,NA,2019-08-11 03:51:00,0
2019-08-11 05:00:00,WIND,600702,1,HCM,1,18974,1011,360,21,360,27,415,6,6,6,6,6,NA,NA,NA,NA,2019-08-11 04:51:00,0
2019-08-11 06:00:00,WIND,600702,1,HCM,1,18974,1011,360,21,360,29,540,6,6,6,6,6,NA,NA,NA,NA,2019-08-11 05:51:00,0
2019-08-11 07:00:00,WIND,600702,1,HCM,1,18974,1011,350,22,360,29,607,6,6,6,6,6,NA,NA,NA,NA,2019-08-11 06:51:00,0
2019-08-11 08:00:00,WIND,600702,1,HCM,1,18974,1011,350,21,350,29,657,6,6,6,6,6,NA,NA,NA,NA,2019-08-11 07:51:00,0
2019-08-11 09:00:00,WIND,600702,1,HCM,1,18974,1011,350,20,350,26,800,6,6,6,6,6,NA,NA,NA,NA,2019-08-11 08:53:00,0
2019-08-11 10:00:00,WIND,600702,1,HCM,1,18974,1011,350,19,350,26,948,6,6,6,6,6,NA,NA,NA,NA,2019-08-11 09:51:00,0
2019-08-11 11:00:00,WIND,600702,1,HCM,1,18974,1011,350,18,350,26,1012,6,6,6,6,6,NA,NA,NA,NA,2019-08-11 10:51:00,0
2019-08-11 12:00:00,WIND,600702,1,HCM,1,18974,1011,350,18,350,23,1143,6,6,6,6,6,NA,NA,NA,NA,2019-08-11 11:51:00,0
2019-08-11 13:00:00,WIND,600702,1,HCM,1,18974,1011,350,16,350,22,1158,6,6,6,6,6,NA,NA,NA,NA,2019-08-11 12:51:00,0
2019-08-11 14:00:00,WIND,600702,1,HCM,1,18974,1011,350,16,360,22,1341,6,6,6,6,6,NA,NA,NA,NA,2019-08-11 13:51:00,0
2019-08-11 15:00:00,WIND,600702,1,HCM,1,18974,1011,350,15,350,20,1414,6,6,6,6,6,NA,NA,NA,NA,2019-08-11 14:51:00,0
2019-08-11 16:00:00,WIND,600702,1,HCM,1,18974,1011,350,14,350,19,1518,6,6,6,6,6,NA,NA,NA,NA,2019-08-11 15:51:00,0
2019-08-11 17:00:00,WIND,600702,1,HCM,1,18974,1011,350,13,350,17,1554,6,6,6,6,6,NA,NA,NA,NA,2019-08-11 16:51:00,0
2019-08-11 18:00:00,WIND,600702,1,HCM,1,18974,1011,350,13,350,18,1715,6,6,6,6,6,NA,NA,NA,NA,2019-08-11 17:51:00,0
2019-08-11 19:00:00,WIND,600702,1,HCM,1,18974,1011,350,12,350,16,1816,6,6,6,6,6,NA,NA,NA,NA,2019-08-11 18:51:00,0
2019-08-11 20:00:00,WIND,600702,1,HCM,1,18974,1011,340,11,330,17,1929,6,6,6,6,6,NA,NA,NA,NA,2019-08-11 19:53:00,0
2019-08-11 21:00:00,WIND,600702,1,HCM,1,18974,1011,330,10,340,16,1957,6,6,6,6,6,NA,NA,NA,NA,2019-08-11 20:54:00,0
2019-08-11 22:00:00,WIND,600702,1,HCM,1,18974,1011,320,9,320,12,2105,6,6,6,6,6,NA,NA,NA,NA,2019-08-11 21:51:00,0
2019-08-11 23:00:00,WIND,600702,1,HCM,1,18974,1011,330,8,330,11,2153,6,6,6,6,6,NA,NA,NA,NA,2019-08-11 22:51:00,0
2019-08-12 00:00:00,WIND,600702,1,HCM,1,18974,1011,320,7,330,9,2256,6,6,6,6,6,NA,NA,NA,NA,2019-08-11 23:51:00,0
2019-08-12 01:00:00,WIND,600702,1,HCM,1,18974,1011,310,5,320,8,2351,6,6,6,6,6,NA,NA,NA,NA,2019-08-12 00:51:00,0
2019-08-12 02:00:00,WIND,600702,1,HCM,1,18974,1011,300,5,330,12,139,6,6,6,6,6,NA,NA,NA,NA,2019-08-12 01:51:00,0
2019-08-12 03:00:00,WIND,600702,1,HCM,1,18974,1011,50,3,10,6,150,6,6,6,6,6,NA,NA,NA,NA,2019-08-12 02:51:00,0
2019-08-12 04:00:00,WIND,600702,1,HCM,1,18974,1011,160,2,180,3,324,6,6,6,6,6,NA,NA,NA,NA,2019-08-12 03:51:00,0
2019-08-12 05:00:00,WIND,600702,1,HCM,1,18974,1011,180,3,170,4,449,6,6,6,6,6,NA,NA,NA,NA,2019-08-12 04:51:00,0
2019-08-12 06:00:00,WIND,600702,1,HCM,1,18974,1011,220,3,200,5,503,6,6,6,6,6,NA,NA,NA,NA,2019-08-12 05:51:00,0
2019-08-12 07:00:00,WIND,600702,1,HCM,1,18974,1011,150,2,180,5,649,6,6,6,6,6,NA,NA,NA,NA,2019-08-12 06:52:00,0
2019-08-12 08:00:00,WIND,600702,1,HCM,1,18974,1011,170,5,170,10,747,6,6,6,6,6,NA,NA,NA,NA,2019-08-12 07:51:00,0
2019-08-12 09:00:00,WIND,600702,1,HCM,1,18974,1011,210,7,230,12,847,6,6,6,6,6,NA,NA,NA,NA,2019-08-12 08:55:00,0
2019-08-12 10:00:00,WIND,600702,1,HCM,1,18974,1011,220,8,220,13,945,6,6,6,6,6,NA,NA,NA,NA,2019-08-12 09:51:00,0
2019-08-12 11:00:00,WIND,600702,1,HCM,1,18974,1011,220,8,230,15,1036,6,6,6,6,6,NA,NA,NA,NA,2019-08-12 10:51:00,0
2019-08-12 12:00:00,WIND,600702,1,HCM,1,18974,1011,230,11,240,17,1129,6,6,6,6,6,NA,NA,NA,NA,2019-08-12 11:51:00,0
2019-08-12 13:00:00,WIND,600702,1,HCM,1,18974,1011,260,11,280,17,1245,6,6,6,6,6,NA,NA,NA,NA,2019-08-12 12:51:00,0
2019-08-12 14:00:00,WIND,600702,1,HCM,1,18974,1011,260,12,250,19,1315,6,6,6,6,6,NA,NA,NA,NA,2019-08-12 13:51:00,0
2019-08-12 15:00:00,WIND,600702,1,HCM,1,18974,1011,260,12,250,18,1437,6,6,6,6,6,NA,NA,NA,NA,2019-08-12 14:52:00,0
2019-08-12 16:00:00,WIND,600702,1,HCM,1,18974,1011,260,12,280,17,1504,6,6,6,6,6,NA,NA,NA,NA,2019-08-12 15:51:00,0
2019-08-12 17:00:00,WIND,600702,1,HCM,1,18974,1011,270,11,270,19,1633,6,6,6,6,6,NA,NA,NA,NA,2019-08-12 16:51:00,0
2019-08-12 18:00:00,WIND,600702,1,HCM,1,18974,1011,270,8,270,19,1730,6,6,6,6,6,NA,NA,NA,NA,2019-08-13 01:45:00,0
2019-08-12 19:00:00,WIND,600702,1,HCM,1,18974,1011,270,8,270,14,1757,6,6,6,6,6,NA,NA,NA,NA,2019-08-13 01:47:00,0
2019-08-12 20:00:00,WIND,600702,1,HCM,1,18974,1011,270,7,270,12,1854,6,6,6,6,6,NA,NA,NA,NA,2019-08-13 01:47:00,0
2019-08-12 21:00:00,WIND,600702,1,HCM,1,18974,1011,280,6,280,9,2003,6,6,6,6,6,NA,NA,NA,NA,2019-08-13 01:49:00,0
2019-08-12 22:00:00,WIND,600702,1,HCM,1,18974,1011,280,7,280,10,2109,6,6,6,6,6,NA,NA,NA,NA,2019-08-13 01:52:00,0
2019-08-12 23:00:00,WIND,600702,1,HCM,1,18974,1011,280,6,250,10,2201,6,6,6,6,6,NA,NA,NA,NA,2019-08-13 01:53:00,0
2019-08-13 00:00:00,WIND,600702,1,HCM,1,18974,1011,280,7,280,11,2332,6,6,6,6,6,NA,NA,NA,NA,2019-08-13 01:54:00,0
2019-08-13 01:00:00,WIND,600702,1,HCM,1,18974,1011,270,6,290,9,47,6,6,6,6,6,NA,NA,NA,NA,2019-08-13 01:54:00,0
2019-08-13 02:00:00,WIND,600702,1,HCM,1,18974,1011,280,7,280,13,118,6,6,6,6,6,NA,NA,NA,NA,2019-08-13 01:55:00,0
2019-08-13 03:00:00,WIND,600702,1,HCM,1,18974,1011,270,7,290,10,228,6,6,6,6,6,NA,NA,NA,NA,2019-08-13 04:27:00,0
2019-08-13 04:00:00,WIND,600702,1,HCM,1,18974,1011,270,7,250,13,334,6,6,6,6,6,NA,NA,NA,NA,2019-08-13 04:28:00,0
2019-08-13 05:00:00,WIND,600702,1,HCM,1,18974,1011,260,9,260,19,436,6,6,6,6,6,NA,NA,NA,NA,2019-08-13 05:20:00,0
2019-08-13 06:00:00,WIND,600702,1,HCM,1,18974,1011,260,7,250,13,450,6,6,6,6,6,NA,NA,NA,NA,2019-08-13 06:07:00,0
2019-08-13 07:00:00,WIND,600702,1,HCM,1,18974,1011,280,6,250,15,648,6,6,6,6,6,NA,NA,NA,NA,2019-08-13 12:40:00,0
2019-08-13 08:00:00,WIND,600702,1,HCM,1,18974,1011,240,8,240,15,650,6,6,6,6,6,NA,NA,NA,NA,2019-08-13 12:41:00,0
2019-08-13 09:00:00,WIND,600702,1,HCM,1,18974,1011,280,11,290,20,848,6,6,6,6,6,NA,NA,NA,NA,2019-08-13 12:42:00,0
2019-08-13 10:00:00,WIND,600702,1,HCM,1,18974,1011,280,12,260,19,949,6,6,6,6,6,NA,NA,NA,NA,2019-08-13 16:12:00,0
2019-08-13 11:00:00,WIND,600702,1,HCM,1,18974,1011,260,10,260,19,1020,6,6,6,6,6,NA,NA,NA,NA,2019-08-13 16:14:00,0
2019-08-13 12:00:00,WIND,600702,1,HCM,1,18974,1011,260,13,250,21,1149,6,6,6,6,6,NA,NA,NA,NA,2019-08-13 16:15:00,0
2019-08-13 13:00:00,WIND,600702,1,HCM,1,18974,1011,270,14,260,20,1218,6,6,6,6,6,NA,NA,NA,NA,2019-08-13 16:15:00,0
2019-08-13 14:00:00,WIND,600702,1,HCM,1,18974,1011,260,14,270,21,1349,6,6,6,6,6,NA,NA,NA,NA,2019-08-13 16:15:00,0
2019-08-13 15:00:00,WIND,600702,1,HCM,1,18974,1011,260,14,270,22,1402,6,6,6,6,6,NA,NA,NA,NA,2019-08-13 16:15:00,0
2019-08-13 16:00:00,WIND,600702,1,HCM,1,18974,1011,260,14,260,19,1515,6,6,6,6,6,NA,NA,NA,NA,2019-08-13 16:16:00,0
2019-08-13 17:00:00,WIND,600702,1,HCM,1,18974,1011,260,13,260,19,1612,6,6,6,6,6,NA,NA,NA,NA,2019-08-13 18:51:00,0
2019-08-13 18:00:00,WIND,600702,1,HCM,1,18974,1011,270,11,260,16,1700,6,6,6,6,6,NA,NA,NA,NA,2019-08-13 18:52:00,0
2019-08-13 19:00:00,WIND,600702,1,HCM,1,18974,1011,290,5,290,10,1757,6,6,6,6,6,NA,NA,NA,NA,2019-08-13 18:54:00,0
2019-08-13 20:00:00,WIND,600702,1,HCM,1,18974,1011,250,2,230,5,1938,6,6,6,6,6,NA,NA,NA,NA,2019-08-13 19:54:00,0
2019-08-13 21:00:00,WIND,600702,1,HCM,1,18974,1011,230,4,240,6,2017,6,6,6,6,6,NA,NA,NA,NA,2019-08-13 22:28:00,0
2019-08-13 22:00:00,WIND,600702,1,HCM,1,18974,1011,220,4,230,6,2051,6,6,6,6,6,NA,NA,NA,NA,2019-08-13 22:28:00,0
2019-08-13 23:00:00,WIND,600702,1,HCM,1,18974,1011,200,6,200,8,2217,6,6,6,6,6,NA,NA,NA,NA,2019-08-13 23:29:00,0
2019-08-14 00:00:00,WIND,600702,1,HCM,1,18974,1011,190,6,180,8,2338,6,6,6,6,6,NA,NA,NA,NA,2019-08-14 06:01:00,0
2019-08-14 01:00:00,WIND,600702,1,HCM,1,18974,1011,180,6,170,10,24,6,6,6,6,6,NA,NA,NA,NA,2019-08-14 07:47:00,0
2019-08-14 02:00:00,WIND,600702,1,HCM,1,18974,1011,170,8,170,11,132,6,6,6,6,6,NA,NA,NA,NA,2019-08-14 07:47:00,0
2019-08-14 03:00:00,WIND,600702,1,HCM,1,18974,1011,160,7,150,10,203,6,6,6,6,6,NA,NA,NA,NA,2019-08-14 07:47:00,0
2019-08-14 04:00:00,WIND,600702,1,HCM,1,18974,1011,150,9,150,13,318,6,6,6,6,6,NA,NA,NA,NA,2019-08-14 07:48:00,0
2019-08-14 05:00:00,WIND,600702,1,HCM,1,18974,1011,120,10,120,15,429,6,6,6,6,6,NA,NA,NA,NA,2019-08-14 07:48:00,0
2019-08-14 06:00:00,WIND,600702,1,HCM,1,18974,1011,120,12,130,19,549,6,6,6,6,6,NA,NA,NA,NA,2019-08-14 07:48:00,0
2019-08-14 07:00:00,WIND,600702,1,HCM,1,18974,1011,120,15,120,19,606,6,6,6,6,6,NA,NA,NA,NA,2019-08-14 07:49:00,0
2019-08-14 08:00:00,WIND,600702,1,HCM,1,18974,1011,130,14,130,20,746,6,6,6,6,6,NA,NA,NA,NA,2019-08-14 07:52:00,0
2019-08-14 09:00:00,WIND,600702,1,HCM,1,18974,1011,130,14,120,19,801,6,6,6,6,6,NA,NA,NA,NA,2019-08-14 12:11:00,0
2019-08-14 10:00:00,WIND,600702,1,HCM,1,18974,1011,130,15,130,20,947,6,6,6,6,6,NA,NA,NA,NA,2019-08-14 12:12:00,0
2019-08-14 11:00:00,WIND,600702,1,HCM,1,18974,1011,130,16,140,21,1049,6,6,6,6,6,NA,NA,NA,NA,2019-08-14 12:13:00,0
2019-08-14 12:00:00,WIND,600702,1,HCM,1,18974,1011,130,17,130,22,1133,6,6,6,6,6,NA,NA,NA,NA,2019-08-14 12:13:00,0
2019-08-14 13:00:00,WIND,600702,1,HCM,1,18974,1011,130,17,130,23,1152,6,6,6,6,6,NA,NA,NA,NA,2019-08-14 17:55:00,0
2019-08-14 14:00:00,WIND,600702,1,HCM,1,18974,1011,130,17,130,22,1321,6,6,6,6,6,NA,NA,NA,NA,2019-08-15 10:28:00,0
2019-08-14 15:00:00,WIND,600702,1,HCM,1,18974,1011,130,17,120,22,1356,6,6,6,6,6,NA,NA,NA,NA,2019-08-15 10:30:00,0
2019-08-14 16:00:00,WIND,600702,1,HCM,1,18974,1011,130,17,130,22,1518,6,6,6,6,6,NA,NA,NA,NA,2019-08-15 10:30:00,0
2019-08-14 17:00:00,WIND,600702,1,HCM,1,18974,1011,130,16,130,21,1606,6,6,6,6,6,NA,NA,NA,NA,2019-08-15 10:31:00,0
2019-08-14 18:00:00,WIND,600702,1,HCM,1,18974,1011,130,16,140,23,1746,6,6,6,6,6,NA,NA,NA,NA,2019-08-15 10:31:00,0
2019-08-14 19:00:00,WIND,600702,1,HCM,1,18974,1011,180,14,160,25,1813,6,6,6,6,6,NA,NA,NA,NA,2019-08-15 10:31:00,0
2019-08-14 20:00:00,WIND,600702,1,HCM,1,18974,1011,230,10,250,18,1903,6,6,6,6,6,NA,NA,NA,NA,2019-08-15 10:32:00,0
2019-08-14 21:00:00,WIND,600702,1,HCM,1,18974,1011,210,7,210,11,2038,6,6,6,6,6,NA,NA,NA,NA,2019-08-15 10:34:00,0
2019-08-14 22:00:00,WIND,600702,1,HCM,1,18974,1011,210,8,220,14,2135,6,6,6,6,6,NA,NA,NA,NA,2019-08-15 10:34:00,0
2019-08-14 23:00:00,WIND,600702,1,HCM,1,18974,1011,220,6,220,11,2238,6,6,6,6,6,NA,NA,NA,NA,2019-08-15 10:35:00,0
2019-08-15 00:00:00,WIND,600702,1,HCM,1,18974,1011,220,8,230,12,2337,6,6,6,6,6,NA,NA,NA,NA,2019-08-15 10:35:00,0
2019-08-15 01:00:00,WIND,600702,1,HCM,1,18974,1011,240,11,270,21,45,6,6,6,6,6,NA,NA,NA,NA,2019-08-15 10:36:00,0
2019-08-15 02:00:00,WIND,600702,1,HCM,1,18974,1011,290,19,300,31,139,6,6,6,6,6,NA,NA,NA,NA,2019-08-15 10:36:00,0
2019-08-15 03:00:00,WIND,600702,1,HCM,1,18974,1011,310,23,310,33,226,6,6,6,6,6,NA,NA,NA,NA,2019-08-15 10:38:00,0
2019-08-15 04:00:00,WIND,600702,1,HCM,1,18974,1011,320,24,320,34,253,6,6,6,6,6,NA,NA,NA,NA,2019-08-15 10:38:00,0
2019-08-15 05:00:00,WIND,600702,1,HCM,1,18974,1011,310,21,310,32,428,6,6,6,6,6,NA,NA,NA,NA,2019-08-15 10:39:00,0
2019-08-15 06:00:00,WIND,600702,1,HCM,1,18974,1011,310,18,310,27,452,6,6,6,6,6,NA,NA,NA,NA,2019-08-15 10:39:00,0
2019-08-15 07:00:00,WIND,600702,1,HCM,1,18974,1011,310,18,300,25,609,6,6,6,6,6,NA,NA,NA,NA,2019-08-15 10:39:00,0
2019-08-15 08:00:00,WIND,600702,1,HCM,1,18974,1011,310,16,310,24,656,6,6,6,6,6,NA,NA,NA,NA,2019-08-15 10:39:00,0
2019-08-15 09:00:00,WIND,600702,1,HCM,1,18974,1011,300,15,300,21,832,6,6,6,6,6,NA,NA,NA,NA,2019-08-15 10:41:00,0
2019-08-15 10:00:00,WIND,600702,1,HCM,1,18974,1011,290,15,290,21,855,6,6,6,6,6,NA,NA,NA,NA,2019-08-15 10:42:00,0
2019-08-15 11:00:00,WIND,600702,1,HCM,1,18974,1011,290,13,280,18,1005,6,6,6,6,6,NA,NA,NA,NA,2019-08-15 10:51:00,0
2019-08-15 12:00:00,WIND,600702,1,HCM,1,18974,1011,280,12,280,19,1100,6,6,6,6,6,NA,NA,NA,NA,2019-08-15 12:27:00,0
2019-08-15 13:00:00,WIND,600702,1,HCM,1,18974,1011,270,12,270,19,1221,6,6,6,6,6,NA,NA,NA,NA,2019-08-15 14:40:00,0
2019-08-15 14:00:00,WIND,600702,1,HCM,1,18974,1011,250,12,260,18,1307,6,6,6,6,6,NA,NA,NA,NA,2019-08-15 14:42:00,0
2019-08-15 15:00:00,WIND,600702,1,HCM,1,18974,1011,230,11,240,17,1350,6,6,6,6,6,NA,NA,NA,NA,2019-08-15 14:51:00,0
2019-08-15 16:00:00,WIND,600702,1,HCM,1,18974,1011,210,10,200,17,1548,6,6,6,6,6,NA,NA,NA,NA,2019-08-15 15:51:00,0
2019-08-15 17:00:00,WIND,600702,1,HCM,1,18974,1011,200,11,220,19,1551,6,6,6,6,6,NA,NA,NA,NA,2019-08-15 16:56:00,0
2019-08-15 18:00:00,WIND,600702,1,HCM,1,18974,1011,170,13,170,18,1723,6,6,6,6,6,NA,NA,NA,NA,2019-08-15 18:14:00,0
2019-08-15 19:00:00,WIND,600702,1,HCM,1,18974,1011,210,14,210,20,1759,6,6,6,6,6,NA,NA,NA,NA,2019-08-15 23:11:00,0
2019-08-15 20:00:00,WIND,600702,1,HCM,1,18974,1011,210,12,220,18,1929,6,6,6,6,6,NA,NA,NA,NA,2019-08-15 23:42:00,0
2019-08-15 21:00:00,WIND,600702,1,HCM,1,18974,1011,200,12,210,18,2013,6,6,6,6,6,NA,NA,NA,NA,2019-08-15 23:44:00,0
2019-08-15 22:00:00,WIND,600702,1,HCM,1,18974,1011,200,15,220,24,2116,6,6,6,6,6,NA,NA,NA,NA,2019-08-15 23:45:00,0
2019-08-15 23:00:00,WIND,600702,1,HCM,1,18974,1011,190,15,200,24,2224,6,6,6,6,6,NA,NA,NA,NA,2019-08-15 23:45:00,0
2019-08-16 00:00:00,WIND,600702,1,HCM,1,18974,1011,180,16,180,24,2343,6,6,6,6,6,NA,NA,NA,NA,2019-08-15 23:52:00,0
2019-08-16 01:00:00,WIND,600702,1,HCM,1,18974,1011,180,19,180,26,11,6,6,6,6,6,NA,NA,NA,NA,2019-08-16 00:51:00,0
2019-08-16 02:00:00,WIND,600702,1,HCM,1,18974,1011,180,19,170,25,143,6,6,6,6,6,NA,NA,NA,NA,2019-08-16 01:51:00,0
2019-08-16 03:00:00,WIND,600702,1,HCM,1,18974,1011,170,21,180,29,235,6,6,6,6,6,NA,NA,NA,NA,2019-08-16 02:51:00,0
2019-08-16 04:00:00,WIND,600702,1,HCM,1,18974,1011,160,23,180,32,319,6,6,6,6,6,NA,NA,NA,NA,2019-08-16 03:55:00,0
2019-08-16 05:00:00,WIND,600702,1,HCM,1,18974,1011,160,24,160,33,442,6,6,6,6,6,NA,NA,NA,NA,2019-08-16 04:51:00,0
2019-08-16 06:00:00,WIND,600702,1,HCM,1,18974,1011,160,25,160,35,539,6,6,6,6,6,NA,NA,NA,NA,2019-08-16 05:51:00,0
2019-08-16 07:00:00,WIND,600702,1,HCM,1,18974,1011,160,26,150,35,623,6,6,6,6,6,NA,NA,NA,NA,2019-08-16 06:51:00,0
2019-08-16 08:00:00,WIND,600702,1,HCM,1,18974,1011,160,26,150,37,708,6,6,6,6,6,NA,NA,NA,NA,2019-08-16 07:51:00,0
2019-08-16 09:00:00,WIND,600702,1,HCM,1,18974,1011,160,22,170,37,811,6,6,6,6,6,NA,NA,NA,NA,2019-08-16 08:53:00,0
2019-08-16 10:00:00,WIND,600702,1,HCM,1,18974,1011,0,0,0,0,850,6,6,6,6,6,NA,NA,NA,NA,2019-08-16 09:51:00,0
2019-08-16 11:00:00,WIND,600702,1,HCM,1,18974,1011,190,16,190,26,959,6,6,6,6,6,NA,NA,NA,NA,2019-08-16 10:51:00,0
2019-08-16 12:00:00,WIND,600702,1,HCM,1,18974,1011,210,17,200,32,1054,6,6,6,6,6,NA,NA,NA,NA,2019-08-16 11:51:00,0
2019-08-16 13:00:00,WIND,600702,1,HCM,1,18974,1011,220,19,220,28,1238,6,6,6,6,6,NA,NA,NA,NA,2019-08-16 12:51:00,0
2019-08-16 14:00:00,WIND,600702,1,HCM,1,18974,1011,210,19,220,29,1336,6,6,6,6,6,NA,NA,NA,NA,2019-08-16 13:55:00,0
2019-08-16 15:00:00,WIND,600702,1,HCM,1,18974,1011,200,18,210,26,1357,6,6,6,6,6,NA,NA,NA,NA,2019-08-16 14:51:00,0
2019-08-16 16:00:00,WIND,600702,1,HCM,1,18974,1011,200,18,210,26,1508,6,6,6,6,6,NA,NA,NA,NA,2019-08-16 15:51:00,0
2019-08-16 17:00:00,WIND,600702,1,HCM,1,18974,1011,210,18,220,27,1555,6,6,6,6,6,NA,NA,NA,NA,2019-08-16 16:52:00,0
2019-08-16 18:00:00,WIND,600702,1,HCM,1,18974,1011,220,16,220,25,1705,6,6,6,6,6,NA,NA,NA,NA,2019-08-16 17:51:00,0
2019-08-16 19:00:00,WIND,600702,1,HCM,1,18974,1011,210,15,210,24,1848,6,6,6,6,6,NA,NA,NA,NA,2019-08-16 18:51:00,0
2019-08-16 20:00:00,WIND,600702,1,HCM,1,18974,1011,210,13,220,21,1852,6,6,6,6,6,NA,NA,NA,NA,2019-08-16 19:51:00,0
2019-08-16 21:00:00,WIND,600702,1,HCM,1,18974,1011,210,12,200,20,2019,6,6,6,6,6,NA,NA,NA,NA,2019-08-16 20:54:00,0
2019-08-16 22:00:00,WIND,600702,1,HCM,1,18974,1011,200,11,200,21,2142,6,6,6,6,6,NA,NA,NA,NA,2019-08-16 21:51:00,0
2019-08-16 23:00:00,WIND,600702,1,HCM,1,18974,1011,200,12,200,19,2210,6,6,6,6,6,NA,NA,NA,NA,2019-08-16 22:51:00,0
2019-08-17 00:00:00,WIND,600702,1,HCM,1,18974,1011,180,12,180,22,2341,6,6,6,6,6,NA,NA,NA,NA,2019-08-16 23:51:00,0
2019-08-17 01:00:00,WIND,600702,1,HCM,1,18974,1011,210,18,240,30,24,6,6,6,6,6,NA,NA,NA,NA,2019-08-17 00:51:00,0
2019-08-17 02:00:00,WIND,600702,1,HCM,1,18974,1011,250,15,260,23,53,6,6,6,6,6,NA,NA,NA,NA,2019-08-17 01:51:00,0
2019-08-17 03:00:00,WIND,600702,1,HCM,1,18974,1011,250,15,250,23,218,6,6,6,6,6,NA,NA,NA,NA,2019-08-17 02:51:00,0
2019-08-17 04:00:00,WIND,600702,1,HCM,1,18974,1011,240,14,240,22,323,6,6,6,6,6,NA,NA,NA,NA,2019-08-17 03:51:00,0
2019-08-17 05:00:00,WIND,600702,1,HCM,1,18974,1011,230,15,230,28,447,6,6,6,6,6,NA,NA,NA,NA,2019-08-17 04:51:00,0
2019-08-17 06:00:00,WIND,600702,1,HCM,1,18974,1011,230,13,250,24,532,6,6,6,6,6,NA,NA,NA,NA,2019-08-17 05:51:00,0
2019-08-17 07:00:00,WIND,600702,1,HCM,1,18974,1011,220,12,210,23,638,6,6,6,6,6,NA,NA,NA,NA,2019-08-17 06:53:00,0
2019-08-17 08:00:00,WIND,600702,1,HCM,1,18974,1011,230,14,230,24,654,6,6,6,6,6,NA,NA,NA,NA,2019-08-17 07:53:00,0
2019-08-17 09:00:00,WIND,600702,1,HCM,1,18974,1011,220,18,220,28,825,6,6,6,6,6,NA,NA,NA,NA,2019-08-17 08:54:00,0
2019-08-17 10:00:00,WIND,600702,1,HCM,1,18974,1011,220,19,220,28,944,6,6,6,6,6,NA,NA,NA,NA,2019-08-17 09:51:00,0
2019-08-17 11:00:00,WIND,600702,1,HCM,1,18974,1011,210,21,220,31,1046,6,6,6,6,6,NA,NA,NA,NA,2019-08-17 10:51:00,0
2019-08-17 12:00:00,WIND,600702,1,HCM,1,18974,1011,210,23,220,34,1138,6,6,6,6,6,NA,NA,NA,NA,2019-08-17 11:53:00,0
2019-08-17 13:00:00,WIND,600702,1,HCM,1,18974,1011,210,23,210,36,1239,6,6,6,6,6,NA,NA,NA,NA,2019-08-17 12:51:00,0
2019-08-17 14:00:00,WIND,600702,1,HCM,1,18974,1011,200,24,200,35,1331,6,6,6,6,6,NA,NA,NA,NA,2019-08-17 13:51:00,0
2019-08-17 15:00:00,WIND,600702,1,HCM,1,18974,1011,210,23,210,41,1431,6,6,6,6,6,NA,NA,NA,NA,2019-08-17 14:52:00,0
2019-08-17 16:00:00,WIND,600702,1,HCM,1,18974,1011,210,23,210,35,1535,6,6,6,6,6,NA,NA,NA,NA,2019-08-17 15:51:00,0
2019-08-17 17:00:00,WIND,600702,1,HCM,1,18974,1011,210,25,200,40,1632,6,6,6,6,6,NA,NA,NA,NA,2019-08-17 16:51:00,0
2019-08-17 18:00:00,WIND,600702,1,HCM,1,18974,1011,210,24,210,37,1651,6,6,6,6,6,NA,NA,NA,NA,2019-08-17 17:51:00,0
2019-08-17 19:00:00,WIND,600702,1,HCM,1,18974,1011,210,24,210,37,1757,6,6,6,6,6,NA,NA,NA,NA,2019-08-17 18:51:00,0
2019-08-17 20:00:00,WIND,600702,1,HCM,1,18974,1011,210,22,210,34,1936,6,6,6,6,6,NA,NA,NA,NA,2019-08-17 19:51:00,0
2019-08-17 21:00:00,WIND,600702,1,HCM,1,18974,1011,210,22,210,36,2016,6,6,6,6,6,NA,NA,NA,NA,2019-08-17 20:55:00,0
2019-08-17 22:00:00,WIND,600702,1,HCM,1,18974,1011,210,21,220,34,2104,6,6,6,6,6,NA,NA,NA,NA,2019-08-17 21:51:00,0
2019-08-17 23:00:00,WIND,600702,1,HCM,1,18974,1011,210,20,200,29,2243,6,6,6,6,6,NA,NA,NA,NA,2019-08-17 22:51:00,0
2019-08-18 00:00:00,WIND,600702,1,HCM,1,18974,1011,220,19,220,28,2309,6,6,6,6,6,NA,NA,NA,NA,2019-08-17 23:51:00,0
2019-08-18 01:00:00,WIND,600702,1,HCM,1,18974,1011,220,17,220,28,14,6,6,6,6,6,NA,NA,NA,NA,2019-08-18 00:51:00,0
2019-08-18 02:00:00,WIND,600702,1,HCM,1,18974,1011,220,16,210,26,57,6,6,6,6,6,NA,NA,NA,NA,2019-08-18 01:51:00,0
2019-08-18 03:00:00,WIND,600702,1,HCM,1,18974,1011,220,14,210,23,236,6,6,6,6,6,NA,NA,NA,NA,2019-08-18 02:51:00,0
2019-08-18 04:00:00,WIND,600702,1,HCM,1,18974,1011,210,17,220,28,344,6,6,6,6,6,NA,NA,NA,NA,2019-08-18 03:51:00,0
2019-08-18 05:00:00,WIND,600702,1,HCM,1,18974,1011,210,19,200,30,430,6,6,6,6,6,NA,NA,NA,NA,2019-08-18 04:51:00,0
2019-08-18 06:00:00,WIND,600702,1,HCM,1,18974,1011,220,19,210,28,507,6,6,6,6,6,NA,NA,NA,NA,2019-08-18 05:51:00,0
2019-08-18 07:00:00,WIND,600702,1,HCM,1,18974,1011,240,17,240,26,646,6,6,6,6,6,NA,NA,NA,NA,2019-08-18 06:51:00,0
2019-08-18 08:00:00,WIND,600702,1,HCM,1,18974,1011,250,16,250,24,707,6,6,6,6,6,NA,NA,NA,NA,2019-08-18 07:51:00,0
2019-08-18 09:00:00,WIND,600702,1,HCM,1,18974,1011,270,16,270,23,803,6,6,6,6,6,NA,NA,NA,NA,2019-08-18 08:55:00,0
2019-08-18 10:00:00,WIND,600702,1,HCM,1,18974,1011,270,17,260,23,856,6,6,6,6,6,NA,NA,NA,NA,2019-08-18 09:51:00,0
2019-08-18 11:00:00,WIND,600702,1,HCM,1,18974,1011,270,18,270,25,1010,6,6,6,6,6,NA,NA,NA,NA,2019-08-18 10:51:00,0
2019-08-18 12:00:00,WIND,600702,1,HCM,1,18974,1011,270,17,260,24,1058,6,6,6,6,6,NA,NA,NA,NA,2019-08-18 11:51:00,0
2019-08-18 13:00:00,WIND,600702,1,HCM,1,18974,1011,280,16,270,25,1154,6,6,6,6,6,NA,NA,NA,NA,2019-08-18 12:51:00,0
2019-08-18 14:00:00,WIND,600702,1,HCM,1,18974,1011,280,19,290,27,1314,6,6,6,6,6,NA,NA,NA,NA,2019-08-18 13:51:00,0
2019-08-18 15:00:00,WIND,600702,1,HCM,1,18974,1011,280,19,280,29,1355,6,6,6,6,6,NA,NA,NA,NA,2019-08-18 14:51:00,0
2019-08-18 16:00:00,WIND,600702,1,HCM,1,18974,1011,280,18,270,25,1454,6,6,6,6,6,NA,NA,NA,NA,2019-08-18 15:51:00,0
2019-08-18 17:00:00,WIND,600702,1,HCM,1,18974,1011,270,15,270,22,1602,6,6,6,6,6,NA,NA,NA,NA,2019-08-18 16:51:00,0
2019-08-18 18:00:00,WIND,600702,1,HCM,1,18974,1011,270,12,270,18,1655,6,6,6,6,6,NA,NA,NA,NA,2019-08-18 17:51:00,0
2019-08-18 19:00:00,WIND,600702,1,HCM,1,18974,1011,260,11,270,17,1843,6,6,6,6,6,NA,NA,NA,NA,2019-08-18 18:52:00,0
2019-08-18 20:00:00,WIND,600702,1,HCM,1,18974,1011,270,8,270,15,1850,6,6,6,6,6,NA,NA,NA,NA,2019-08-18 19:51:00,0
2019-08-18 21:00:00,WIND,600702,1,HCM,1,18974,1011,270,7,270,10,2038,6,6,6,6,6,NA,NA,NA,NA,2019-08-18 20:53:00,0
2019-08-18 22:00:00,WIND,600702,1,HCM,1,18974,1011,270,7,280,11,2113,6,6,6,6,6,NA,NA,NA,NA,2019-08-18 21:51:00,0
2019-08-18 23:00:00,WIND,600702,1,HCM,1,18974,1011,270,8,280,14,2249,6,6,6,6,6,NA,NA,NA,NA,2019-08-18 22:51:00,0
2019-08-19 00:00:00,WIND,600702,1,HCM,1,18974,1011,280,12,280,18,2333,6,6,6,6,6,NA,NA,NA,NA,2019-08-18 23:51:00,0
2019-08-19 01:00:00,WIND,600702,1,HCM,1,18974,1011,280,13,280,23,15,6,6,6,6,6,NA,NA,NA,NA,2019-08-19 00:54:00,0
2019-08-19 02:00:00,WIND,600702,1,HCM,1,18974,1011,280,16,270,26,149,6,6,6,6,6,NA,NA,NA,NA,2019-08-19 01:52:00,0
2019-08-19 03:00:00,WIND,600702,1,HCM,1,18974,1011,280,18,280,26,211,6,6,6,6,6,NA,NA,NA,NA,2019-08-19 02:51:00,0
2019-08-19 04:00:00,WIND,600702,1,HCM,1,18974,1011,280,15,290,27,311,6,6,6,6,6,NA,NA,NA,NA,2019-08-19 03:52:00,0
2019-08-19 05:00:00,WIND,600702,1,HCM,1,18974,1011,270,15,280,23,437,6,6,6,6,6,NA,NA,NA,NA,2019-08-19 04:51:00,0
2019-08-19 06:00:00,WIND,600702,1,HCM,1,18974,1011,270,14,270,23,506,6,6,6,6,6,NA,NA,NA,NA,2019-08-19 05:53:00,0
2019-08-19 07:00:00,WIND,600702,1,HCM,1,18974,1011,260,13,250,21,642,6,6,6,6,6,NA,NA,NA,NA,2019-08-19 06:51:00,0
2019-08-19 08:00:00,WIND,600702,1,HCM,1,18974,1011,260,16,260,22,745,6,6,6,6,6,NA,NA,NA,NA,2019-08-19 07:51:00,0
2019-08-19 09:00:00,WIND,600702,1,HCM,1,18974,1011,260,17,260,23,800,6,6,6,6,6,NA,NA,NA,NA,2019-08-19 08:53:00,0
2019-08-19 10:00:00,WIND,600702,1,HCM,1,18974,1011,250,18,250,26,910,6,6,6,6,6,NA,NA,NA,NA,2019-08-19 09:51:00,0
2019-08-19 11:00:00,WIND,600702,1,HCM,1,18974,1011,250,18,260,25,1031,6,6,6,6,6,NA,NA,NA,NA,2019-08-19 10:52:00,0
2019-08-19 12:00:00,WIND,600702,1,HCM,1,18974,1011,250,18,250,26,1146,6,6,6,6,6,NA,NA,NA,NA,2019-08-19 11:51:00,0
2019-08-19 13:00:00,WIND,600702,1,HCM,1,18974,1011,250,19,250,26,1218,6,6,6,6,6,NA,NA,NA,NA,2019-08-19 12:52:00,0
2019-08-19 14:00:00,WIND,600702,1,HCM,1,18974,1011,250,18,250,26,1300,6,6,6,6,6,NA,NA,NA,NA,2019-08-19 13:51:00,0
2019-08-19 15:00:00,WIND,600702,1,HCM,1,18974,1011,270,13,250,22,1408,6,6,6,6,6,NA,NA,NA,NA,2019-08-19 14:51:00,0
2019-08-19 16:00:00,WIND,600702,1,HCM,1,18974,1011,320,10,320,18,1517,6,6,6,6,6,NA,NA,NA,NA,2019-08-19 15:51:00,0
2019-08-19 17:00:00,WIND,600702,1,HCM,1,18974,1011,310,11,310,20,1608,6,6,6,6,6,NA,NA,NA,NA,2019-08-19 16:52:00,0
2019-08-19 18:00:00,WIND,600702,1,HCM,1,18974,1011,310,12,300,18,1740,6,6,6,6,6,NA,NA,NA,NA,2019-08-19 17:51:00,0
2019-08-19 19:00:00,WIND,600702,1,HCM,1,18974,1011,310,12,300,20,1800,6,6,6,6,6,NA,NA,NA,NA,2019-08-19 18:51:00,0
2019-08-19 20:00:00,WIND,600702,1,HCM,1,18974,1011,310,9,310,13,1907,6,6,6,6,6,NA,NA,NA,NA,2019-08-19 19:51:00,0
2019-08-19 21:00:00,WIND,600702,1,HCM,1,18974,1011,300,9,310,13,1952,6,6,6,6,6,NA,NA,NA,NA,2019-08-19 20:55:00,0
2019-08-19 22:00:00,WIND,600702,1,HCM,1,18974,1011,300,8,310,11,2140,6,6,6,6,6,NA,NA,NA,NA,2019-08-19 21:51:00,0
2019-08-19 23:00:00,WIND,600702,1,HCM,1,18974,1011,300,7,310,10,2208,6,6,6,6,6,NA,NA,NA,NA,2019-08-19 22:51:00,0
2019-08-20 00:00:00,WIND,600702,1,HCM,1,18974,1011,290,7,290,13,2318,6,6,6,6,6,NA,NA,NA,NA,2019-08-19 23:51:00,0
2019-08-20 01:00:00,WIND,600702,1,HCM,1,18974,1011,290,5,290,10,6,6,6,6,6,6,NA,NA,NA,NA,2019-08-20 00:51:00,0
2019-08-20 02:00:00,WIND,600702,1,HCM,1,18974,1011,270,6,280,9,105,6,6,6,6,6,NA,NA,NA,NA,2019-08-20 01:51:00,0
2019-08-20 03:00:00,WIND,600702,1,HCM,1,18974,1011,250,4,250,7,153,6,6,6,6,6,NA,NA,NA,NA,2019-08-20 02:51:00,0
2019-08-20 04:00:00,WIND,600702,1,HCM,1,18974,1011,310,7,280,12,256,6,6,6,6,6,NA,NA,NA,NA,2019-08-20 03:51:00,0
2019-08-20 05:00:00,WIND,600702,1,HCM,1,18974,1011,30,2,340,6,350,6,6,6,6,6,NA,NA,NA,NA,2019-08-20 04:51:00,0
2019-08-20 06:00:00,WIND,600702,1,HCM,1,18974,1011,320,2,300,6,526,6,6,6,6,6,NA,NA,NA,NA,2019-08-20 05:52:00,0
2019-08-20 07:00:00,WIND,600702,1,HCM,1,18974,1011,300,3,340,6,551,6,6,6,6,6,NA,NA,NA,NA,2019-08-20 06:53:00,0
2019-08-20 08:00:00,WIND,600702,1,HCM,1,18974,1011,260,3,260,5,650,6,6,6,6,6,NA,NA,NA,NA,2019-08-20 07:51:00,0
2019-08-20 09:00:00,WIND,600702,1,HCM,1,18974,1011,260,7,260,12,836,6,6,6,6,6,NA,NA,NA,NA,2019-08-20 08:54:00,0
2019-08-20 10:00:00,WIND,600702,1,HCM,1,18974,1011,260,10,250,15,933,6,6,6,6,6,NA,NA,NA,NA,2019-08-20 09:51:00,0
2019-08-20 11:00:00,WIND,600702,1,HCM,1,18974,1011,250,10,230,15,1024,6,6,6,6,6,NA,NA,NA,NA,2019-08-20 10:52:00,0
2019-08-20 12:00:00,WIND,600702,1,HCM,1,18974,1011,250,10,240,15,1107,6,6,6,6,6,NA,NA,NA,NA,2019-08-20 11:53:00,0
2019-08-20 13:00:00,WIND,600702,1,HCM,1,18974,1011,230,10,230,16,1216,6,6,6,6,6,NA,NA,NA,NA,2019-08-20 12:51:00,0
2019-08-20 14:00:00,WIND,600702,1,HCM,1,18974,1011,220,10,210,17,1325,6,6,6,6,6,NA,NA,NA,NA,2019-08-20 13:51:00,0
2019-08-20 15:00:00,WIND,600702,1,HCM,1,18974,1011,220,10,230,15,1403,6,6,6,6,6,NA,NA,NA,NA,2019-08-20 14:51:00,0
2019-08-20 16:00:00,WIND,600702,1,HCM,1,18974,1011,180,10,210,13,1456,6,6,6,6,6,NA,NA,NA,NA,2019-08-20 15:53:00,0
2019-08-20 17:00:00,WIND,600702,1,HCM,1,18974,1011,170,9,180,13,1613,6,6,6,6,6,NA,NA,NA,NA,2019-08-20 16:52:00,0
2019-08-20 18:00:00,WIND,600702,1,HCM,1,18974,1011,150,9,150,11,1728,6,6,6,6,6,NA,NA,NA,NA,2019-08-20 17:51:00,0
2019-08-20 19:00:00,WIND,600702,1,HCM,1,18974,1011,150,10,150,14,1820,6,6,6,6,6,NA,NA,NA,NA,2019-08-20 18:51:00,0
2019-08-20 20:00:00,WIND,600702,1,HCM,1,18974,1011,150,11,140,16,1941,6,6,6,6,6,NA,NA,NA,NA,2019-08-20 19:51:00,0
2019-08-20 21:00:00,WIND,600702,1,HCM,1,18974,1011,140,12,150,16,2045,6,6,6,6,6,NA,NA,NA,NA,2019-08-20 20:53:00,0
2019-08-20 22:00:00,WIND,600702,1,HCM,1,18974,1011,170,13,170,18,2103,6,6,6,6,6,NA,NA,NA,NA,2019-08-20 21:51:00,0
2019-08-20 23:00:00,WIND,600702,1,HCM,1,18974,1011,190,9,170,16,2157,6,6,6,6,6,NA,NA,NA,NA,2019-08-20 22:51:00,0
2019-08-21 00:00:00,WIND,600702,1,HCM,1,18974,1011,210,8,230,14,2344,6,6,6,6,6,NA,NA,NA,NA,2019-08-20 23:51:00,0
2019-08-21 01:00:00,WIND,600702,1,HCM,1,18974,1011,230,10,230,15,22,6,6,6,6,6,NA,NA,NA,NA,2019-08-21 00:51:00,0
2019-08-21 02:00:00,WIND,600702,1,HCM,1,18974,1011,220,9,230,15,52,6,6,6,6,6,NA,NA,NA,NA,2019-08-21 01:51:00,0
2019-08-21 03:00:00,WIND,600702,1,HCM,1,18974,1011,210,9,200,15,245,6,6,6,6,6,NA,NA,NA,NA,2019-08-21 02:51:00,0
2019-08-21 04:00:00,WIND,600702,1,HCM,1,18974,1011,200,10,200,18,338,6,6,6,6,6,NA,NA,NA,NA,2019-08-21 03:51:00,0
2019-08-21 05:00:00,WIND,600702,1,HCM,1,18974,1011,190,13,180,18,422,6,6,6,6,6,NA,NA,NA,NA,2019-08-21 04:51:00,0
2019-08-21 06:00:00,WIND,600702,1,HCM,1,18974,1011,180,16,170,24,549,6,6,6,6,6,NA,NA,NA,NA,2019-08-21 05:52:00,0
2019-08-21 07:00:00,WIND,600702,1,HCM,1,18974,1011,180,20,180,27,629,6,6,6,6,6,NA,NA,NA,NA,2019-08-21 06:53:00,0
2019-08-21 08:00:00,WIND,600702,1,HCM,1,18974,1011,170,22,180,30,743,6,6,6,6,6,NA,NA,NA,NA,2019-08-21 07:51:00,0
2019-08-21 09:00:00,WIND,600702,1,HCM,1,18974,1011,170,23,170,32,813,6,6,6,6,6,NA,NA,NA,NA,2019-08-21 08:55:00,0
2019-08-21 10:00:00,WIND,600702,1,HCM,1,18974,1011,170,24,170,32,944,6,6,6,6,6,NA,NA,NA,NA,2019-08-21 09:51:00,0
2019-08-21 11:00:00,WIND,600702,1,HCM,1,18974,1011,170,25,170,34,1032,6,6,6,6,6,NA,NA,NA,NA,2019-08-21 10:52:00,0
2019-08-21 12:00:00,WIND,600702,1,HCM,1,18974,1011,160,25,160,35,1144,6,6,6,6,6,NA,NA,NA,NA,2019-08-21 11:51:00,0
2019-08-21 13:00:00,WIND,600702,1,HCM,1,18974,1011,160,28,150,38,1219,6,6,6,6,6,NA,NA,NA,NA,2019-08-21 12:51:00,0
2019-08-21 14:00:00,WIND,600702,1,HCM,1,18974,1011,170,27,170,39,1302,6,6,6,6,6,NA,NA,NA,NA,2019-08-21 13:51:00,0
2019-08-21 15:00:00,WIND,600702,1,HCM,1,18974,1011,190,23,170,37,1357,6,6,6,6,6,NA,NA,NA,NA,2019-08-21 14:51:00,0
2019-08-21 16:00:00,WIND,600702,1,HCM,1,18974,1011,210,15,210,27,1450,6,6,6,6,6,NA,NA,NA,NA,2019-08-21 15:51:00,0
2019-08-21 17:00:00,WIND,600702,1,HCM,1,18974,1011,240,13,240,20,1550,6,6,6,6,6,NA,NA,NA,NA,2019-08-21 16:54:00,0
2019-08-21 18:00:00,WIND,600702,1,HCM,1,18974,1011,240,14,230,19,1729,6,6,6,6,6,NA,NA,NA,NA,2019-08-21 17:51:00,0
2019-08-21 19:00:00,WIND,600702,1,HCM,1,18974,1011,230,14,210,21,1808,6,6,6,6,6,NA,NA,NA,NA,2019-08-21 18:51:00,0
2019-08-21 20:00:00,WIND,600702,1,HCM,1,18974,1011,230,13,230,21,1915,6,6,6,6,6,NA,NA,NA,NA,2019-08-21 19:51:00,0
2019-08-21 21:00:00,WIND,600702,1,HCM,1,18974,1011,220,12,220,17,2042,6,6,6,6,6,NA,NA,NA,NA,2019-08-21 20:54:00,0
2019-08-21 22:00:00,WIND,600702,1,HCM,1,18974,1011,210,13,210,22,2144,6,6,6,6,6,NA,NA,NA,NA,2019-08-21 21:51:00,0
2019-08-21 23:00:00,WIND,600702,1,HCM,1,18974,1011,220,13,220,21,2213,6,6,6,6,6,NA,NA,NA,NA,2019-08-21 22:51:00,0
2019-08-22 00:00:00,WIND,600702,1,HCM,1,18974,1011,210,13,210,21,2250,6,6,6,6,6,NA,NA,NA,NA,2019-08-21 23:51:00,0
2019-08-22 01:00:00,WIND,600702,1,HCM,1,18974,1011,210,13,210,21,2358,6,6,6,6,6,NA,NA,NA,NA,2019-08-22 00:51:00,0
2019-08-22 02:00:00,WIND,600702,1,HCM,1,18974,1011,220,14,220,22,107,6,6,6,6,6,NA,NA,NA,NA,2019-08-22 01:51:00,0
2019-08-22 03:00:00,WIND,600702,1,HCM,1,18974,1011,220,15,230,26,245,6,6,6,6,6,NA,NA,NA,NA,2019-08-22 02:51:00,0
2019-08-22 04:00:00,WIND,600702,1,HCM,1,18974,1011,210,15,220,25,319,6,6,6,6,6,NA,NA,NA,NA,2019-08-22 03:51:00,0
2019-08-22 05:00:00,WIND,600702,1,HCM,1,18974,1011,210,15,210,22,413,6,6,6,6,6,NA,NA,NA,NA,2019-08-22 04:52:00,0
2019-08-22 06:00:00,WIND,600702,1,HCM,1,18974,1011,210,15,210,24,510,6,6,6,6,6,NA,NA,NA,NA,2019-08-22 05:52:00,0
2019-08-22 07:00:00,WIND,600702,1,HCM,1,18974,1011,210,16,220,27,627,6,6,6,6,6,NA,NA,NA,NA,2019-08-22 06:53:00,0
2019-08-22 08:00:00,WIND,600702,1,HCM,1,18974,1011,210,18,220,28,727,6,6,6,6,6,NA,NA,NA,NA,2019-08-22 07:51:00,0
2019-08-22 09:00:00,WIND,600702,1,HCM,1,18974,1011,220,21,220,32,823,6,6,6,6,6,NA,NA,NA,NA,2019-08-22 08:55:00,0
2019-08-22 10:00:00,WIND,600702,1,HCM,1,18974,1011,210,22,220,33,935,6,6,6,6,6,NA,NA,NA,NA,2019-08-22 09:51:00,0
2019-08-22 11:00:00,WIND,600702,1,HCM,1,18974,1011,210,20,210,29,958,6,6,6,6,6,NA,NA,NA,NA,2019-08-22 10:51:00,0
2019-08-22 12:00:00,WIND,600702,1,HCM,1,18974,1011,200,20,210,32,1143,6,6,6,6,6,NA,NA,NA,NA,2019-08-22 11:51:00,0
2019-08-22 13:00:00,WIND,600702,1,HCM,1,18974,1011,220,19,230,29,1246,6,6,6,6,6,NA,NA,NA,NA,2019-08-22 12:51:00,0
2019-08-22 14:00:00,WIND,600702,1,HCM,1,18974,1011,230,22,230,33,1307,6,6,6,6,6,NA,NA,NA,NA,2019-08-22 13:51:00,0
2019-08-22 15:00:00,WIND,600702,1,HCM,1,18974,1011,230,20,230,30,1414,6,6,6,6,6,NA,NA,NA,NA,2019-08-22 14:52:00,0
2019-08-22 16:00:00,WIND,600702,1,HCM,1,18974,1011,230,17,230,25,1459,6,6,6,6,6,NA,NA,NA,NA,2019-08-22 15:52:00,0
2019-08-22 17:00:00,WIND,600702,1,HCM,1,18974,1011,240,15,240,21,1555,6,6,6,6,6,NA,NA,NA,NA,2019-08-22 20:33:00,0
2019-08-22 18:00:00,WIND,600702,1,HCM,1,18974,1011,230,14,240,20,1702,6,6,6,6,6,NA,NA,NA,NA,2019-08-22 20:33:00,0
2019-08-22 19:00:00,WIND,600702,1,HCM,1,18974,1011,230,12,240,17,1801,6,6,6,6,6,NA,NA,NA,NA,2019-08-22 20:35:00,0
2019-08-22 20:00:00,WIND,600702,1,HCM,1,18974,1011,220,11,220,17,1944,6,6,6,6,6,NA,NA,NA,NA,2019-08-22 20:35:00,0
2019-08-22 21:00:00,WIND,600702,1,HCM,1,18974,1011,220,19,220,27,2042,6,6,6,6,6,NA,NA,NA,NA,2019-08-22 20:56:00,0
2019-08-22 22:00:00,WIND,600702,1,HCM,1,18974,1011,230,20,230,29,2119,6,6,6,6,6,NA,NA,NA,NA,2019-08-23 01:09:00,0
2019-08-22 23:00:00,WIND,600702,1,HCM,1,18974,1011,230,20,230,29,2218,6,6,6,6,6,NA,NA,NA,NA,2019-08-23 01:43:00,0
2019-08-23 00:00:00,WIND,600702,1,HCM,1,18974,1011,230,20,230,29,2323,6,6,6,6,6,NA,NA,NA,NA,2019-08-23 01:43:00,0
2019-08-23 01:00:00,WIND,600702,1,HCM,1,18974,1011,220,20,220,29,49,6,6,6,6,6,NA,NA,NA,NA,2019-08-23 01:54:00,0
2019-08-23 02:00:00,WIND,600702,1,HCM,1,18974,1011,220,20,220,29,142,6,6,6,6,6,NA,NA,NA,NA,2019-08-23 01:55:00,0
2019-08-23 03:00:00,WIND,600702,1,HCM,1,18974,1011,220,20,230,31,221,6,6,6,6,6,NA,NA,NA,NA,2019-08-23 03:52:00,0
2019-08-23 04:00:00,WIND,600702,1,HCM,1,18974,1011,220,17,210,30,322,6,6,6,6,6,NA,NA,NA,NA,2019-08-23 03:54:00,0
2019-08-23 05:00:00,WIND,600702,1,HCM,1,18974,1011,220,19,220,30,416,6,6,6,6,6,NA,NA,NA,NA,2019-08-23 05:14:00,0
2019-08-23 06:00:00,WIND,600702,1,HCM,1,18974,1011,210,18,210,28,522,6,6,6,6,6,NA,NA,NA,NA,2019-08-23 07:05:00,0
2019-08-23 07:00:00,WIND,600702,1,HCM,1,18974,1011,200,18,200,28,554,6,6,6,6,6,NA,NA,NA,NA,2019-08-23 07:06:00,0
2019-08-23 08:00:00,WIND,600702,1,HCM,1,18974,1011,190,17,200,25,655,6,6,6,6,6,NA,NA,NA,NA,2019-08-23 09:05:00,0
2019-08-23 09:00:00,WIND,600702,1,HCM,1,18974,1011,190,17,180,25,803,6,6,6,6,6,NA,NA,NA,NA,2019-08-23 09:10:00,0
2019-08-23 10:00:00,WIND,600702,1,HCM,1,18974,1011,180,18,180,25,920,6,6,6,6,6,NA,NA,NA,NA,2019-08-23 10:32:00,0
2019-08-23 11:00:00,WIND,600702,1,HCM,1,18974,1011,180,20,180,28,1020,6,6,6,6,6,NA,NA,NA,NA,2019-08-23 13:06:00,0
2019-08-23 12:00:00,WIND,600702,1,HCM,1,18974,1011,180,20,180,28,1101,6,6,6,6,6,NA,NA,NA,NA,2019-08-23 13:06:00,0
2019-08-23 13:00:00,WIND,600702,1,HCM,1,18974,1011,170,17,180,23,1202,6,6,6,6,6,NA,NA,NA,NA,2019-08-23 13:07:00,0
2019-08-23 14:00:00,WIND,600702,1,HCM,1,18974,1011,170,15,170,21,1252,6,6,6,6,6,NA,NA,NA,NA,2019-08-23 14:00:00,0
2019-08-23 15:00:00,WIND,600702,1,HCM,1,18974,1011,170,15,160,21,1440,6,6,6,6,6,NA,NA,NA,NA,2019-08-23 15:38:00,0
2019-08-23 16:00:00,WIND,600702,1,HCM,1,18974,1011,160,15,160,21,1541,6,6,6,6,6,NA,NA,NA,NA,2019-08-23 15:51:00,0
2019-08-23 17:00:00,WIND,600702,1,HCM,1,18974,1011,160,14,170,21,1554,6,6,6,6,6,NA,NA,NA,NA,2019-08-23 17:15:00,0
2019-08-23 18:00:00,WIND,600702,1,HCM,1,18974,1011,160,13,170,18,1716,6,6,6,6,6,NA,NA,NA,NA,2019-08-23 17:53:00,0
2019-08-23 19:00:00,WIND,600702,1,HCM,1,18974,1011,150,12,150,17,1837,6,6,6,6,6,NA,NA,NA,NA,2019-08-23 18:51:00,0
2019-08-23 20:00:00,WIND,600702,1,HCM,1,18974,1011,150,14,150,19,1915,6,6,6,6,6,NA,NA,NA,NA,2019-08-23 19:52:00,0
2019-08-23 21:00:00,WIND,600702,1,HCM,1,18974,1011,160,14,160,20,2018,6,6,6,6,6,NA,NA,NA,NA,2019-08-23 20:56:00,0
2019-08-23 22:00:00,WIND,600702,1,HCM,1,18974,1011,160,16,160,24,2112,6,6,6,6,6,NA,NA,NA,NA,2019-08-24 00:58:00,3
2019-08-23 23:00:00,WIND,600702,1,HCM,1,18974,1011,160,15,160,21,2239,6,6,6,6,6,NA,NA,NA,NA,2019-08-24 02:28:00,0
2019-08-24 00:00:00,WIND,600702,1,HCM,1,18974,1011,160,15,150,20,2312,6,6,6,6,6,NA,NA,NA,NA,2019-08-24 03:28:00,0
2019-08-24 01:00:00,WIND,600702,1,HCM,1,18974,1011,160,14,170,20,49,6,6,6,6,6,NA,NA,NA,NA,2019-08-24 03:52:00,0
2019-08-24 02:00:00,WIND,600702,1,HCM,1,18974,1011,170,15,160,22,145,6,6,6,6,6,NA,NA,NA,NA,2019-08-24 03:52:00,0
2019-08-24 03:00:00,WIND,600702,1,HCM,1,18974,1011,170,16,170,22,154,6,6,6,6,6,NA,NA,NA,NA,2019-08-24 03:53:00,0
2019-08-24 04:00:00,WIND,600702,1,HCM,1,18974,1011,160,15,160,21,310,6,6,6,6,6,NA,NA,NA,NA,2019-08-24 03:53:00,0
2019-08-24 05:00:00,WIND,600702,1,HCM,1,18974,1011,160,15,170,21,410,6,6,6,6,6,NA,NA,NA,NA,2019-08-24 06:24:00,0
2019-08-24 06:00:00,WIND,600702,1,HCM,1,18974,1011,160,16,170,21,545,6,6,6,6,6,NA,NA,NA,NA,2019-08-24 06:29:00,0
2019-08-24 07:00:00,WIND,600702,1,HCM,1,18974,1011,170,18,170,24,625,6,6,6,6,6,NA,NA,NA,NA,2019-08-24 06:51:00,0
2019-08-24 08:00:00,WIND,600702,1,HCM,1,18974,1011,170,16,170,22,654,6,6,6,6,6,NA,NA,NA,NA,2019-08-24 07:51:00,0
2019-08-24 09:00:00,WIND,600702,1,HCM,1,18974,1011,170,15,170,21,750,6,6,6,6,6,NA,NA,NA,NA,2019-08-24 08:53:00,0
2019-08-24 10:00:00,WIND,600702,1,HCM,1,18974,1011,170,16,170,21,934,6,6,6,6,6,NA,NA,NA,NA,2019-08-24 09:51:00,0
2019-08-24 11:00:00,WIND,600702,1,HCM,1,18974,1011,170,14,160,19,950,6,6,6,6,6,NA,NA,NA,NA,2019-08-24 10:51:00,0
2019-08-24 12:00:00,WIND,600702,1,HCM,1,18974,1011,170,13,170,18,1125,6,6,6,6,6,NA,NA,NA,NA,2019-08-24 12:09:00,0
2019-08-24 13:00:00,WIND,600702,1,HCM,1,18974,1011,170,12,170,17,1245,6,6,6,6,6,NA,NA,NA,NA,2019-08-24 12:51:00,0
2019-08-24 14:00:00,WIND,600702,1,HCM,1,18974,1011,170,9,170,15,1250,6,6,6,6,6,NA,NA,NA,NA,2019-08-24 13:51:00,0
2019-08-24 15:00:00,WIND,600702,1,HCM,1,18974,1011,150,6,150,10,1441,6,6,6,6,6,NA,NA,NA,NA,2019-08-24 15:25:00,0
2019-08-24 16:00:00,WIND,600702,1,HCM,1,18974,1011,160,7,140,11,1549,6,6,6,6,6,NA,NA,NA,NA,2019-08-24 15:51:00,0
2019-08-24 17:00:00,WIND,600702,1,HCM,1,18974,1011,160,7,140,11,1553,6,6,6,6,6,NA,NA,NA,NA,2019-08-24 16:52:00,0
2019-08-24 18:00:00,WIND,600702,1,HCM,1,18974,1011,170,6,170,9,1656,6,6,6,6,6,NA,NA,NA,NA,2019-08-24 17:51:00,0
2019-08-24 19:00:00,WIND,600702,1,HCM,1,18974,1011,170,5,160,8,1752,6,6,6,6,6,NA,NA,NA,NA,2019-08-24 18:51:00,0
2019-08-24 20:00:00,WIND,600702,1,HCM,1,18974,1011,220,3,220,5,1851,6,6,6,6,6,NA,NA,NA,NA,2019-08-24 20:23:00,0
2019-08-24 21:00:00,WIND,600702,1,HCM,1,18974,1011,160,2,80,7,2029,6,6,6,6,6,NA,NA,NA,NA,2019-08-24 20:56:00,0
2019-08-24 22:00:00,WIND,600702,1,HCM,1,18974,1011,270,2,260,5,2113,6,6,6,6,6,NA,NA,NA,NA,2019-08-24 21:51:00,0
2019-08-24 23:00:00,WIND,600702,1,HCM,1,18974,1011,350,6,330,9,2248,6,6,6,6,6,NA,NA,NA,NA,2019-08-24 22:51:00,0
2019-08-25 00:00:00,WIND,600702,1,HCM,1,18974,1011,340,9,320,11,2300,6,6,6,6,6,NA,NA,NA,NA,2019-08-25 00:35:00,0
2019-08-25 01:00:00,WIND,600702,1,HCM,1,18974,1011,360,8,350,11,46,6,6,6,6,6,NA,NA,NA,NA,2019-08-25 02:32:00,0
2019-08-25 02:00:00,WIND,600702,1,HCM,1,18974,1011,10,9,360,11,111,6,6,6,6,6,NA,NA,NA,NA,2019-08-25 02:34:00,0
2019-08-25 03:00:00,WIND,600702,1,HCM,1,18974,1011,20,8,10,10,208,6,6,6,6,6,NA,NA,NA,NA,2019-08-25 04:23:00,0
2019-08-25 04:00:00,WIND,600702,1,HCM,1,18974,1011,20,8,10,10,329,6,6,6,6,6,NA,NA,NA,NA,2019-08-25 04:24:00,0
2019-08-25 05:00:00,WIND,600702,1,HCM,1,18974,1011,30,7,350,13,440,6,6,6,6,6,NA,NA,NA,NA,2019-08-25 06:53:00,0
2019-08-25 06:00:00,WIND,600702,1,HCM,1,18974,1011,20,8,360,11,516,6,6,6,6,6,NA,NA,NA,NA,2019-08-25 06:58:00,0
2019-08-25 07:00:00,WIND,600702,1,HCM,1,18974,1011,40,7,360,12,642,6,6,6,6,6,NA,NA,NA,NA,2019-08-25 09:58:00,0
2019-08-25 08:00:00,WIND,600702,1,HCM,1,18974,1011,20,7,10,10,657,6,6,6,6,6,NA,NA,NA,NA,2019-08-25 09:59:00,0
2019-08-25 09:00:00,WIND,600702,1,HCM,1,18974,1011,40,4,20,9,751,6,6,6,6,6,NA,NA,NA,NA,2019-08-25 10:03:00,0
2019-08-25 10:00:00,WIND,600702,1,HCM,1,18974,1011,40,4,360,11,936,6,6,6,6,6,NA,NA,NA,NA,2019-08-25 10:05:00,0
2019-08-25 11:00:00,WIND,600702,1,HCM,1,18974,1011,320,4,340,9,958,6,6,6,6,6,NA,NA,NA,NA,2019-08-25 10:51:00,0
2019-08-25 12:00:00,WIND,600702,1,HCM,1,18974,1011,170,5,210,8,1147,6,6,6,6,6,NA,NA,NA,NA,2019-08-25 11:51:00,0
2019-08-25 13:00:00,WIND,600702,1,HCM,1,18974,1011,180,7,180,10,1207,6,6,6,6,6,NA,NA,NA,NA,2019-08-25 12:51:00,0
2019-08-25 14:00:00,WIND,600702,1,HCM,1,18974,1011,180,7,180,10,1307,6,6,6,6,6,NA,NA,NA,NA,2019-08-25 13:51:00,0
2019-08-25 15:00:00,WIND,600702,1,HCM,1,18974,1011,180,8,230,12,1448,6,6,6,6,6,NA,NA,NA,NA,2019-08-25 14:51:00,0
2019-08-25 16:00:00,WIND,600702,1,HCM,1,18974,1011,250,9,250,15,1456,6,6,6,6,6,NA,NA,NA,NA,2019-08-25 15:51:00,0
2019-08-25 17:00:00,WIND,600702,1,HCM,1,18974,1011,270,10,250,16,1630,6,6,6,6,6,NA,NA,NA,NA,2019-08-25 16:51:00,0
2019-08-25 18:00:00,WIND,600702,1,HCM,1,18974,1011,260,13,260,17,1737,6,6,6,6,6,NA,NA,NA,NA,2019-08-25 17:51:00,0
2019-08-25 19:00:00,WIND,600702,1,HCM,1,18974,1011,260,11,260,16,1800,6,6,6,6,6,NA,NA,NA,NA,2019-08-25 18:51:00,0
2019-08-25 20:00:00,WIND,600702,1,HCM,1,18974,1011,250,7,250,12,1904,6,6,6,6,6,NA,NA,NA,NA,2019-08-25 19:52:00,0
2019-08-25 21:00:00,WIND,600702,1,HCM,1,18974,1011,230,7,230,10,2032,6,6,6,6,6,NA,NA,NA,NA,2019-08-25 20:54:00,0
2019-08-25 22:00:00,WIND,600702,1,HCM,1,18974,1011,220,6,220,11,2057,6,6,6,6,6,NA,NA,NA,NA,2019-08-25 21:51:00,0
2019-08-25 23:00:00,WIND,600702,1,HCM,1,18974,1011,200,6,190,9,2237,6,6,6,6,6,NA,NA,NA,NA,2019-08-25 22:51:00,0
2019-08-26 00:00:00,WIND,600702,1,HCM,1,18974,1011,190,7,190,10,2336,6,6,6,6,6,NA,NA,NA,NA,2019-08-25 23:51:00,0
2019-08-26 01:00:00,WIND,600702,1,HCM,1,18974,1011,200,9,200,14,37,6,6,6,6,6,NA,NA,NA,NA,2019-08-26 00:51:00,0
2019-08-26 02:00:00,WIND,600702,1,HCM,1,18974,1011,190,11,200,17,139,6,6,6,6,6,NA,NA,NA,NA,2019-08-26 01:51:00,0
2019-08-26 03:00:00,WIND,600702,1,HCM,1,18974,1011,190,12,190,20,231,6,6,6,6,6,NA,NA,NA,NA,2019-08-26 02:51:00,0
2019-08-26 04:00:00,WIND,600702,1,HCM,1,18974,1011,200,12,210,19,302,6,6,6,6,6,NA,NA,NA,NA,2019-08-26 03:51:00,0
2019-08-26 05:00:00,WIND,600702,1,HCM,1,18974,1011,190,13,180,20,411,6,6,6,6,6,NA,NA,NA,NA,2019-08-26 04:51:00,0
2019-08-26 06:00:00,WIND,600702,1,HCM,1,18974,1011,190,12,200,21,546,6,6,6,6,6,NA,NA,NA,NA,2019-08-26 05:51:00,0
2019-08-26 07:00:00,WIND,600702,1,HCM,1,18974,1011,200,12,190,19,649,6,6,6,6,6,NA,NA,NA,NA,2019-08-26 06:51:00,0
2019-08-26 08:00:00,WIND,600702,1,HCM,1,18974,1011,200,13,210,19,726,6,6,6,6,6,NA,NA,NA,NA,2019-08-26 07:53:00,0
2019-08-26 09:00:00,WIND,600702,1,HCM,1,18974,1011,190,16,190,24,840,6,6,6,6,6,NA,NA,NA,NA,2019-08-26 08:54:00,0
2019-08-26 10:00:00,WIND,600702,1,HCM,1,18974,1011,180,17,190,23,858,6,6,6,6,6,NA,NA,NA,NA,2019-08-26 09:51:00,0
2019-08-26 11:00:00,WIND,600702,1,HCM,1,18974,1011,170,18,170,24,1039,6,6,6,6,6,NA,NA,NA,NA,2019-08-26 10:51:00,0
2019-08-26 12:00:00,WIND,600702,1,HCM,1,18974,1011,170,18,170,25,1129,6,6,6,6,6,NA,NA,NA,NA,2019-08-26 11:51:00,0
2019-08-26 13:00:00,WIND,600702,1,HCM,1,18974,1011,170,17,180,23,1206,6,6,6,6,6,NA,NA,NA,NA,2019-08-26 12:51:00,0
2019-08-26 14:00:00,WIND,600702,1,HCM,1,18974,1011,170,18,160,24,1308,6,6,6,6,6,NA,NA,NA,NA,2019-08-26 13:51:00,0
2019-08-26 15:00:00,WIND,600702,1,HCM,1,18974,1011,180,18,180,24,1449,6,6,6,6,6,NA,NA,NA,NA,2019-08-26 14:51:00,0
2019-08-26 16:00:00,WIND,600702,1,HCM,1,18974,1011,180,18,180,25,1459,6,6,6,6,6,NA,NA,NA,NA,2019-08-26 15:51:00,0
2019-08-26 17:00:00,WIND,600702,1,HCM,1,18974,1011,180,17,170,23,1551,6,6,6,6,6,NA,NA,NA,NA,2019-08-26 16:51:00,0
2019-08-26 18:00:00,WIND,600702,1,HCM,1,18974,1011,180,15,180,21,1650,6,6,6,6,6,NA,NA,NA,NA,2019-08-26 17:51:00,0
2019-08-26 19:00:00,WIND,600702,1,HCM,1,18974,1011,180,14,180,19,1759,6,6,6,6,6,NA,NA,NA,NA,2019-08-26 18:51:00,0
2019-08-26 20:00:00,WIND,600702,1,HCM,1,18974,1011,170,13,170,17,1935,6,6,6,6,6,NA,NA,NA,NA,2019-08-26 19:51:00,0
2019-08-26 21:00:00,WIND,600702,1,HCM,1,18974,1011,170,13,170,17,2004,6,6,6,6,6,NA,NA,NA,NA,2019-08-26 20:54:00,0
2019-08-26 22:00:00,WIND,600702,1,HCM,1,18974,1011,190,11,180,18,2052,6,6,6,6,6,NA,NA,NA,NA,2019-08-26 21:51:00,0
2019-08-26 23:00:00,WIND,600702,1,HCM,1,18974,1011,190,9,200,15,2157,6,6,6,6,6,NA,NA,NA,NA,2019-08-26 22:51:00,0
2019-08-27 00:00:00,WIND,600702,1,HCM,1,18974,1011,190,8,200,15,2347,6,6,6,6,6,NA,NA,NA,NA,2019-08-26 23:51:00,0
2019-08-27 01:00:00,WIND,600702,1,HCM,1,18974,1011,210,10,210,14,16,6,6,6,6,6,NA,NA,NA,NA,2019-08-27 00:51:00,0
2019-08-27 02:00:00,WIND,600702,1,HCM,1,18974,1011,200,10,200,16,113,6,6,6,6,6,NA,NA,NA,NA,2019-08-27 01:51:00,0
2019-08-27 03:00:00,WIND,600702,1,HCM,1,18974,1011,190,9,170,15,249,6,6,6,6,6,NA,NA,NA,NA,2019-08-27 02:51:00,0
2019-08-27 04:00:00,WIND,600702,1,HCM,1,18974,1011,180,11,180,18,254,6,6,6,6,6,NA,NA,NA,NA,2019-08-27 03:51:00,0
2019-08-27 05:00:00,WIND,600702,1,HCM,1,18974,1011,180,10,180,14,404,6,6,6,6,6,NA,NA,NA,NA,2019-08-27 04:51:00,0
2019-08-27 06:00:00,WIND,600702,1,HCM,1,18974,1011,180,11,170,16,536,6,6,6,6,6,NA,NA,NA,NA,2019-08-27 05:53:00,0
2019-08-27 07:00:00,WIND,600702,1,HCM,1,18974,1011,180,12,180,17,617,6,6,6,6,6,NA,NA,NA,NA,2019-08-27 06:51:00,0
2019-08-27 08:00:00,WIND,600702,1,HCM,1,18974,1011,180,12,180,17,718,6,6,6,6,6,NA,NA,NA,NA,2019-08-27 07:59:00,0
2019-08-27 09:00:00,WIND,600702,1,HCM,1,18974,1011,170,12,170,17,808,6,6,6,6,6,NA,NA,NA,NA,2019-08-27 08:55:00,0
2019-08-27 10:00:00,WIND,600702,1,HCM,1,18974,1011,160,13,180,19,937,6,6,6,6,6,NA,NA,NA,NA,2019-08-27 09:51:00,0
2019-08-27 11:00:00,WIND,600702,1,HCM,1,18974,1011,160,14,170,19,1013,6,6,6,6,6,NA,NA,NA,NA,2019-08-27 10:51:00,0
2019-08-27 12:00:00,WIND,600702,1,HCM,1,18974,1011,160,13,160,17,1112,6,6,6,6,6,NA,NA,NA,NA,2019-08-27 11:52:00,0
2019-08-27 13:00:00,WIND,600702,1,HCM,1,18974,1011,160,13,160,19,1249,6,6,6,6,6,NA,NA,NA,NA,2019-08-27 12:51:00,0
2019-08-27 14:00:00,WIND,600702,1,HCM,1,18974,1011,160,12,160,18,1251,6,6,6,6,6,NA,NA,NA,NA,2019-08-27 13:51:00,0
2019-08-27 15:00:00,WIND,600702,1,HCM,1,18974,1011,160,12,150,17,1350,6,6,6,6,6,NA,NA,NA,NA,2019-08-27 14:51:00,0
2019-08-27 16:00:00,WIND,600702,1,HCM,1,18974,1011,170,10,160,15,1459,6,6,6,6,6,NA,NA,NA,NA,2019-08-27 15:51:00,0
2019-08-27 17:00:00,WIND,600702,1,HCM,1,18974,1011,170,8,170,11,1622,6,6,6,6,6,NA,NA,NA,NA,2019-08-27 16:51:00,0
2019-08-27 18:00:00,WIND,600702,1,HCM,1,18974,1011,160,9,150,12,1742,6,6,6,6,6,NA,NA,NA,NA,2019-08-27 17:51:00,0
2019-08-27 19:00:00,WIND,600702,1,HCM,1,18974,1011,140,9,140,14,1817,6,6,6,6,6,NA,NA,NA,NA,2019-08-27 18:51:00,0
2019-08-27 20:00:00,WIND,600702,1,HCM,1,18974,1011,130,7,140,12,1858,6,6,6,6,6,NA,NA,NA,NA,2019-08-27 19:51:00,0
2019-08-27 21:00:00,WIND,600702,1,HCM,1,18974,1011,120,12,130,22,2044,6,6,6,6,6,NA,NA,NA,NA,2019-08-27 20:55:00,0
2019-08-27 22:00:00,WIND,600702,1,HCM,1,18974,1011,140,18,130,24,2055,6,6,6,6,6,NA,NA,NA,NA,2019-08-27 21:51:00,0
2019-08-27 23:00:00,WIND,600702,1,HCM,1,18974,1011,130,17,140,23,2224,6,6,6,6,6,NA,NA,NA,NA,2019-08-27 22:51:00,0
2019-08-28 00:00:00,WIND,600702,1,HCM,1,18974,1011,140,18,140,24,2312,6,6,6,6,6,NA,NA,NA,NA,2019-08-27 23:51:00,0
2019-08-28 01:00:00,WIND,600702,1,HCM,1,18974,1011,150,19,150,26,2350,6,6,6,6,6,NA,NA,NA,NA,2019-08-28 00:51:00,0
2019-08-28 02:00:00,WIND,600702,1,HCM,1,18974,1011,160,18,160,25,111,6,6,6,6,6,NA,NA,NA,NA,2019-08-28 01:51:00,0
2019-08-28 03:00:00,WIND,600702,1,HCM,1,18974,1011,170,18,160,25,203,6,6,6,6,6,NA,NA,NA,NA,2019-08-28 02:51:00,0
2019-08-28 04:00:00,WIND,600702,1,HCM,1,18974,1011,250,13,170,25,312,6,6,6,6,6,NA,NA,NA,NA,2019-08-28 03:51:00,0
2019-08-28 05:00:00,WIND,600702,1,HCM,1,18974,1011,330,10,340,15,414,6,6,6,6,6,NA,NA,NA,NA,2019-08-28 04:51:00,0
2019-08-28 06:00:00,WIND,600702,1,HCM,1,18974,1011,320,8,330,12,530,6,6,6,6,6,NA,NA,NA,NA,2019-08-28 05:51:00,0
2019-08-28 07:00:00,WIND,600702,1,HCM,1,18974,1011,320,11,310,19,648,6,6,6,6,6,NA,NA,NA,NA,2019-08-28 06:51:00,0
2019-08-28 08:00:00,WIND,600702,1,HCM,1,18974,1011,310,15,310,21,741,6,6,6,6,6,NA,NA,NA,NA,2019-08-28 07:51:00,0
2019-08-28 09:00:00,WIND,600702,1,HCM,1,18974,1011,310,16,310,21,837,6,6,6,6,6,NA,NA,NA,NA,2019-08-28 08:54:00,0
2019-08-28 10:00:00,WIND,600702,1,HCM,1,18974,1011,300,14,290,21,858,6,6,6,6,6,NA,NA,NA,NA,2019-08-28 09:51:00,0
2019-08-28 11:00:00,WIND,600702,1,HCM,1,18974,1011,290,15,290,20,1027,6,6,6,6,6,NA,NA,NA,NA,2019-08-28 10:51:00,0
2019-08-28 12:00:00,WIND,600702,1,HCM,1,18974,1011,280,14,260,19,1138,6,6,6,6,6,NA,NA,NA,NA,2019-08-28 11:52:00,0
2019-08-28 13:00:00,WIND,600702,1,HCM,1,18974,1011,270,14,280,20,1241,6,6,6,6,6,NA,NA,NA,NA,2019-08-28 12:55:00,0
2019-08-28 14:00:00,WIND,600702,1,HCM,1,18974,1011,260,13,250,20,1252,6,6,6,6,6,NA,NA,NA,NA,2019-08-28 13:51:00,0
2019-08-28 15:00:00,WIND,600702,1,HCM,1,18974,1011,250,13,250,19,1422,6,6,6,6,6,NA,NA,NA,NA,2019-08-28 14:51:00,0
2019-08-28 16:00:00,WIND,600702,1,HCM,1,18974,1011,240,12,220,19,1516,6,6,6,6,6,NA,NA,NA,NA,2019-08-28 15:51:00,0
2019-08-28 17:00:00,WIND,600702,1,HCM,1,18974,1011,220,12,210,17,1627,6,6,6,6,6,NA,NA,NA,NA,2019-08-28 16:51:00,0
2019-08-28 18:00:00,WIND,600702,1,HCM,1,18974,1011,220,11,220,17,1716,6,6,6,6,6,NA,NA,NA,NA,2019-08-28 17:51:00,0
2019-08-28 19:00:00,WIND,600702,1,HCM,1,18974,1011,210,9,210,13,1808,6,6,6,6,6,NA,NA,NA,NA,2019-08-28 18:51:00,0
2019-08-28 20:00:00,WIND,600702,1,HCM,1,18974,1011,210,7,210,12,1851,6,6,6,6,6,NA,NA,NA,NA,2019-08-28 19:51:00,0
2019-08-28 21:00:00,WIND,600702,1,HCM,1,18974,1011,190,8,180,14,2049,6,6,6,6,6,NA,NA,NA,NA,2019-08-28 20:54:00,0
2019-08-28 22:00:00,WIND,600702,1,HCM,1,18974,1011,200,10,200,18,2138,6,6,6,6,6,NA,NA,NA,NA,2019-08-28 21:51:00,0
2019-08-28 23:00:00,WIND,600702,1,HCM,1,18974,1011,200,12,200,18,2214,6,6,6,6,6,NA,NA,NA,NA,2019-08-28 22:52:00,0
2019-08-29 00:00:00,WIND,600702,1,HCM,1,18974,1011,210,10,220,16,2258,6,6,6,6,6,NA,NA,NA,NA,2019-08-28 23:51:00,0
2019-08-29 01:00:00,WIND,600702,1,HCM,1,18974,1011,210,11,220,17,42,6,6,6,6,6,NA,NA,NA,NA,2019-08-29 00:51:00,0
2019-08-29 02:00:00,WIND,600702,1,HCM,1,18974,1011,210,10,220,19,55,6,6,6,6,6,NA,NA,NA,NA,2019-08-29 01:51:00,0
2019-08-29 03:00:00,WIND,600702,1,HCM,1,18974,1011,200,12,190,20,246,6,6,6,6,6,NA,NA,NA,NA,2019-08-29 02:51:00,0
2019-08-29 04:00:00,WIND,600702,1,HCM,1,18974,1011,180,18,190,25,345,6,6,6,6,6,NA,NA,NA,NA,2019-08-29 03:51:00,0
2019-08-29 05:00:00,WIND,600702,1,HCM,1,18974,1011,180,21,170,29,434,6,6,6,6,6,NA,NA,NA,NA,2019-08-29 04:52:00,0
2019-08-29 06:00:00,WIND,600702,1,HCM,1,18974,1011,170,25,170,35,544,6,6,6,6,6,NA,NA,NA,NA,2019-08-29 05:51:00,0
2019-08-29 07:00:00,WIND,600702,1,HCM,1,18974,1011,170,26,170,36,609,6,6,6,6,6,NA,NA,NA,NA,2019-08-29 06:51:00,0
2019-08-29 08:00:00,WIND,600702,1,HCM,1,18974,1011,170,26,180,35,723,6,6,6,6,6,NA,NA,NA,NA,2019-08-29 07:51:00,0
2019-08-29 09:00:00,WIND,600702,1,HCM,1,18974,1011,180,25,180,35,753,6,6,6,6,6,NA,NA,NA,NA,2019-08-29 08:54:00,0
2019-08-29 10:00:00,WIND,600702,1,HCM,1,18974,1011,180,24,180,34,856,6,6,6,6,6,NA,NA,NA,NA,2019-08-29 09:51:00,0
2019-08-29 11:00:00,WIND,600702,1,HCM,1,18974,1011,200,22,190,33,951,6,6,6,6,6,NA,NA,NA,NA,2019-08-29 10:51:00,0
2019-08-29 12:00:00,WIND,600702,1,HCM,1,18974,1011,210,20,210,30,1056,6,6,6,6,6,NA,NA,NA,NA,2019-08-29 11:52:00,0
2019-08-29 13:00:00,WIND,600702,1,HCM,1,18974,1011,220,20,210,27,1157,6,6,6,6,6,NA,NA,NA,NA,2019-08-29 12:51:00,0
2019-08-29 14:00:00,WIND,600702,1,HCM,1,18974,1011,210,19,200,29,1330,6,6,6,6,6,NA,NA,NA,NA,2019-08-29 13:51:00,0
2019-08-29 15:00:00,WIND,600702,1,HCM,1,18974,1011,210,21,210,32,1447,6,6,6,6,6,NA,NA,NA,NA,2019-08-29 14:51:00,0
2019-08-29 16:00:00,WIND,600702,1,HCM,1,18974,1011,210,20,220,29,1509,6,6,6,6,6,NA,NA,NA,NA,2019-08-29 15:51:00,0
2019-08-29 17:00:00,WIND,600702,1,HCM,1,18974,1011,220,20,230,32,1636,6,6,6,6,6,NA,NA,NA,NA,2019-08-29 16:52:00,0
2019-08-29 18:00:00,WIND,600702,1,HCM,1,18974,1011,210,20,210,32,1745,6,6,6,6,6,NA,NA,NA,NA,2019-08-29 17:51:00,0
2019-08-29 19:00:00,WIND,600702,1,HCM,1,18974,1011,210,22,200,33,1751,6,6,6,6,6,NA,NA,NA,NA,2019-08-29 18:51:00,0
2019-08-29 20:00:00,WIND,600702,1,HCM,1,18974,1011,210,21,220,37,1901,6,6,6,6,6,NA,NA,NA,NA,2019-08-29 19:51:00,0
2019-08-29 21:00:00,WIND,600702,1,HCM,1,18974,1011,210,20,210,29,1953,6,6,6,6,6,NA,NA,NA,NA,2019-08-29 20:54:00,0
2019-08-29 22:00:00,WIND,600702,1,HCM,1,18974,1011,220,23,220,35,2137,6,6,6,6,6,NA,NA,NA,NA,2019-08-29 21:51:00,0
2019-08-29 23:00:00,WIND,600702,1,HCM,1,18974,1011,220,23,230,36,2157,6,6,6,6,6,NA,NA,NA,NA,2019-08-29 22:51:00,0
2019-08-30 00:00:00,WIND,600702,1,HCM,1,18974,1011,210,22,210,33,2346,6,6,6,6,6,NA,NA,NA,NA,2019-08-29 23:51:00,0
2019-08-30 01:00:00,WIND,600702,1,HCM,1,18974,1011,210,21,210,32,2350,6,6,6,6,6,NA,NA,NA,NA,2019-08-30 00:51:00,0
2019-08-30 02:00:00,WIND,600702,1,HCM,1,18974,1011,210,22,200,33,142,6,6,6,6,6,NA,NA,NA,NA,2019-08-30 01:51:00,0
2019-08-30 03:00:00,WIND,600702,1,HCM,1,18974,1011,200,21,180,33,249,6,6,6,6,6,NA,NA,NA,NA,2019-08-30 02:51:00,0
2019-08-30 04:00:00,WIND,600702,1,HCM,1,18974,1011,190,24,180,34,308,6,6,6,6,6,NA,NA,NA,NA,2019-08-30 03:51:00,0
2019-08-30 05:00:00,WIND,600702,1,HCM,1,18974,1011,190,24,190,33,406,6,6,6,6,6,NA,NA,NA,NA,2019-08-30 04:51:00,0
2019-08-30 06:00:00,WIND,600702,1,HCM,1,18974,1011,180,23,180,33,530,6,6,6,6,6,NA,NA,NA,NA,2019-08-30 05:51:00,0
2019-08-30 07:00:00,WIND,600702,1,HCM,1,18974,1011,190,22,180,32,602,6,6,6,6,6,NA,NA,NA,NA,2019-08-30 06:51:00,0
2019-08-30 08:00:00,WIND,600702,1,HCM,1,18974,1011,210,21,210,33,746,6,6,6,6,6,NA,NA,NA,NA,2019-08-30 07:51:00,0
2019-08-30 09:00:00,WIND,600702,1,HCM,1,18974,1011,210,22,230,33,829,6,6,6,6,6,NA,NA,NA,NA,2019-08-30 08:54:00,0
2019-08-30 10:00:00,WIND,600702,1,HCM,1,18974,1011,220,22,220,34,928,6,6,6,6,6,NA,NA,NA,NA,2019-08-30 09:51:00,0
2019-08-30 11:00:00,WIND,600702,1,HCM,1,18974,1011,220,21,220,32,1019,6,6,6,6,6,NA,NA,NA,NA,2019-08-30 10:51:00,0
2019-08-30 12:00:00,WIND,600702,1,HCM,1,18974,1011,290,13,230,25,1050,6,6,6,6,6,NA,NA,NA,NA,2019-08-30 11:52:00,0
2019-08-30 13:00:00,WIND,600702,1,HCM,1,18974,1011,270,10,280,16,1200,6,6,6,6,6,NA,NA,NA,NA,2019-08-30 12:51:00,0
2019-08-30 14:00:00,WIND,600702,1,HCM,1,18974,1011,260,11,250,16,1333,6,6,6,6,6,NA,NA,NA,NA,2019-08-30 13:51:00,0
2019-08-30 15:00:00,WIND,600702,1,HCM,1,18974,1011,240,10,240,14,1407,6,6,6,6,6,NA,NA,NA,NA,2019-08-30 14:51:00,0
2019-08-30 16:00:00,WIND,600702,1,HCM,1,18974,1011,240,9,230,13,1514,6,6,6,6,6,NA,NA,NA,NA,2019-08-30 15:51:00,0
2019-08-30 17:00:00,WIND,600702,1,HCM,1,18974,1011,230,8,250,13,1550,6,6,6,6,6,NA,NA,NA,NA,2019-08-30 16:51:00,0
2019-08-30 18:00:00,WIND,600702,1,HCM,1,18974,1011,200,6,230,10,1651,6,6,6,6,6,NA,NA,NA,NA,2019-08-30 17:51:00,0
2019-08-30 19:00:00,WIND,600702,1,HCM,1,18974,1011,190,5,170,10,1849,6,6,6,6,6,NA,NA,NA,NA,2019-08-30 18:51:00,0
2019-08-30 20:00:00,WIND,600702,1,HCM,1,18974,1011,170,9,170,12,1933,6,6,6,6,6,NA,NA,NA,NA,2019-08-30 19:51:00,0
2019-08-30 21:00:00,WIND,600702,1,HCM,1,18974,1011,160,10,150,14,2032,6,6,6,6,6,NA,NA,NA,NA,2019-08-30 20:53:00,0
2019-08-30 22:00:00,WIND,600702,1,HCM,1,18974,1011,150,8,160,11,2051,6,6,6,6,6,NA,NA,NA,NA,2019-08-30 21:51:00,0
2019-08-30 23:00:00,WIND,600702,1,HCM,1,18974,1011,130,6,140,9,2204,6,6,6,6,6,NA,NA,NA,NA,2019-08-30 22:51:00,0
2019-08-31 00:00:00,WIND,600702,1,HCM,1,18974,1011,60,4,60,8,2328,6,6,6,6,6,NA,NA,NA,NA,2019-08-30 23:51:00,0
2019-08-31 01:00:00,WIND,600702,1,HCM,1,18974,1011,40,6,30,10,47,6,6,6,6,6,NA,NA,NA,NA,2019-08-31 00:51:00,0
2019-08-31 02:00:00,WIND,600702,1,HCM,1,18974,1011,20,9,20,14,119,6,6,6,6,6,NA,NA,NA,NA,2019-08-31 01:51:00,0
2019-08-31 03:00:00,WIND,600702,1,HCM,1,18974,1011,10,13,10,24,246,6,6,6,6,6,NA,NA,NA,NA,2019-08-31 02:51:00,0
2019-08-31 04:00:00,WIND,600702,1,HCM,1,18974,1011,20,16,10,24,310,6,6,6,6,6,NA,NA,NA,NA,2019-08-31 03:51:00,0
2019-08-31 05:00:00,WIND,600702,1,HCM,1,18974,1011,20,15,10,21,449,6,6,6,6,6,NA,NA,NA,NA,2019-08-31 04:51:00,0
2019-08-31 06:00:00,WIND,600702,1,HCM,1,18974,1011,350,17,10,23,456,6,6,6,6,6,NA,NA,NA,NA,2019-08-31 05:51:00,0
2019-08-31 07:00:00,WIND,600702,1,HCM,1,18974,1011,340,17,350,25,622,6,6,6,6,6,NA,NA,NA,NA,2019-08-31 06:51:00,0
2019-08-31 08:00:00,WIND,600702,1,HCM,1,18974,1011,330,18,330,25,702,6,6,6,6,6,NA,NA,NA,NA,2019-08-31 07:51:00,0
2019-08-31 09:00:00,WIND,600702,1,HCM,1,18974,1011,340,16,340,23,753,6,6,6,6,6,NA,NA,NA,NA,2019-08-31 08:53:00,0
2019-08-31 10:00:00,WIND,600702,1,HCM,1,18974,1011,320,15,310,25,914,6,6,6,6,6,NA,NA,NA,NA,2019-08-31 09:52:00,0
2019-08-31 11:00:00,WIND,600702,1,HCM,1,18974,1011,310,17,310,25,1033,6,6,6,6,6,NA,NA,NA,NA,2019-08-31 10:51:00,0
2019-08-31 12:00:00,WIND,600702,1,HCM,1,18974,1011,300,16,300,23,1114,6,6,6,6,6,NA,NA,NA,NA,2019-08-31 11:52:00,0
2019-08-31 13:00:00,WIND,600702,1,HCM,1,18974,1011,290,18,290,24,1207,6,6,6,6,6,NA,NA,NA,NA,2019-08-31 12:51:00,0
2019-08-31 14:00:00,WIND,600702,1,HCM,1,18974,1011,290,17,290,24,1313,6,6,6,6,6,NA,NA,NA,NA,2019-08-31 13:51:00,0
2019-08-31 15:00:00,WIND,600702,1,HCM,1,18974,1011,290,16,280,28,1411,6,6,6,6,6,NA,NA,NA,NA,2019-08-31 14:51:00,0
2019-08-31 16:00:00,WIND,600702,1,HCM,1,18974,1011,280,18,280,26,1454,6,6,6,6,6,NA,NA,NA,NA,2019-08-31 15:51:00,0
2019-08-31 17:00:00,WIND,600702,1,HCM,1,18974,1011,270,16,280,25,1557,6,6,6,6,6,NA,NA,NA,NA,2019-08-31 16:51:00,0
2019-08-31 18:00:00,WIND,600702,1,HCM,1,18974,1011,270,13,260,20,1709,6,6,6,6,6,NA,NA,NA,NA,2019-08-31 17:52:00,0
2019-08-31 19:00:00,WIND,600702,1,HCM,1,18974,1011,280,16,280,26,1838,6,6,6,6,6,NA,NA,NA,NA,2019-08-31 18:51:00,0
2019-08-31 20:00:00,WIND,600702,1,HCM,1,18974,1011,280,14,270,22,1928,6,6,6,6,6,NA,NA,NA,NA,2019-08-31 19:51:00,0
2019-08-31 21:00:00,WIND,600702,1,HCM,1,18974,1011,280,15,280,22,2048,6,6,6,6,6,NA,NA,NA,NA,2019-08-31 20:55:00,0
2019-08-31 22:00:00,WIND,600702,1,HCM,1,18974,1011,280,14,280,20,2135,6,6,6,6,6,NA,NA,NA,NA,2019-08-31 21:51:00,0
2019-08-31 23:00:00,WIND,600702,1,HCM,1,18974,1011,280,14,280,22,2204,6,6,6,6,6,NA,NA,NA,NA,2019-08-31 22:51:00,0
2019-09-01 00:00:00,WIND,600702,1,HCM,1,18974,1011,290,13,290,20,2306,6,6,6,6,6,NA,NA,NA,NA,2019-08-31 23:51:00,0
2019-09-01 01:00:00,WIND,600702,1,HCM,1,18974,1011,290,14,280,20,39,6,6,6,6,6,NA,NA,NA,NA,2019-09-01 00:51:00,0
2019-09-01 02:00:00,WIND,600702,1,HCM,1,18974,1011,290,13,290,18,102,6,6,6,6,6,NA,NA,NA,NA,2019-09-01 01:51:00,0
2019-09-01 03:00:00,WIND,600702,1,HCM,1,18974,1011,290,13,300,20,236,6,6,6,6,6,NA,NA,NA,NA,2019-09-01 02:51:00,0
2019-09-01 04:00:00,WIND,600702,1,HCM,1,18974,1011,300,13,300,19,309,6,6,6,6,6,NA,NA,NA,NA,2019-09-01 03:51:00,0
2019-09-01 05:00:00,WIND,600702,1,HCM,1,18974,1011,300,14,300,21,408,6,6,6,6,6,NA,NA,NA,NA,2019-09-01 04:51:00,0
2019-09-01 06:00:00,WIND,600702,1,HCM,1,18974,1011,310,15,300,23,519,6,6,6,6,6,NA,NA,NA,NA,2019-09-01 05:52:00,0
2019-09-01 07:00:00,WIND,600702,1,HCM,1,18974,1011,310,14,320,29,630,6,6,6,6,6,NA,NA,NA,NA,2019-09-01 06:51:00,0
2019-09-01 08:00:00,WIND,600702,1,HCM,1,18974,1011,320,11,330,20,702,6,6,6,6,6,NA,NA,NA,NA,2019-09-01 07:51:00,0
2019-09-01 09:00:00,WIND,600702,1,HCM,1,18974,1011,320,11,320,17,758,6,6,6,6,6,NA,NA,NA,NA,2019-09-01 08:53:00,0
2019-09-01 10:00:00,WIND,600702,1,HCM,1,18974,1011,310,13,300,19,946,6,6,6,6,6,NA,NA,NA,NA,2019-09-01 09:51:00,0
2019-09-01 11:00:00,WIND,600702,1,HCM,1,18974,1011,300,10,310,19,953,6,6,6,6,6,NA,NA,NA,NA,2019-09-01 10:51:00,0
2019-09-01 12:00:00,WIND,600702,1,HCM,1,18974,1011,290,13,280,19,1128,6,6,6,6,6,NA,NA,NA,NA,2019-09-01 11:51:00,0
2019-09-01 13:00:00,WIND,600702,1,HCM,1,18974,1011,280,14,280,19,1211,6,6,6,6,6,NA,NA,NA,NA,2019-09-01 12:51:00,0
2019-09-01 14:00:00,WIND,600702,1,HCM,1,18974,1011,280,14,280,20,1306,6,6,6,6,6,NA,NA,NA,NA,2019-09-01 13:51:00,0
2019-09-01 15:00:00,WIND,600702,1,HCM,1,18974,1011,290,13,290,19,1359,6,6,6,6,6,NA,NA,NA,NA,2019-09-01 14:51:00,0
2019-09-01 16:00:00,WIND,600702,1,HCM,1,18974,1011,270,11,260,23,1529,6,6,6,6,6,NA,NA,NA,NA,2019-09-01 15:51:00,0
2019-09-01 17:00:00,WIND,600702,1,HCM,1,18974,1011,260,8,250,12,1553,6,6,6,6,6,NA,NA,NA,NA,2019-09-01 16:51:00,0
2019-09-01 18:00:00,WIND,600702,1,HCM,1,18974,1011,270,6,280,11,1741,6,6,6,6,6,NA,NA,NA,NA,2019-09-01 17:51:00,0
2019-09-01 19:00:00,WIND,600702,1,HCM,1,18974,1011,250,6,250,12,1809,6,6,6,6,6,NA,NA,NA,NA,2019-09-01 18:51:00,0
2019-09-01 20:00:00,WIND,600702,1,HCM,1,18974,1011,230,2,260,6,1854,6,6,6,6,6,NA,NA,NA,NA,2019-09-01 19:51:00,0
2019-09-01 21:00:00,WIND,600702,1,HCM,1,18974,1011,180,4,210,11,2048,6,6,6,6,6,NA,NA,NA,NA,2019-09-01 20:55:00,0
2019-09-01 22:00:00,WIND,600702,1,HCM,1,18974,1011,200,6,210,10,2050,6,6,6,6,6,NA,NA,NA,NA,2019-09-01 21:51:00,0
2019-09-01 23:00:00,WIND,600702,1,HCM,1,18974,1011,200,6,190,10,2154,6,6,6,6,6,NA,NA,NA,NA,2019-09-01 22:51:00,0
2019-09-02 00:00:00,WIND,600702,1,HCM,1,18974,1011,240,7,250,10,2300,6,6,6,6,6,NA,NA,NA,NA,2019-09-01 23:52:00,0
2019-09-02 01:00:00,WIND,600702,1,HCM,1,18974,1011,230,7,230,10,26,6,6,6,6,6,NA,NA,NA,NA,2019-09-02 00:51:00,0
2019-09-02 02:00:00,WIND,600702,1,HCM,1,18974,1011,230,9,230,14,119,6,6,6,6,6,NA,NA,NA,NA,2019-09-02 01:51:00,0
2019-09-02 03:00:00,WIND,600702,1,HCM,1,18974,1011,230,10,220,15,235,6,6,6,6,6,NA,NA,NA,NA,2019-09-02 02:51:00,0
2019-09-02 04:00:00,WIND,600702,1,HCM,1,18974,1011,220,10,230,16,305,6,6,6,6,6,NA,NA,NA,NA,2019-09-02 03:51:00,0
2019-09-02 05:00:00,WIND,600702,1,HCM,1,18974,1011,210,10,220,18,429,6,6,6,6,6,NA,NA,NA,NA,2019-09-02 04:51:00,0
2019-09-02 06:00:00,WIND,600702,1,HCM,1,18974,1011,200,15,200,23,530,6,6,6,6,6,NA,NA,NA,NA,2019-09-02 05:51:00,0
2019-09-02 07:00:00,WIND,600702,1,HCM,1,18974,1011,220,15,220,24,555,6,6,6,6,6,NA,NA,NA,NA,2019-09-02 06:51:00,0
2019-09-02 08:00:00,WIND,600702,1,HCM,1,18974,1011,220,17,220,26,744,6,6,6,6,6,NA,NA,NA,NA,2019-09-02 07:51:00,0
2019-09-02 09:00:00,WIND,600702,1,HCM,1,18974,1011,230,19,230,30,839,6,6,6,6,6,NA,NA,NA,NA,2019-09-02 08:55:00,0
2019-09-02 10:00:00,WIND,600702,1,HCM,1,18974,1011,230,19,240,28,943,6,6,6,6,6,NA,NA,NA,NA,2019-09-02 09:51:00,0
2019-09-02 11:00:00,WIND,600702,1,HCM,1,18974,1011,230,21,240,31,1045,6,6,6,6,6,NA,NA,NA,NA,2019-09-02 10:51:00,0
2019-09-02 12:00:00,WIND,600702,1,HCM,1,18974,1011,230,22,240,32,1147,6,6,6,6,6,NA,NA,NA,NA,2019-09-02 11:51:00,0
2019-09-02 13:00:00,WIND,600702,1,HCM,1,18974,1011,240,22,240,31,1209,6,6,6,6,6,NA,NA,NA,NA,2019-09-02 12:51:00,0
2019-09-02 14:00:00,WIND,600702,1,HCM,1,18974,1011,240,23,250,35,1340,6,6,6,6,6,NA,NA,NA,NA,2019-09-02 13:51:00,0
2019-09-02 15:00:00,WIND,600702,1,HCM,1,18974,1011,240,24,250,33,1356,6,6,6,6,6,NA,NA,NA,NA,2019-09-02 14:51:00,0
2019-09-02 16:00:00,WIND,600702,1,HCM,1,18974,1011,250,21,250,30,1500,6,6,6,6,6,NA,NA,NA,NA,2019-09-02 15:51:00,0
2019-09-02 17:00:00,WIND,600702,1,HCM,1,18974,1011,250,20,250,30,1602,6,6,6,6,6,NA,NA,NA,NA,2019-09-02 16:51:00,0
2019-09-02 18:00:00,WIND,600702,1,HCM,1,18974,1011,260,20,270,29,1719,6,6,6,6,6,NA,NA,NA,NA,2019-09-02 17:51:00,0
2019-09-02 19:00:00,WIND,600702,1,HCM,1,18974,1011,260,19,270,27,1813,6,6,6,6,6,NA,NA,NA,NA,2019-09-02 18:53:00,0
2019-09-02 20:00:00,WIND,600702,1,HCM,1,18974,1011,270,16,270,25,1904,6,6,6,6,6,NA,NA,NA,NA,2019-09-02 19:51:00,0
2019-09-02 21:00:00,WIND,600702,1,HCM,1,18974,1011,270,15,270,23,2042,6,6,6,6,6,NA,NA,NA,NA,2019-09-02 20:54:00,0
2019-09-02 22:00:00,WIND,600702,1,HCM,1,18974,1011,270,13,280,21,2110,6,6,6,6,6,NA,NA,NA,NA,2019-09-02 21:51:00,0
2019-09-02 23:00:00,WIND,600702,1,HCM,1,18974,1011,270,12,270,19,2233,6,6,6,6,6,NA,NA,NA,NA,2019-09-02 22:51:00,0
2019-09-03 00:00:00,WIND,600702,1,HCM,1,18974,1011,270,12,260,18,2254,6,6,6,6,6,NA,NA,NA,NA,2019-09-02 23:51:00,0
2019-09-03 01:00:00,WIND,600702,1,HCM,1,18974,1011,270,9,270,14,2350,6,6,6,6,6,NA,NA,NA,NA,2019-09-03 00:51:00,0
2019-09-03 02:00:00,WIND,600702,1,HCM,1,18974,1011,270,8,260,15,105,6,6,6,6,6,NA,NA,NA,NA,2019-09-03 01:51:00,0
2019-09-03 03:00:00,WIND,600702,1,HCM,1,18974,1011,270,6,270,9,210,6,6,6,6,6,NA,NA,NA,NA,2019-09-03 02:51:00,0
2019-09-03 04:00:00,WIND,600702,1,HCM,1,18974,1011,230,4,260,6,250,6,6,6,6,6,NA,NA,NA,NA,2019-09-03 03:51:00,0
2019-09-03 05:00:00,WIND,600702,1,HCM,1,18974,1011,210,4,210,5,432,6,6,6,6,6,NA,NA,NA,NA,2019-09-03 04:51:00,0
2019-09-03 06:00:00,WIND,600702,1,HCM,1,18974,1011,200,4,220,10,547,6,6,6,6,6,NA,NA,NA,NA,2019-09-03 05:51:00,0
2019-09-03 07:00:00,WIND,600702,1,HCM,1,18974,1011,220,7,230,10,554,6,6,6,6,6,NA,NA,NA,NA,2019-09-03 06:51:00,0
2019-09-03 08:00:00,WIND,600702,1,HCM,1,18974,1011,200,8,210,13,739,6,6,6,6,6,NA,NA,NA,NA,2019-09-03 07:51:00,0
2019-09-03 09:00:00,WIND,600702,1,HCM,1,18974,1011,190,8,200,12,750,6,6,6,6,6,NA,NA,NA,NA,2019-09-03 08:55:00,0
2019-09-03 10:00:00,WIND,600702,1,HCM,1,18974,1011,180,9,190,13,944,6,6,6,6,6,NA,NA,NA,NA,2019-09-03 09:51:00,0
2019-09-03 11:00:00,WIND,600702,1,HCM,1,18974,1011,200,11,210,17,1048,6,6,6,6,6,NA,NA,NA,NA,2019-09-03 10:51:00,0
2019-09-03 12:00:00,WIND,600702,1,HCM,1,18974,1011,220,12,200,17,1053,6,6,6,6,6,NA,NA,NA,NA,2019-09-03 11:51:00,0
2019-09-03 13:00:00,WIND,600702,1,HCM,1,18974,1011,220,13,220,19,1239,6,6,6,6,6,NA,NA,NA,NA,2019-09-03 12:51:00,0
2019-09-03 14:00:00,WIND,600702,1,HCM,1,18974,1011,220,14,220,23,1346,6,6,6,6,6,NA,NA,NA,NA,2019-09-03 13:51:00,0
2019-09-03 15:00:00,WIND,600702,1,HCM,1,18974,1011,220,16,230,25,1446,6,6,6,6,6,NA,NA,NA,NA,2019-09-03 14:51:00,0
2019-09-03 16:00:00,WIND,600702,1,HCM,1,18974,1011,220,16,220,24,1521,6,6,6,6,6,NA,NA,NA,NA,2019-09-03 19:10:00,0
2019-09-03 17:00:00,WIND,600702,1,HCM,1,18974,1011,240,16,250,25,1635,6,6,6,6,6,NA,NA,NA,NA,2019-09-03 19:13:00,0
2019-09-03 18:00:00,WIND,600702,1,HCM,1,18974,1011,250,17,260,25,1736,6,6,6,6,6,NA,NA,NA,NA,2019-09-03 19:13:00,0
2019-09-03 19:00:00,WIND,600702,1,HCM,1,18974,1011,260,15,260,22,1812,6,6,6,6,6,NA,NA,NA,NA,2019-09-03 19:13:00,0
2019-09-03 20:00:00,WIND,600702,1,HCM,1,18974,1011,250,12,260,19,1856,6,6,6,6,6,NA,NA,NA,NA,2019-09-03 19:56:00,0
2019-09-03 21:00:00,WIND,600702,1,HCM,1,18974,1011,250,13,250,19,2024,6,6,6,6,6,NA,NA,NA,NA,2019-09-03 20:54:00,0
2019-09-03 22:00:00,WIND,600702,1,HCM,1,18974,1011,250,13,260,24,2058,6,6,6,6,6,NA,NA,NA,NA,2019-09-03 21:52:00,0
2019-09-03 23:00:00,WIND,600702,1,HCM,1,18974,1011,250,15,260,23,2155,6,6,6,6,6,NA,NA,NA,NA,2019-09-03 22:57:00,0
2019-09-04 00:00:00,WIND,600702,1,HCM,1,18974,1011,250,16,240,26,2348,6,6,6,6,6,NA,NA,NA,NA,2019-09-03 23:51:00,0
2019-09-04 01:00:00,WIND,600702,1,HCM,1,18974,1011,240,15,240,26,2350,6,6,6,6,6,NA,NA,NA,NA,2019-09-04 00:55:00,0
2019-09-04 02:00:00,WIND,600702,1,HCM,1,18974,1011,240,15,250,22,100,6,6,6,6,6,NA,NA,NA,NA,2019-09-04 01:51:00,0
2019-09-04 03:00:00,WIND,600702,1,HCM,1,18974,1011,240,18,250,27,210,6,6,6,6,6,NA,NA,NA,NA,2019-09-04 02:51:00,0
2019-09-04 04:00:00,WIND,600702,1,HCM,1,18974,1011,230,18,230,27,344,6,6,6,6,6,NA,NA,NA,NA,2019-09-04 03:51:00,0
2019-09-04 05:00:00,WIND,600702,1,HCM,1,18974,1011,230,20,240,31,412,6,6,6,6,6,NA,NA,NA,NA,2019-09-04 04:51:00,0
2019-09-04 06:00:00,WIND,600702,1,HCM,1,18974,1011,230,23,230,34,520,6,6,6,6,6,NA,NA,NA,NA,2019-09-04 05:51:00,0
2019-09-04 07:00:00,WIND,600702,1,HCM,1,18974,1011,220,23,210,36,616,6,6,6,6,6,NA,NA,NA,NA,2019-09-04 06:52:00,0
2019-09-04 08:00:00,WIND,600702,1,HCM,1,18974,1011,270,21,260,32,741,6,6,6,6,6,NA,NA,NA,NA,2019-09-04 07:51:00,0
2019-09-04 09:00:00,WIND,600702,1,HCM,1,18974,1011,290,26,280,39,836,6,6,6,6,6,NA,NA,NA,NA,2019-09-04 08:55:00,0
2019-09-04 10:00:00,WIND,600702,1,HCM,1,18974,1011,310,26,320,41,923,6,6,6,6,6,NA,NA,NA,NA,2019-09-04 09:51:00,0
2019-09-04 11:00:00,WIND,600702,1,HCM,1,18974,1011,330,34,320,47,955,6,6,6,6,6,NA,NA,NA,NA,2019-09-04 14:37:00,0
2019-09-04 12:00:00,WIND,600702,1,HCM,1,18974,1011,340,30,350,40,1104,6,6,6,6,6,NA,NA,NA,NA,2019-09-04 14:39:00,0
2019-09-04 13:00:00,WIND,600702,1,HCM,1,18974,1011,340,32,350,44,1236,6,6,6,6,6,NA,NA,NA,NA,2019-09-04 14:54:00,0
2019-09-04 14:00:00,WIND,600702,1,HCM,1,18974,1011,350,33,340,45,1319,6,6,6,6,6,NA,NA,NA,NA,2019-09-04 14:55:00,0
2019-09-04 15:00:00,WIND,600702,1,HCM,1,18974,1011,340,33,340,45,1449,6,6,6,6,6,NA,NA,NA,NA,2019-09-04 14:55:00,0
2019-09-04 16:00:00,WIND,600702,1,HCM,1,18974,1011,340,31,340,41,1537,6,6,6,6,6,NA,NA,NA,NA,2019-09-04 17:07:00,0
2019-09-04 17:00:00,WIND,600702,1,HCM,1,18974,1011,340,29,340,41,1611,6,6,6,6,6,NA,NA,NA,NA,2019-09-04 17:09:00,0
2019-09-04 18:00:00,WIND,600702,1,HCM,1,18974,1011,340,29,340,40,1724,6,6,6,6,6,NA,NA,NA,NA,2019-09-04 17:51:00,0
2019-09-04 19:00:00,WIND,600702,1,HCM,1,18974,1011,340,27,340,38,1833,6,6,6,6,6,NA,NA,NA,NA,2019-09-04 18:51:00,0
2019-09-04 20:00:00,WIND,600702,1,HCM,1,18974,1011,340,25,330,34,1850,6,6,6,6,6,NA,NA,NA,NA,2019-09-04 19:51:00,0
2019-09-04 21:00:00,WIND,600702,1,HCM,1,18974,1011,340,22,340,31,2018,6,6,6,6,6,NA,NA,NA,NA,2019-09-04 20:53:00,0
2019-09-04 22:00:00,WIND,600702,1,HCM,1,18974,1011,330,18,340,32,2134,6,6,6,6,6,NA,NA,NA,NA,2019-09-04 21:51:00,0
2019-09-04 23:00:00,WIND,600702,1,HCM,1,18974,1011,320,18,330,27,2218,6,6,6,6,6,NA,NA,NA,NA,2019-09-04 22:51:00,0
2019-09-05 00:00:00,WIND,600702,1,HCM,1,18974,1011,310,16,300,24,2332,6,6,6,6,6,NA,NA,NA,NA,2019-09-04 23:51:00,0
2019-09-05 01:00:00,WIND,600702,1,HCM,1,18974,1011,320,17,320,25,1,6,6,6,6,6,NA,NA,NA,NA,2019-09-05 00:57:00,0
2019-09-05 02:00:00,WIND,600702,1,HCM,1,18974,1011,310,17,310,24,119,6,6,6,6,6,NA,NA,NA,NA,2019-09-05 01:51:00,0
2019-09-05 03:00:00,WIND,600702,1,HCM,1,18974,1011,300,16,300,23,156,6,6,6,6,6,NA,NA,NA,NA,2019-09-05 02:51:00,0
2019-09-05 04:00:00,WIND,600702,1,HCM,1,18974,1011,300,15,300,22,327,6,6,6,6,6,NA,NA,NA,NA,2019-09-05 03:51:00,0
2019-09-05 05:00:00,WIND,600702,1,HCM,1,18974,1011,290,16,280,23,448,6,6,6,6,6,NA,NA,NA,NA,2019-09-05 04:51:00,0
2019-09-05 06:00:00,WIND,600702,1,HCM,1,18974,1011,280,18,270,28,535,6,6,6,6,6,NA,NA,NA,NA,2019-09-05 05:51:00,0
2019-09-05 07:00:00,WIND,600702,1,HCM,1,18974,1011,290,19,290,30,627,6,6,6,6,6,NA,NA,NA,NA,2019-09-05 06:51:00,0
2019-09-05 08:00:00,WIND,600702,1,HCM,1,18974,1011,290,20,290,29,723,6,6,6,6,6,NA,NA,NA,NA,2019-09-05 07:51:00,0
2019-09-05 09:00:00,WIND,600702,1,HCM,1,18974,1011,280,20,290,28,815,6,6,6,6,6,NA,NA,NA,NA,2019-09-05 08:55:00,0
2019-09-05 10:00:00,WIND,600702,1,HCM,1,18974,1011,280,19,270,26,908,6,6,6,6,6,NA,NA,NA,NA,2019-09-05 09:51:00,0
2019-09-05 11:00:00,WIND,600702,1,HCM,1,18974,1011,280,18,270,24,1046,6,6,6,6,6,NA,NA,NA,NA,2019-09-05 10:52:00,0
2019-09-05 12:00:00,WIND,600702,1,HCM,1,18974,1011,270,18,260,26,1104,6,6,6,6,6,NA,NA,NA,NA,2019-09-05 11:51:00,0
2019-09-05 13:00:00,WIND,600702,1,HCM,1,18974,1011,270,18,270,26,1243,6,6,6,6,6,NA,NA,NA,NA,2019-09-05 12:51:00,0
2019-09-05 14:00:00,WIND,600702,1,HCM,1,18974,1011,260,17,260,25,1316,6,6,6,6,6,NA,NA,NA,NA,2019-09-05 13:51:00,0
2019-09-05 15:00:00,WIND,600702,1,HCM,1,18974,1011,260,17,260,26,1416,6,6,6,6,6,NA,NA,NA,NA,2019-09-05 14:51:00,0
2019-09-05 16:00:00,WIND,600702,1,HCM,1,18974,1011,250,17,240,26,1549,6,6,6,6,6,NA,NA,NA,NA,2019-09-05 15:51:00,0
2019-09-05 17:00:00,WIND,600702,1,HCM,1,18974,1011,240,18,240,27,1645,6,6,6,6,6,NA,NA,NA,NA,2019-09-05 16:51:00,0
2019-09-05 18:00:00,WIND,600702,1,HCM,1,18974,1011,230,14,240,27,1657,6,6,6,6,6,NA,NA,NA,NA,2019-09-05 17:51:00,0
2019-09-05 19:00:00,WIND,600702,1,HCM,1,18974,1011,230,19,230,30,1820,6,6,6,6,6,NA,NA,NA,NA,2019-09-05 18:51:00,0
2019-09-05 20:00:00,WIND,600702,1,HCM,1,18974,1011,220,22,230,34,1904,6,6,6,6,6,NA,NA,NA,NA,2019-09-05 19:51:00,0
2019-09-05 21:00:00,WIND,600702,1,HCM,1,18974,1011,230,24,220,36,2027,6,6,6,6,6,NA,NA,NA,NA,2019-09-05 20:54:00,0
2019-09-05 22:00:00,WIND,600702,1,HCM,1,18974,1011,230,25,230,38,2109,6,6,6,6,6,NA,NA,NA,NA,2019-09-05 21:51:00,0
2019-09-05 23:00:00,WIND,600702,1,HCM,1,18974,1011,240,25,240,37,2246,6,6,6,6,6,NA,NA,NA,NA,2019-09-05 22:51:00,0
2019-09-06 00:00:00,WIND,600702,1,HCM,1,18974,1011,240,23,240,34,2251,6,6,6,6,6,NA,NA,NA,NA,2019-09-05 23:51:00,0
2019-09-06 01:00:00,WIND,600702,1,HCM,1,18974,1011,260,20,250,33,2353,6,6,6,6,6,NA,NA,NA,NA,2019-09-06 00:51:00,0
2019-09-06 02:00:00,WIND,600702,1,HCM,1,18974,1011,280,19,290,28,124,6,6,6,6,6,NA,NA,NA,NA,2019-09-06 01:51:00,0
2019-09-06 03:00:00,WIND,600702,1,HCM,1,18974,1011,280,18,280,29,221,6,6,6,6,6,NA,NA,NA,NA,2019-09-06 02:51:00,0
2019-09-06 04:00:00,WIND,600702,1,HCM,1,18974,1011,290,20,280,31,318,6,6,6,6,6,NA,NA,NA,NA,2019-09-06 03:51:00,0
2019-09-06 05:00:00,WIND,600702,1,HCM,1,18974,1011,290,16,300,26,429,6,6,6,6,6,NA,NA,NA,NA,2019-09-06 04:51:00,0
2019-09-06 06:00:00,WIND,600702,1,HCM,1,18974,1011,280,17,280,29,516,6,6,6,6,6,NA,NA,NA,NA,2019-09-06 05:51:00,0
2019-09-06 07:00:00,WIND,600702,1,HCM,1,18974,1011,270,18,280,27,616,6,6,6,6,6,NA,NA,NA,NA,2019-09-06 06:51:00,0
2019-09-06 08:00:00,WIND,600702,1,HCM,1,18974,1011,270,19,270,29,720,6,6,6,6,6,NA,NA,NA,NA,2019-09-06 07:51:00,0
2019-09-06 09:00:00,WIND,600702,1,HCM,1,18974,1011,280,21,270,36,817,6,6,6,6,6,NA,NA,NA,NA,2019-09-06 08:54:00,0
2019-09-06 10:00:00,WIND,600702,1,HCM,1,18974,1011,280,22,290,35,940,6,6,6,6,6,NA,NA,NA,NA,2019-09-06 09:52:00,0
2019-09-06 11:00:00,WIND,600702,1,HCM,1,18974,1011,290,23,280,33,1049,6,6,6,6,6,NA,NA,NA,NA,2019-09-06 10:51:00,0
2019-09-06 12:00:00,WIND,600702,1,HCM,1,18974,1011,290,22,290,30,1145,6,6,6,6,6,NA,NA,NA,NA,2019-09-06 11:51:00,0
2019-09-06 13:00:00,WIND,600702,1,HCM,1,18974,1011,290,21,280,29,1238,6,6,6,6,6,NA,NA,NA,NA,2019-09-06 12:51:00,0
2019-09-06 14:00:00,WIND,600702,1,HCM,1,18974,1011,300,20,300,28,1309,6,6,6,6,6,NA,NA,NA,NA,2019-09-06 13:51:00,0
2019-09-06 15:00:00,WIND,600702,1,HCM,1,18974,1011,310,17,320,24,1414,6,6,6,6,6,NA,NA,NA,NA,2019-09-06 14:51:00,0
2019-09-06 16:00:00,WIND,600702,1,HCM,1,18974,1011,310,16,310,21,1540,6,6,6,6,6,NA,NA,NA,NA,2019-09-06 15:51:00,0
2019-09-06 17:00:00,WIND,600702,1,HCM,1,18974,1011,310,16,320,22,1609,6,6,6,6,6,NA,NA,NA,NA,2019-09-06 16:51:00,0
2019-09-06 18:00:00,WIND,600702,1,HCM,1,18974,1011,320,14,310,20,1721,6,6,6,6,6,NA,NA,NA,NA,2019-09-06 17:51:00,0
2019-09-06 19:00:00,WIND,600702,1,HCM,1,18974,1011,320,13,320,19,1809,6,6,6,6,6,NA,NA,NA,NA,2019-09-06 18:51:00,0
2019-09-06 20:00:00,WIND,600702,1,HCM,1,18974,1011,330,11,330,16,1858,6,6,6,6,6,NA,NA,NA,NA,2019-09-06 19:51:00,0
2019-09-06 21:00:00,WIND,600702,1,HCM,1,18974,1011,330,10,330,15,2047,6,6,6,6,6,NA,NA,NA,NA,2019-09-06 20:53:00,0
2019-09-06 22:00:00,WIND,600702,1,HCM,1,18974,1011,340,11,340,16,2126,6,6,6,6,6,NA,NA,NA,NA,2019-09-06 21:51:00,0
2019-09-06 23:00:00,WIND,600702,1,HCM,1,18974,1011,340,10,340,14,2243,6,6,6,6,6,NA,NA,NA,NA,2019-09-06 22:51:00,0
2019-09-07 00:00:00,WIND,600702,1,HCM,1,18974,1011,340,11,350,15,2339,6,6,6,6,6,NA,NA,NA,NA,2019-09-06 23:51:00,0
2019-09-07 01:00:00,WIND,600702,1,HCM,1,18974,1011,330,9,330,13,33,6,6,6,6,6,NA,NA,NA,NA,2019-09-07 00:51:00,0
2019-09-07 02:00:00,WIND,600702,1,HCM,1,18974,1011,340,10,340,15,140,6,6,6,6,6,NA,NA,NA,NA,2019-09-07 01:51:00,0
2019-09-07 03:00:00,WIND,600702,1,HCM,1,18974,1011,360,9,350,14,158,6,6,6,6,6,NA,NA,NA,NA,2019-09-07 02:51:00,0
2019-09-07 04:00:00,WIND,600702,1,HCM,1,18974,1011,360,8,350,11,345,6,6,6,6,6,NA,NA,NA,NA,2019-09-07 03:51:00,0
2019-09-07 05:00:00,WIND,600702,1,HCM,1,18974,1011,360,7,350,11,350,6,6,6,6,6,NA,NA,NA,NA,2019-09-07 04:51:00,0
2019-09-07 06:00:00,WIND,600702,1,HCM,1,18974,1011,360,7,340,10,458,6,6,6,6,6,NA,NA,NA,NA,2019-09-07 05:51:00,0
2019-09-07 07:00:00,WIND,600702,1,HCM,1,18974,1011,20,5,10,9,609,6,6,6,6,6,NA,NA,NA,NA,2019-09-07 06:51:00,0
2019-09-07 08:00:00,WIND,600702,1,HCM,1,18974,1011,30,4,30,7,747,6,6,6,6,6,NA,NA,NA,NA,2019-09-07 07:52:00,0
2019-09-07 09:00:00,WIND,600702,1,HCM,1,18974,1011,30,4,30,7,757,6,6,6,6,6,NA,NA,NA,NA,2019-09-07 08:55:00,0
2019-09-07 10:00:00,WIND,600702,1,HCM,1,18974,1011,60,4,30,6,851,6,6,6,6,6,NA,NA,NA,NA,2019-09-07 09:51:00,0
2019-09-07 11:00:00,WIND,600702,1,HCM,1,18974,1011,30,3,80,6,954,6,6,6,6,6,NA,NA,NA,NA,2019-09-07 10:51:00,0
2019-09-07 12:00:00,WIND,600702,1,HCM,1,18974,1011,320,3,290,6,1124,6,6,6,6,6,NA,NA,NA,NA,2019-09-07 11:51:00,0
2019-09-07 13:00:00,WIND,600702,1,HCM,1,18974,1011,340,4,300,8,1238,6,6,6,6,6,NA,NA,NA,NA,2019-09-07 12:51:00,0
2019-09-07 14:00:00,WIND,600702,1,HCM,1,18974,1011,330,5,330,9,1343,6,6,6,6,6,NA,NA,NA,NA,2019-09-07 15:56:00,0
2019-09-07 15:00:00,WIND,600702,1,HCM,1,18974,1011,330,7,330,10,1402,6,6,6,6,6,NA,NA,NA,NA,2019-09-07 15:57:00,0
2019-09-07 16:00:00,WIND,600702,1,HCM,1,18974,1011,350,5,360,11,1450,6,6,6,6,6,NA,NA,NA,NA,2019-09-07 15:58:00,0
2019-09-07 17:00:00,WIND,600702,1,HCM,1,18974,1011,330,4,310,8,1635,6,6,6,6,6,NA,NA,NA,NA,2019-09-07 16:52:00,0
2019-09-07 18:00:00,WIND,600702,1,HCM,1,18974,1011,300,3,300,6,1704,6,6,6,6,6,NA,NA,NA,NA,2019-09-07 17:51:00,0
2019-09-07 19:00:00,WIND,600702,1,HCM,1,18974,1011,240,3,270,6,1804,6,6,6,6,6,NA,NA,NA,NA,2019-09-07 18:51:00,0
2019-09-07 20:00:00,WIND,600702,1,HCM,1,18974,1011,210,3,210,8,1943,6,6,6,6,6,NA,NA,NA,NA,2019-09-07 19:51:00,0
2019-09-07 21:00:00,WIND,600702,1,HCM,1,18974,1011,210,4,190,11,1952,6,6,6,6,6,NA,NA,NA,NA,2019-09-07 20:56:00,0
2019-09-07 22:00:00,WIND,600702,1,HCM,1,18974,1011,210,3,210,5,2114,6,6,6,6,6,NA,NA,NA,NA,2019-09-07 21:51:00,0
2019-09-07 23:00:00,WIND,600702,1,HCM,1,18974,1011,230,5,230,7,2226,6,6,6,6,6,NA,NA,NA,NA,2019-09-07 22:53:00,0
2019-09-08 00:00:00,WIND,600702,1,HCM,1,18974,1011,210,4,230,7,2333,6,6,6,6,6,NA,NA,NA,NA,2019-09-08 01:34:00,0
2019-09-08 01:00:00,WIND,600702,1,HCM,1,18974,1011,210,5,210,8,37,6,6,6,6,6,NA,NA,NA,NA,2019-09-08 01:34:00,0
2019-09-08 02:00:00,WIND,600702,1,HCM,1,18974,1011,200,6,200,9,148,6,6,6,6,6,NA,NA,NA,NA,2019-09-08 01:51:00,0
2019-09-08 03:00:00,WIND,600702,1,HCM,1,18974,1011,200,6,200,10,239,6,6,6,6,6,NA,NA,NA,NA,2019-09-08 02:51:00,0
2019-09-08 04:00:00,WIND,600702,1,HCM,1,18974,1011,190,8,180,13,336,6,6,6,6,6,NA,NA,NA,NA,2019-09-08 03:51:00,0
2019-09-08 05:00:00,WIND,600702,1,HCM,1,18974,1011,190,9,190,14,358,6,6,6,6,6,NA,NA,NA,NA,2019-09-08 04:51:00,0
2019-09-08 06:00:00,WIND,600702,1,HCM,1,18974,1011,180,10,180,16,526,6,6,6,6,6,NA,NA,NA,NA,2019-09-08 05:51:00,0
2019-09-08 07:00:00,WIND,600702,1,HCM,1,18974,1011,190,12,180,17,632,6,6,6,6,6,NA,NA,NA,NA,2019-09-08 06:51:00,0
2019-09-08 08:00:00,WIND,600702,1,HCM,1,18974,1011,180,13,180,18,746,6,6,6,6,6,NA,NA,NA,NA,2019-09-08 07:51:00,0
2019-09-08 09:00:00,WIND,600702,1,HCM,1,18974,1011,170,15,170,20,831,6,6,6,6,6,NA,NA,NA,NA,2019-09-08 08:55:00,0
2019-09-08 10:00:00,WIND,600702,1,HCM,1,18974,1011,170,16,170,21,942,6,6,6,6,6,NA,NA,NA,NA,2019-09-08 09:53:00,0
2019-09-08 11:00:00,WIND,600702,1,HCM,1,18974,1011,170,17,170,21,1018,6,6,6,6,6,NA,NA,NA,NA,2019-09-08 10:51:00,0
2019-09-08 12:00:00,WIND,600702,1,HCM,1,18974,1011,170,17,170,24,1055,6,6,6,6,6,NA,NA,NA,NA,2019-09-08 11:51:00,0
2019-09-08 13:00:00,WIND,600702,1,HCM,1,18974,1011,170,17,170,23,1244,6,6,6,6,6,NA,NA,NA,NA,2019-09-08 12:53:00,0
2019-09-08 14:00:00,WIND,600702,1,HCM,1,18974,1011,170,18,180,24,1320,6,6,6,6,6,NA,NA,NA,NA,2019-09-08 13:51:00,0
2019-09-08 15:00:00,WIND,600702,1,HCM,1,18974,1011,170,17,170,22,1359,6,6,6,6,6,NA,NA,NA,NA,2019-09-08 14:51:00,0
2019-09-08 16:00:00,WIND,600702,1,HCM,1,18974,1011,170,16,170,21,1524,6,6,6,6,6,NA,NA,NA,NA,2019-09-08 15:51:00,0
2019-09-08 17:00:00,WIND,600702,1,HCM,1,18974,1011,170,16,170,22,1611,6,6,6,6,6,NA,NA,NA,NA,2019-09-08 16:51:00,0
2019-09-08 18:00:00,WIND,600702,1,HCM,1,18974,1011,170,14,180,20,1657,6,6,6,6,6,NA,NA,NA,NA,2019-09-08 17:51:00,0
2019-09-08 19:00:00,WIND,600702,1,HCM,1,18974,1011,190,12,170,20,1800,6,6,6,6,6,NA,NA,NA,NA,2019-09-08 18:51:00,0
2019-09-08 20:00:00,WIND,600702,1,HCM,1,18974,1011,180,9,200,15,1856,6,6,6,6,6,NA,NA,NA,NA,2019-09-08 19:51:00,0
2019-09-08 21:00:00,WIND,600702,1,HCM,1,18974,1011,170,10,170,14,2044,6,6,6,6,6,NA,NA,NA,NA,2019-09-08 20:54:00,0
2019-09-08 22:00:00,WIND,600702,1,HCM,1,18974,1011,170,10,180,14,2142,6,6,6,6,6,NA,NA,NA,NA,2019-09-08 21:52:00,0
2019-09-08 23:00:00,WIND,600702,1,HCM,1,18974,1011,180,9,180,13,2201,6,6,6,6,6,NA,NA,NA,NA,2019-09-08 22:51:00,0
2019-09-09 00:00:00,WIND,600702,1,HCM,1,18974,1011,210,8,210,14,2336,6,6,6,6,6,NA,NA,NA,NA,2019-09-08 23:51:00,0
2019-09-09 01:00:00,WIND,600702,1,HCM,1,18974,1011,200,10,200,15,28,6,6,6,6,6,NA,NA,NA,NA,2019-09-09 00:51:00,0
2019-09-09 02:00:00,WIND,600702,1,HCM,1,18974,1011,210,10,220,18,146,6,6,6,6,6,NA,NA,NA,NA,2019-09-09 01:51:00,0
2019-09-09 03:00:00,WIND,600702,1,HCM,1,18974,1011,220,11,290,17,244,6,6,6,6,6,NA,NA,NA,NA,2019-09-09 02:51:00,0
2019-09-09 04:00:00,WIND,600702,1,HCM,1,18974,1011,320,17,320,24,306,6,6,6,6,6,NA,NA,NA,NA,2019-09-09 03:51:00,0
2019-09-09 05:00:00,WIND,600702,1,HCM,1,18974,1011,320,16,330,22,358,6,6,6,6,6,NA,NA,NA,NA,2019-09-09 04:54:00,0
2019-09-09 06:00:00,WIND,600702,1,HCM,1,18974,1011,330,14,330,20,506,6,6,6,6,6,NA,NA,NA,NA,2019-09-09 05:51:00,0
2019-09-09 07:00:00,WIND,600702,1,HCM,1,18974,1011,330,13,320,21,624,6,6,6,6,6,NA,NA,NA,NA,2019-09-09 06:51:00,0
2019-09-09 08:00:00,WIND,600702,1,HCM,1,18974,1011,340,14,350,20,733,6,6,6,6,6,NA,NA,NA,NA,2019-09-09 07:51:00,0
2019-09-09 09:00:00,WIND,600702,1,HCM,1,18974,1011,330,12,340,20,834,6,6,6,6,6,NA,NA,NA,NA,2019-09-09 08:53:00,0
2019-09-09 10:00:00,WIND,600702,1,HCM,1,18974,1011,330,13,320,22,940,6,6,6,6,6,NA,NA,NA,NA,2019-09-09 09:51:00,0
2019-09-09 11:00:00,WIND,600702,1,HCM,1,18974,1011,330,16,330,22,1020,6,6,6,6,6,NA,NA,NA,NA,2019-09-09 10:51:00,0
2019-09-09 12:00:00,WIND,600702,1,HCM,1,18974,1011,330,17,320,23,1148,6,6,6,6,6,NA,NA,NA,NA,2019-09-09 11:51:00,0
2019-09-09 13:00:00,WIND,600702,1,HCM,1,18974,1011,330,18,320,23,1205,6,6,6,6,6,NA,NA,NA,NA,2019-09-09 12:51:00,0
2019-09-09 14:00:00,WIND,600702,1,HCM,1,18974,1011,330,17,320,23,1300,6,6,6,6,6,NA,NA,NA,NA,2019-09-09 13:51:00,0
2019-09-09 15:00:00,WIND,600702,1,HCM,1,18974,1011,330,18,340,24,1351,6,6,6,6,6,NA,NA,NA,NA,2019-09-09 14:51:00,0
2019-09-09 16:00:00,WIND,600702,1,HCM,1,18974,1011,330,17,330,24,1458,6,6,6,6,6,NA,NA,NA,NA,2019-09-09 15:51:00,0
2019-09-09 17:00:00,WIND,600702,1,HCM,1,18974,1011,330,16,320,23,1629,6,6,6,6,6,NA,NA,NA,NA,2019-09-09 16:51:00,0
2019-09-09 18:00:00,WIND,600702,1,HCM,1,18974,1011,330,15,330,21,1711,6,6,6,6,6,NA,NA,NA,NA,2019-09-09 17:51:00,0
2019-09-09 19:00:00,WIND,600702,1,HCM,1,18974,1011,330,13,320,19,1825,6,6,6,6,6,NA,NA,NA,NA,2019-09-09 18:51:00,0
2019-09-09 20:00:00,WIND,600702,1,HCM,1,18974,1011,320,13,310,20,1922,6,6,6,6,6,NA,NA,NA,NA,2019-09-09 19:51:00,0
2019-09-09 21:00:00,WIND,600702,1,HCM,1,18974,1011,320,11,320,17,1954,6,6,6,6,6,NA,NA,NA,NA,2019-09-09 20:53:00,0
2019-09-09 22:00:00,WIND,600702,1,HCM,1,18974,1011,320,9,330,13,2052,6,6,6,6,6,NA,NA,NA,NA,2019-09-09 21:51:00,0
2019-09-09 23:00:00,WIND,600702,1,HCM,1,18974,1011,320,8,330,12,2220,6,6,6,6,6,NA,NA,NA,NA,2019-09-09 22:51:00,0
2019-09-10 00:00:00,WIND,600702,1,HCM,1,18974,1011,320,8,330,11,2332,6,6,6,6,6,NA,NA,NA,NA,2019-09-09 23:51:00,0
2019-09-10 01:00:00,WIND,600702,1,HCM,1,18974,1011,310,8,310,10,2355,6,6,6,6,6,NA,NA,NA,NA,2019-09-10 00:51:00,0
2019-09-10 02:00:00,WIND,600702,1,HCM,1,18974,1011,300,7,300,9,50,6,6,6,6,6,NA,NA,NA,NA,2019-09-10 01:51:00,0
2019-09-10 03:00:00,WIND,600702,1,HCM,1,18974,1011,310,7,310,9,204,6,6,6,6,6,NA,NA,NA,NA,2019-09-10 02:51:00,0
2019-09-10 04:00:00,WIND,600702,1,HCM,1,18974,1011,290,5,300,8,305,6,6,6,6,6,NA,NA,NA,NA,2019-09-10 03:51:00,0
2019-09-10 05:00:00,WIND,600702,1,HCM,1,18974,1011,270,5,280,6,353,6,6,6,6,6,NA,NA,NA,NA,2019-09-10 04:51:00,0
2019-09-10 06:00:00,WIND,600702,1,HCM,1,18974,1011,250,5,240,7,549,6,6,6,6,6,NA,NA,NA,NA,2019-09-10 05:51:00,0
2019-09-10 07:00:00,WIND,600702,1,HCM,1,18974,1011,220,6,210,8,635,6,6,6,6,6,NA,NA,NA,NA,2019-09-10 06:51:00,0
2019-09-10 08:00:00,WIND,600702,1,HCM,1,18974,1011,210,6,200,12,749,6,6,6,6,6,NA,NA,NA,NA,2019-09-10 07:51:00,0
2019-09-10 09:00:00,WIND,600702,1,HCM,1,18974,1011,220,9,220,14,840,6,6,6,6,6,NA,NA,NA,NA,2019-09-10 08:54:00,0
2019-09-10 10:00:00,WIND,600702,1,HCM,1,18974,1011,200,12,200,21,949,6,6,6,6,6,NA,NA,NA,NA,2019-09-10 09:51:00,0
2019-09-10 11:00:00,WIND,600702,1,HCM,1,18974,1011,200,14,200,21,1042,6,6,6,6,6,NA,NA,NA,NA,2019-09-10 10:51:00,0
2019-09-10 12:00:00,WIND,600702,1,HCM,1,18974,1011,200,17,200,27,1129,6,6,6,6,6,NA,NA,NA,NA,2019-09-10 11:51:00,0
2019-09-10 13:00:00,WIND,600702,1,HCM,1,18974,1011,190,20,180,30,1240,6,6,6,6,6,NA,NA,NA,NA,2019-09-10 12:51:00,0
2019-09-10 14:00:00,WIND,600702,1,HCM,1,18974,1011,190,22,180,31,1303,6,6,6,6,6,NA,NA,NA,NA,2019-09-10 13:51:00,0
2019-09-10 15:00:00,WIND,600702,1,HCM,1,18974,1011,170,27,170,38,1447,6,6,6,6,6,NA,NA,NA,NA,2019-09-10 14:51:00,0
2019-09-10 16:00:00,WIND,600702,1,HCM,1,18974,1011,170,28,180,38,1503,6,6,6,6,6,NA,NA,NA,NA,2019-09-10 15:51:00,0
2019-09-10 17:00:00,WIND,600702,1,HCM,1,18974,1011,170,26,170,35,1619,6,6,6,6,6,NA,NA,NA,NA,2019-09-10 16:51:00,0
2019-09-10 18:00:00,WIND,600702,1,HCM,1,18974,1011,170,25,170,35,1658,6,6,6,6,6,NA,NA,NA,NA,2019-09-10 17:51:00,0
2019-09-10 19:00:00,WIND,600702,1,HCM,1,18974,1011,190,24,180,36,1756,6,6,6,6,6,NA,NA,NA,NA,2019-09-10 18:51:00,0
2019-09-10 20:00:00,WIND,600702,1,HCM,1,18974,1011,200,23,200,36,1931,6,6,6,6,6,NA,NA,NA,NA,2019-09-10 19:51:00,0
2019-09-10 21:00:00,WIND,600702,1,HCM,1,18974,1011,210,24,200,34,2004,6,6,6,6,6,NA,NA,NA,NA,2019-09-10 20:55:00,0
2019-09-10 22:00:00,WIND,600702,1,HCM,1,18974,1011,220,23,220,34,2055,6,6,6,6,6,NA,NA,NA,NA,2019-09-10 21:51:00,0
2019-09-10 23:00:00,WIND,600702,1,HCM,1,18974,1011,230,22,230,31,2202,6,6,6,6,6,NA,NA,NA,NA,2019-09-10 22:51:00,0
2019-09-11 00:00:00,WIND,600702,1,HCM,1,18974,1011,230,20,220,30,2340,6,6,6,6,6,NA,NA,NA,NA,2019-09-10 23:51:00,0
2019-09-11 01:00:00,WIND,600702,1,HCM,1,18974,1011,240,20,240,34,2355,6,6,6,6,6,NA,NA,NA,NA,2019-09-11 00:51:00,0
2019-09-11 02:00:00,WIND,600702,1,HCM,1,18974,1011,240,17,240,26,53,6,6,6,6,6,NA,NA,NA,NA,2019-09-11 01:51:00,0
2019-09-11 03:00:00,WIND,600702,1,HCM,1,18974,1011,240,18,230,31,249,6,6,6,6,6,NA,NA,NA,NA,2019-09-11 02:51:00,0
2019-09-11 04:00:00,WIND,600702,1,HCM,1,18974,1011,250,22,240,33,256,6,6,6,6,6,NA,NA,NA,NA,2019-09-11 03:51:00,0
2019-09-11 05:00:00,WIND,600702,1,HCM,1,18974,1011,250,21,250,34,439,6,6,6,6,6,NA,NA,NA,NA,2019-09-11 04:51:00,0
2019-09-11 06:00:00,WIND,600702,1,HCM,1,18974,1011,250,21,260,30,534,6,6,6,6,6,NA,NA,NA,NA,2019-09-11 05:51:00,0
2019-09-11 07:00:00,WIND,600702,1,HCM,1,18974,1011,260,21,260,31,558,6,6,6,6,6,NA,NA,NA,NA,2019-09-11 06:51:00,0
2019-09-11 08:00:00,WIND,600702,1,HCM,1,18974,1011,250,21,250,29,714,6,6,6,6,6,NA,NA,NA,NA,2019-09-11 07:51:00,0
2019-09-11 09:00:00,WIND,600702,1,HCM,1,18974,1011,250,22,250,30,835,6,6,6,6,6,NA,NA,NA,NA,2019-09-11 08:54:00,0
2019-09-11 10:00:00,WIND,600702,1,HCM,1,18974,1011,260,20,260,31,941,6,6,6,6,6,NA,NA,NA,NA,2019-09-11 09:51:00,0
2019-09-11 11:00:00,WIND,600702,1,HCM,1,18974,1011,250,23,250,33,1048,6,6,6,6,6,NA,NA,NA,NA,2019-09-11 10:51:00,0
2019-09-11 12:00:00,WIND,600702,1,HCM,1,18974,1011,260,22,250,33,1137,6,6,6,6,6,NA,NA,NA,NA,2019-09-11 11:51:00,0
2019-09-11 13:00:00,WIND,600702,1,HCM,1,18974,1011,260,23,260,35,1154,6,6,6,6,6,NA,NA,NA,NA,2019-09-11 12:51:00,0
2019-09-11 14:00:00,WIND,600702,1,HCM,1,18974,1011,250,22,250,31,1256,6,6,6,6,6,NA,NA,NA,NA,2019-09-11 13:51:00,0
2019-09-11 15:00:00,WIND,600702,1,HCM,1,18974,1011,250,21,250,30,1358,6,6,6,6,6,NA,NA,NA,NA,2019-09-11 14:52:00,0
2019-09-11 16:00:00,WIND,600702,1,HCM,1,18974,1011,250,20,240,30,1511,6,6,6,6,6,NA,NA,NA,NA,2019-09-11 15:51:00,0
2019-09-11 17:00:00,WIND,600702,1,HCM,1,18974,1011,250,18,250,29,1558,6,6,6,6,6,NA,NA,NA,NA,2019-09-11 16:51:00,0
2019-09-11 18:00:00,WIND,600702,1,HCM,1,18974,1011,250,17,250,25,1728,6,6,6,6,6,NA,NA,NA,NA,2019-09-11 17:51:00,0
2019-09-11 19:00:00,WIND,600702,1,HCM,1,18974,1011,250,16,250,32,1840,6,6,6,6,6,NA,NA,NA,NA,2019-09-11 18:51:00,0
2019-09-11 20:00:00,WIND,600702,1,HCM,1,18974,1011,250,13,260,21,1942,6,6,6,6,6,NA,NA,NA,NA,2019-09-11 19:51:00,0
2019-09-11 21:00:00,WIND,600702,1,HCM,1,18974,1011,250,14,240,20,2025,6,6,6,6,6,NA,NA,NA,NA,2019-09-11 20:54:00,0
2019-09-11 22:00:00,WIND,600702,1,HCM,1,18974,1011,250,14,250,21,2055,6,6,6,6,6,NA,NA,NA,NA,2019-09-11 21:51:00,0
2019-09-11 23:00:00,WIND,600702,1,HCM,1,18974,1011,240,13,240,22,2201,6,6,6,6,6,NA,NA,NA,NA,2019-09-11 22:51:00,0
2019-09-12 00:00:00,WIND,600702,1,HCM,1,18974,1011,240,15,240,23,2333,6,6,6,6,6,NA,NA,NA,NA,2019-09-11 23:51:00,0
2019-09-12 01:00:00,WIND,600702,1,HCM,1,18974,1011,240,15,250,22,17,6,6,6,6,6,NA,NA,NA,NA,2019-09-12 00:51:00,0
2019-09-12 02:00:00,WIND,600702,1,HCM,1,18974,1011,240,13,240,19,52,6,6,6,6,6,NA,NA,NA,NA,2019-09-12 01:51:00,0
2019-09-12 03:00:00,WIND,600702,1,HCM,1,18974,1011,240,12,240,19,241,6,6,6,6,6,NA,NA,NA,NA,2019-09-12 02:51:00,0
2019-09-12 04:00:00,WIND,600702,1,HCM,1,18974,1011,240,12,240,20,309,6,6,6,6,6,NA,NA,NA,NA,2019-09-12 03:51:00,0
2019-09-12 05:00:00,WIND,600702,1,HCM,1,18974,1011,230,10,240,16,408,6,6,6,6,6,NA,NA,NA,NA,2019-09-12 04:51:00,0
2019-09-12 06:00:00,WIND,600702,1,HCM,1,18974,1011,230,9,230,14,505,6,6,6,6,6,NA,NA,NA,NA,2019-09-12 05:51:00,0
2019-09-12 07:00:00,WIND,600702,1,HCM,1,18974,1011,240,9,230,15,641,6,6,6,6,6,NA,NA,NA,NA,2019-09-12 06:51:00,0
2019-09-12 08:00:00,WIND,600702,1,HCM,1,18974,1011,230,8,240,12,721,6,6,6,6,6,NA,NA,NA,NA,2019-09-12 07:51:00,0
2019-09-12 09:00:00,WIND,600702,1,HCM,1,18974,1011,250,9,240,14,756,6,6,6,6,6,NA,NA,NA,NA,2019-09-12 08:54:00,0
2019-09-12 10:00:00,WIND,600702,1,HCM,1,18974,1011,260,11,250,17,938,6,6,6,6,6,NA,NA,NA,NA,2019-09-12 09:51:00,0
2019-09-12 11:00:00,WIND,600702,1,HCM,1,18974,1011,270,12,260,19,1029,6,6,6,6,6,NA,NA,NA,NA,2019-09-12 10:51:00,0
2019-09-12 12:00:00,WIND,600702,1,HCM,1,18974,1011,280,14,290,22,1132,6,6,6,6,6,NA,NA,NA,NA,2019-09-12 11:51:00,0
2019-09-12 13:00:00,WIND,600702,1,HCM,1,18974,1011,290,16,290,22,1248,6,6,6,6,6,NA,NA,NA,NA,2019-09-12 12:51:00,0
2019-09-12 14:00:00,WIND,600702,1,HCM,1,18974,1011,290,17,290,23,1304,6,6,6,6,6,NA,NA,NA,NA,2019-09-12 13:51:00,0
2019-09-12 15:00:00,WIND,600702,1,HCM,1,18974,1011,290,17,290,24,1440,6,6,6,6,6,NA,NA,NA,NA,2019-09-12 14:51:00,0
2019-09-12 16:00:00,WIND,600702,1,HCM,1,18974,1011,290,18,290,23,1544,6,6,6,6,6,NA,NA,NA,NA,2019-09-12 15:51:00,0
2019-09-12 17:00:00,WIND,600702,1,HCM,1,18974,1011,280,16,280,22,1612,6,6,6,6,6,NA,NA,NA,NA,2019-09-12 16:51:00,0
2019-09-12 18:00:00,WIND,600702,1,HCM,1,18974,1011,280,15,280,23,1714,6,6,6,6,6,NA,NA,NA,NA,2019-09-12 17:51:00,0
2019-09-12 19:00:00,WIND,600702,1,HCM,1,18974,1011,270,13,280,21,1755,6,6,6,6,6,NA,NA,NA,NA,2019-09-12 18:51:00,0
2019-09-12 20:00:00,WIND,600702,1,HCM,1,18974,1011,270,12,270,19,1905,6,6,6,6,6,NA,NA,NA,NA,2019-09-12 19:51:00,0
2019-09-12 21:00:00,WIND,600702,1,HCM,1,18974,1011,260,13,250,23,2033,6,6,6,6,6,NA,NA,NA,NA,2019-09-12 20:53:00,0
2019-09-12 22:00:00,WIND,600702,1,HCM,1,18974,1011,260,14,260,22,2148,6,6,6,6,6,NA,NA,NA,NA,2019-09-12 21:51:00,0
2019-09-12 23:00:00,WIND,600702,1,HCM,1,18974,1011,260,15,260,22,2158,6,6,6,6,6,NA,NA,NA,NA,2019-09-12 22:51:00,0
2019-09-13 00:00:00,WIND,600702,1,HCM,1,18974,1011,270,15,280,23,2310,6,6,6,6,6,NA,NA,NA,NA,2019-09-12 23:51:00,0
2019-09-13 01:00:00,WIND,600702,1,HCM,1,18974,1011,280,15,270,23,13,6,6,6,6,6,NA,NA,NA,NA,2019-09-13 00:51:00,0
2019-09-13 02:00:00,WIND,600702,1,HCM,1,18974,1011,280,14,280,22,110,6,6,6,6,6,NA,NA,NA,NA,2019-09-13 01:51:00,0
2019-09-13 03:00:00,WIND,600702,1,HCM,1,18974,1011,280,13,280,20,229,6,6,6,6,6,NA,NA,NA,NA,2019-09-13 02:51:00,0
2019-09-13 04:00:00,WIND,600702,1,HCM,1,18974,1011,270,12,270,19,251,6,6,6,6,6,NA,NA,NA,NA,2019-09-13 03:51:00,0
2019-09-13 05:00:00,WIND,600702,1,HCM,1,18974,1011,270,12,270,19,354,6,6,6,6,6,NA,NA,NA,NA,2019-09-13 04:51:00,0
2019-09-13 06:00:00,WIND,600702,1,HCM,1,18974,1011,270,12,270,18,527,6,6,6,6,6,NA,NA,NA,NA,2019-09-13 05:51:00,0
2019-09-13 07:00:00,WIND,600702,1,HCM,1,18974,1011,270,11,280,17,608,6,6,6,6,6,NA,NA,NA,NA,2019-09-13 06:51:00,0
2019-09-13 08:00:00,WIND,600702,1,HCM,1,18974,1011,260,12,260,21,736,6,6,6,6,6,NA,NA,NA,NA,2019-09-13 07:51:00,0
2019-09-13 09:00:00,WIND,600702,1,HCM,1,18974,1011,260,15,260,24,848,6,6,6,6,6,NA,NA,NA,NA,2019-09-13 08:54:00,0
2019-09-13 10:00:00,WIND,600702,1,HCM,1,18974,1011,250,17,240,24,937,6,6,6,6,6,NA,NA,NA,NA,2019-09-13 09:51:00,0
2019-09-13 11:00:00,WIND,600702,1,HCM,1,18974,1011,260,17,250,25,1011,6,6,6,6,6,NA,NA,NA,NA,2019-09-13 10:51:00,0
2019-09-13 12:00:00,WIND,600702,1,HCM,1,18974,1011,250,17,240,24,1149,6,6,6,6,6,NA,NA,NA,NA,2019-09-13 11:51:00,0
2019-09-13 13:00:00,WIND,600702,1,HCM,1,18974,1011,250,19,240,28,1236,6,6,6,6,6,NA,NA,NA,NA,2019-09-13 12:51:00,0
2019-09-13 14:00:00,WIND,600702,1,HCM,1,18974,1011,240,19,240,26,1302,6,6,6,6,6,NA,NA,NA,NA,2019-09-13 13:51:00,0
2019-09-13 15:00:00,WIND,600702,1,HCM,1,18974,1011,250,18,240,24,1437,6,6,6,6,6,NA,NA,NA,NA,2019-09-13 14:51:00,0
2019-09-13 16:00:00,WIND,600702,1,HCM,1,18974,1011,250,18,250,24,1451,6,6,6,6,6,NA,NA,NA,NA,2019-09-13 15:51:00,0
2019-09-13 17:00:00,WIND,600702,1,HCM,1,18974,1011,240,17,240,23,1555,6,6,6,6,6,NA,NA,NA,NA,2019-09-13 16:51:00,0
2019-09-13 18:00:00,WIND,600702,1,HCM,1,18974,1011,240,14,240,21,1701,6,6,6,6,6,NA,NA,NA,NA,2019-09-13 17:51:00,0
2019-09-13 19:00:00,WIND,600702,1,HCM,1,18974,1011,240,12,240,17,1827,6,6,6,6,6,NA,NA,NA,NA,2019-09-13 18:51:00,0
2019-09-13 20:00:00,WIND,600702,1,HCM,1,18974,1011,230,10,240,15,1857,6,6,6,6,6,NA,NA,NA,NA,2019-09-13 19:51:00,0
2019-09-13 21:00:00,WIND,600702,1,HCM,1,18974,1011,230,11,220,16,2047,6,6,6,6,6,NA,NA,NA,NA,2019-09-13 20:56:00,0
2019-09-13 22:00:00,WIND,600702,1,HCM,1,18974,1011,220,10,220,15,2056,6,6,6,6,6,NA,NA,NA,NA,2019-09-13 21:51:00,0
2019-09-13 23:00:00,WIND,600702,1,HCM,1,18974,1011,210,10,220,15,2150,6,6,6,6,6,NA,NA,NA,NA,2019-09-13 22:51:00,0
2019-09-14 00:00:00,WIND,600702,1,HCM,1,18974,1011,210,12,200,19,2324,6,6,6,6,6,NA,NA,NA,NA,2019-09-13 23:51:00,0
2019-09-14 01:00:00,WIND,600702,1,HCM,1,18974,1011,200,15,210,23,44,6,6,6,6,6,NA,NA,NA,NA,2019-09-14 00:51:00,0
2019-09-14 02:00:00,WIND,600702,1,HCM,1,18974,1011,190,16,190,25,133,6,6,6,6,6,NA,NA,NA,NA,2019-09-14 01:51:00,0
2019-09-14 03:00:00,WIND,600702,1,HCM,1,18974,1011,190,19,180,26,213,6,6,6,6,6,NA,NA,NA,NA,2019-09-14 02:51:00,0
2019-09-14 04:00:00,WIND,600702,1,HCM,1,18974,1011,190,19,180,27,301,6,6,6,6,6,NA,NA,NA,NA,2019-09-14 03:51:00,0
2019-09-14 05:00:00,WIND,600702,1,HCM,1,18974,1011,190,21,200,31,425,6,6,6,6,6,NA,NA,NA,NA,2019-09-14 04:51:00,0
2019-09-14 06:00:00,WIND,600702,1,HCM,1,18974,1011,190,23,190,34,524,6,6,6,6,6,NA,NA,NA,NA,2019-09-14 05:51:00,0
2019-09-14 07:00:00,WIND,600702,1,HCM,1,18974,1011,200,23,220,34,642,6,6,6,6,6,NA,NA,NA,NA,2019-09-14 06:51:00,0
2019-09-14 08:00:00,WIND,600702,1,HCM,1,18974,1011,210,23,210,32,714,6,6,6,6,6,NA,NA,NA,NA,2019-09-14 07:51:00,0
2019-09-14 09:00:00,WIND,600702,1,HCM,1,18974,1011,210,24,210,36,841,6,6,6,6,6,NA,NA,NA,NA,2019-09-14 08:53:00,0
2019-09-14 10:00:00,WIND,600702,1,HCM,1,18974,1011,210,25,210,42,948,6,6,6,6,6,NA,NA,NA,NA,2019-09-14 09:51:00,0
2019-09-14 11:00:00,WIND,600702,1,HCM,1,18974,1011,210,26,220,38,1034,6,6,6,6,6,NA,NA,NA,NA,2019-09-14 10:51:00,0
2019-09-14 12:00:00,WIND,600702,1,HCM,1,18974,1011,210,26,200,39,1101,6,6,6,6,6,NA,NA,NA,NA,2019-09-14 11:51:00,0
2019-09-14 13:00:00,WIND,600702,1,HCM,1,18974,1011,210,27,210,41,1209,6,6,6,6,6,NA,NA,NA,NA,2019-09-14 12:51:00,0
2019-09-14 14:00:00,WIND,600702,1,HCM,1,18974,1011,220,27,220,39,1303,6,6,6,6,6,NA,NA,NA,NA,2019-09-14 13:51:00,0
2019-09-14 15:00:00,WIND,600702,1,HCM,1,18974,1011,220,27,220,41,1350,6,6,6,6,6,NA,NA,NA,NA,2019-09-14 14:51:00,0
2019-09-14 16:00:00,WIND,600702,1,HCM,1,18974,1011,220,27,220,39,1503,6,6,6,6,6,NA,NA,NA,NA,2019-09-14 15:51:00,0
2019-09-14 17:00:00,WIND,600702,1,HCM,1,18974,1011,230,27,230,38,1559,6,6,6,6,6,NA,NA,NA,NA,2019-09-14 16:51:00,0
2019-09-14 18:00:00,WIND,600702,1,HCM,1,18974,1011,250,20,240,33,1651,6,6,6,6,6,NA,NA,NA,NA,2019-09-14 17:51:00,0
2019-09-14 19:00:00,WIND,600702,1,HCM,1,18974,1011,270,17,260,25,1750,6,6,6,6,6,NA,NA,NA,NA,2019-09-14 18:51:00,0
2019-09-14 20:00:00,WIND,600702,1,HCM,1,18974,1011,260,15,250,25,1909,6,6,6,6,6,NA,NA,NA,NA,2019-09-14 19:51:00,0
2019-09-14 21:00:00,WIND,600702,1,HCM,1,18974,1011,260,17,260,26,2014,6,6,6,6,6,NA,NA,NA,NA,2019-09-14 20:54:00,0
2019-09-14 22:00:00,WIND,600702,1,HCM,1,18974,1011,270,17,280,26,2136,6,6,6,6,6,NA,NA,NA,NA,2019-09-14 21:51:00,0
2019-09-14 23:00:00,WIND,600702,1,HCM,1,18974,1011,270,18,270,27,2151,6,6,6,6,6,NA,NA,NA,NA,2019-09-14 22:51:00,0
2019-09-15 00:00:00,WIND,600702,1,HCM,1,18974,1011,280,18,270,27,2306,6,6,6,6,6,NA,NA,NA,NA,2019-09-14 23:51:00,0
2019-09-15 01:00:00,WIND,600702,1,HCM,1,18974,1011,280,17,280,24,2354,6,6,6,6,6,NA,NA,NA,NA,2019-09-15 00:51:00,0
2019-09-15 02:00:00,WIND,600702,1,HCM,1,18974,1011,280,17,290,25,137,6,6,6,6,6,NA,NA,NA,NA,2019-09-15 01:51:00,0
2019-09-15 03:00:00,WIND,600702,1,HCM,1,18974,1011,280,18,280,26,241,6,6,6,6,6,NA,NA,NA,NA,2019-09-15 02:51:00,0
2019-09-15 04:00:00,WIND,600702,1,HCM,1,18974,1011,290,16,290,25,257,6,6,6,6,6,NA,NA,NA,NA,2019-09-15 03:51:00,0
2019-09-15 05:00:00,WIND,600702,1,HCM,1,18974,1011,290,16,290,24,444,6,6,6,6,6,NA,NA,NA,NA,2019-09-15 04:51:00,0
2019-09-15 06:00:00,WIND,600702,1,HCM,1,18974,1011,290,15,290,22,543,6,6,6,6,6,NA,NA,NA,NA,2019-09-15 05:51:00,0
2019-09-15 07:00:00,WIND,600702,1,HCM,1,18974,1011,290,14,290,20,554,6,6,6,6,6,NA,NA,NA,NA,2019-09-15 06:51:00,0
2019-09-15 08:00:00,WIND,600702,1,HCM,1,18974,1011,280,13,280,20,740,6,6,6,6,6,NA,NA,NA,NA,2019-09-15 07:52:00,0
2019-09-15 09:00:00,WIND,600702,1,HCM,1,18974,1011,280,13,290,21,830,6,6,6,6,6,NA,NA,NA,NA,2019-09-15 08:53:00,0
2019-09-15 10:00:00,WIND,600702,1,HCM,1,18974,1011,290,13,290,20,921,6,6,6,6,6,NA,NA,NA,NA,2019-09-15 09:53:00,0
2019-09-15 11:00:00,WIND,600702,1,HCM,1,18974,1011,290,14,280,23,1033,6,6,6,6,6,NA,NA,NA,NA,2019-09-15 10:58:00,0
2019-09-15 12:00:00,WIND,600702,1,HCM,1,18974,1011,290,13,280,19,1053,6,6,6,6,6,NA,NA,NA,NA,2019-09-15 11:51:00,0
2019-09-15 13:00:00,WIND,600702,1,HCM,1,18974,1011,290,12,260,18,1247,6,6,6,6,6,NA,NA,NA,NA,2019-09-15 12:51:00,0
2019-09-15 14:00:00,WIND,600702,1,HCM,1,18974,1011,280,12,280,18,1254,6,6,6,6,6,NA,NA,NA,NA,2019-09-15 13:51:00,0
2019-09-15 15:00:00,WIND,600702,1,HCM,1,18974,1011,290,12,290,17,1358,6,6,6,6,6,NA,NA,NA,NA,2019-09-15 14:52:00,0
2019-09-15 16:00:00,WIND,600702,1,HCM,1,18974,1011,290,11,290,16,1453,6,6,6,6,6,NA,NA,NA,NA,2019-09-15 15:51:00,0
2019-09-15 17:00:00,WIND,600702,1,HCM,1,18974,1011,290,9,300,14,1616,6,6,6,6,6,NA,NA,NA,NA,2019-09-15 16:51:00,0
2019-09-15 18:00:00,WIND,600702,1,HCM,1,18974,1011,280,8,280,14,1707,6,6,6,6,6,NA,NA,NA,NA,2019-09-15 17:51:00,0
2019-09-15 19:00:00,WIND,600702,1,HCM,1,18974,1011,280,6,270,8,1750,6,6,6,6,6,NA,NA,NA,NA,2019-09-15 18:51:00,0
2019-09-15 20:00:00,WIND,600702,1,HCM,1,18974,1011,270,6,270,8,1915,6,6,6,6,6,NA,NA,NA,NA,2019-09-15 19:51:00,0
2019-09-15 21:00:00,WIND,600702,1,HCM,1,18974,1011,260,6,260,7,1956,6,6,6,6,6,NA,NA,NA,NA,2019-09-15 20:55:00,0
2019-09-15 22:00:00,WIND,600702,1,HCM,1,18974,1011,270,7,310,15,2139,6,6,6,6,6,NA,NA,NA,NA,2019-09-15 21:52:00,0
2019-09-15 23:00:00,WIND,600702,1,HCM,1,18974,1011,290,6,320,13,2150,6,6,6,6,6,NA,NA,NA,NA,2019-09-15 22:51:00,0
2019-09-16 00:00:00,WIND,600702,1,HCM,1,18974,1011,270,8,260,12,2305,6,6,6,6,6,NA,NA,NA,NA,2019-09-16 00:24:00,0
2019-09-16 01:00:00,WIND,600702,1,HCM,1,18974,1011,260,8,250,15,3,6,6,6,6,6,NA,NA,NA,NA,2019-09-16 00:51:00,0
2019-09-16 02:00:00,WIND,600702,1,HCM,1,18974,1011,270,6,270,10,146,6,6,6,6,6,NA,NA,NA,NA,2019-09-16 01:51:00,0
2019-09-16 03:00:00,WIND,600702,1,HCM,1,18974,1011,280,7,280,11,223,6,6,6,6,6,NA,NA,NA,NA,2019-09-16 02:51:00,0
2019-09-16 04:00:00,WIND,600702,1,HCM,1,18974,1011,270,7,270,12,311,6,6,6,6,6,NA,NA,NA,NA,2019-09-16 03:51:00,0
2019-09-16 05:00:00,WIND,600702,1,HCM,1,18974,1011,260,10,260,20,430,6,6,6,6,6,NA,NA,NA,NA,2019-09-16 04:51:00,0
2019-09-16 06:00:00,WIND,600702,1,HCM,1,18974,1011,240,7,270,13,546,6,6,6,6,6,NA,NA,NA,NA,2019-09-16 05:51:00,0
2019-09-16 07:00:00,WIND,600702,1,HCM,1,18974,1011,280,9,290,13,643,6,6,6,6,6,NA,NA,NA,NA,2019-09-16 06:51:00,0
2019-09-16 08:00:00,WIND,600702,1,HCM,1,18974,1011,290,9,290,13,700,6,6,6,6,6,NA,NA,NA,NA,2019-09-16 07:51:00,0
2019-09-16 09:00:00,WIND,600702,1,HCM,1,18974,1011,270,12,300,23,848,6,6,6,6,6,NA,NA,NA,NA,2019-09-16 08:54:00,0
2019-09-16 10:00:00,WIND,600702,1,HCM,1,18974,1011,280,13,310,26,852,6,6,6,6,6,NA,NA,NA,NA,2019-09-16 09:51:00,0
2019-09-16 11:00:00,WIND,600702,1,HCM,1,18974,1011,290,14,280,21,1013,6,6,6,6,6,NA,NA,NA,NA,2019-09-16 10:51:00,0
2019-09-16 12:00:00,WIND,600702,1,HCM,1,18974,1011,290,15,290,23,1148,6,6,6,6,6,NA,NA,NA,NA,2019-09-16 11:51:00,0
2019-09-16 13:00:00,WIND,600702,1,HCM,1,18974,1011,280,14,290,22,1152,6,6,6,6,6,NA,NA,NA,NA,2019-09-16 12:51:00,0
2019-09-16 14:00:00,WIND,600702,1,HCM,1,18974,1011,290,16,290,22,1253,6,6,6,6,6,NA,NA,NA,NA,2019-09-16 13:51:00,0
2019-09-16 15:00:00,WIND,600702,1,HCM,1,18974,1011,280,15,280,22,1444,6,6,6,6,6,NA,NA,NA,NA,2019-09-16 14:51:00,0
2019-09-16 16:00:00,WIND,600702,1,HCM,1,18974,1011,290,15,280,22,1450,6,6,6,6,6,NA,NA,NA,NA,2019-09-16 15:51:00,0
2019-09-16 17:00:00,WIND,600702,1,HCM,1,18974,1011,290,15,290,22,1638,6,6,6,6,6,NA,NA,NA,NA,2019-09-16 16:54:00,0
2019-09-16 18:00:00,WIND,600702,1,HCM,1,18974,1011,290,15,290,22,1703,6,6,6,6,6,NA,NA,NA,NA,2019-09-16 17:51:00,0
2019-09-16 19:00:00,WIND,600702,1,HCM,1,18974,1011,290,13,280,19,1838,6,6,6,6,6,NA,NA,NA,NA,2019-09-16 18:51:00,0
2019-09-16 20:00:00,WIND,600702,1,HCM,1,18974,1011,290,13,280,20,1902,6,6,6,6,6,NA,NA,NA,NA,2019-09-16 19:51:00,0
2019-09-16 21:00:00,WIND,600702,1,HCM,1,18974,1011,290,12,300,20,1958,6,6,6,6,6,NA,NA,NA,NA,2019-09-16 20:54:00,0
2019-09-16 22:00:00,WIND,600702,1,HCM,1,18974,1011,300,14,320,26,2101,6,6,6,6,6,NA,NA,NA,NA,2019-09-16 21:51:00,0
2019-09-16 23:00:00,WIND,600702,1,HCM,1,18974,1011,300,14,300,21,2201,6,6,6,6,6,NA,NA,NA,NA,2019-09-16 22:51:00,0
2019-09-17 00:00:00,WIND,600702,1,HCM,1,18974,1011,300,13,300,18,2253,6,6,6,6,6,NA,NA,NA,NA,2019-09-16 23:51:00,0
2019-09-17 01:00:00,WIND,600702,1,HCM,1,18974,1011,300,10,300,15,2351,6,6,6,6,6,NA,NA,NA,NA,2019-09-17 00:51:00,0
2019-09-17 02:00:00,WIND,600702,1,HCM,1,18974,1011,310,14,310,23,124,6,6,6,6,6,NA,NA,NA,NA,2019-09-17 01:51:00,0
2019-09-17 03:00:00,WIND,600702,1,HCM,1,18974,1011,310,13,310,24,246,6,6,6,6,6,NA,NA,NA,NA,2019-09-17 02:51:00,0
2019-09-17 04:00:00,WIND,600702,1,HCM,1,18974,1011,330,14,330,19,251,6,6,6,6,6,NA,NA,NA,NA,2019-09-17 03:51:00,0
2019-09-17 05:00:00,WIND,600702,1,HCM,1,18974,1011,320,12,320,19,409,6,6,6,6,6,NA,NA,NA,NA,2019-09-17 04:51:00,0
2019-09-17 06:00:00,WIND,600702,1,HCM,1,18974,1011,320,10,330,15,520,6,6,6,6,6,NA,NA,NA,NA,2019-09-17 05:51:00,0
2019-09-17 07:00:00,WIND,600702,1,HCM,1,18974,1011,330,9,350,15,629,6,6,6,6,6,NA,NA,NA,NA,2019-09-17 06:51:00,0
2019-09-17 08:00:00,WIND,600702,1,HCM,1,18974,1011,350,10,350,14,703,6,6,6,6,6,NA,NA,NA,NA,2019-09-17 07:51:00,0
2019-09-17 09:00:00,WIND,600702,1,HCM,1,18974,1011,340,9,340,13,800,6,6,6,6,6,NA,NA,NA,NA,2019-09-17 08:55:00,0
2019-09-17 10:00:00,WIND,600702,1,HCM,1,18974,1011,340,9,350,13,923,6,6,6,6,6,NA,NA,NA,NA,2019-09-17 09:51:00,0
2019-09-17 11:00:00,WIND,600702,1,HCM,1,18974,1011,340,7,330,14,1049,6,6,6,6,6,NA,NA,NA,NA,2019-09-17 10:51:00,0
2019-09-17 12:00:00,WIND,600702,1,HCM,1,18974,1011,340,6,340,12,1113,6,6,6,6,6,NA,NA,NA,NA,2019-09-17 11:51:00,0
2019-09-17 13:00:00,WIND,600702,1,HCM,1,18974,1011,320,6,310,11,1153,6,6,6,6,6,NA,NA,NA,NA,2019-09-17 12:53:00,0
2019-09-17 14:00:00,WIND,600702,1,HCM,1,18974,1011,300,7,300,11,1329,6,6,6,6,6,NA,NA,NA,NA,2019-09-17 13:52:00,0
2019-09-17 15:00:00,WIND,600702,1,HCM,1,18974,1011,290,7,280,11,1355,6,6,6,6,6,NA,NA,NA,NA,2019-09-17 14:54:00,0
2019-09-17 16:00:00,WIND,600702,1,HCM,1,18974,1011,290,7,300,10,1451,6,6,6,6,6,NA,NA,NA,NA,2019-09-17 15:54:00,0
2019-09-17 17:00:00,WIND,600702,1,HCM,1,18974,1011,290,5,290,8,1551,6,6,6,6,6,NA,NA,NA,NA,2019-09-17 16:51:00,0
2019-09-17 18:00:00,WIND,600702,1,HCM,1,18974,1011,300,3,300,6,1650,6,6,6,6,6,NA,NA,NA,NA,2019-09-17 17:51:00,0
2019-09-17 19:00:00,WIND,600702,1,HCM,1,18974,1011,230,2,270,4,1754,6,6,6,6,6,NA,NA,NA,NA,2019-09-17 18:53:00,0
2019-09-17 20:00:00,WIND,600702,1,HCM,1,18974,1011,190,3,180,4,1915,6,6,6,6,6,NA,NA,NA,NA,2019-09-17 19:51:00,0
2019-09-17 21:00:00,WIND,600702,1,HCM,1,18974,1011,200,4,200,8,2048,6,6,6,6,6,NA,NA,NA,NA,2019-09-17 20:55:00,0
2019-09-17 22:00:00,WIND,600702,1,HCM,1,18974,1011,200,6,210,8,2136,6,6,6,6,6,NA,NA,NA,NA,2019-09-17 21:51:00,0
2019-09-17 23:00:00,WIND,600702,1,HCM,1,18974,1011,200,6,200,9,2209,6,6,6,6,6,NA,NA,NA,NA,2019-09-17 22:51:00,0
2019-09-18 00:00:00,WIND,600702,1,HCM,1,18974,1011,210,7,210,10,2348,6,6,6,6,6,NA,NA,NA,NA,2019-09-17 23:51:00,0
2019-09-18 01:00:00,WIND,600702,1,HCM,1,18974,1011,220,9,240,16,21,6,6,6,6,6,NA,NA,NA,NA,2019-09-18 00:51:00,0
2019-09-18 02:00:00,WIND,600702,1,HCM,1,18974,1011,230,10,230,16,120,6,6,6,6,6,NA,NA,NA,NA,2019-09-18 01:51:00,0
2019-09-18 03:00:00,WIND,600702,1,HCM,1,18974,1011,230,11,250,19,246,6,6,6,6,6,NA,NA,NA,NA,2019-09-18 02:51:00,0
2019-09-18 04:00:00,WIND,600702,1,HCM,1,18974,1011,230,11,240,18,304,6,6,6,6,6,NA,NA,NA,NA,2019-09-18 03:51:00,0
2019-09-18 05:00:00,WIND,600702,1,HCM,1,18974,1011,240,12,230,19,412,6,6,6,6,6,NA,NA,NA,NA,2019-09-18 04:51:00,0
2019-09-18 06:00:00,WIND,600702,1,HCM,1,18974,1011,240,12,250,18,536,6,6,6,6,6,NA,NA,NA,NA,2019-09-18 05:51:00,0
2019-09-18 07:00:00,WIND,600702,1,HCM,1,18974,1011,250,13,250,18,624,6,6,6,6,6,NA,NA,NA,NA,2019-09-18 06:51:00,0
2019-09-18 08:00:00,WIND,600702,1,HCM,1,18974,1011,250,13,260,19,731,6,6,6,6,6,NA,NA,NA,NA,2019-09-18 07:51:00,0
2019-09-18 09:00:00,WIND,600702,1,HCM,1,18974,1011,250,14,260,20,846,6,6,6,6,6,NA,NA,NA,NA,2019-09-18 08:53:00,0
2019-09-18 10:00:00,WIND,600702,1,HCM,1,18974,1011,260,15,260,20,910,6,6,6,6,6,NA,NA,NA,NA,2019-09-18 09:51:00,0
2019-09-18 11:00:00,WIND,600702,1,HCM,1,18974,1011,260,14,260,20,1043,6,6,6,6,6,NA,NA,NA,NA,2019-09-18 10:51:00,0
2019-09-18 12:00:00,WIND,600702,1,HCM,1,18974,1011,260,15,270,21,1138,6,6,6,6,6,NA,NA,NA,NA,2019-09-18 11:51:00,0
2019-09-18 13:00:00,WIND,600702,1,HCM,1,18974,1011,260,15,260,19,1229,6,6,6,6,6,NA,NA,NA,NA,2019-09-18 12:51:00,0
2019-09-18 14:00:00,WIND,600702,1,HCM,1,18974,1011,270,14,260,19,1303,6,6,6,6,6,NA,NA,NA,NA,2019-09-18 13:51:00,0
2019-09-18 15:00:00,WIND,600702,1,HCM,1,18974,1011,260,13,270,19,1421,6,6,6,6,6,NA,NA,NA,NA,2019-09-18 14:51:00,0
2019-09-18 16:00:00,WIND,600702,1,HCM,1,18974,1011,280,11,260,16,1504,6,6,6,6,6,NA,NA,NA,NA,2019-09-18 15:51:00,0
2019-09-18 17:00:00,WIND,600702,1,HCM,1,18974,1011,280,10,280,16,1559,6,6,6,6,6,NA,NA,NA,NA,2019-09-18 16:51:00,0
2019-09-18 18:00:00,WIND,600702,1,HCM,1,18974,1011,280,8,290,11,1737,6,6,6,6,6,NA,NA,NA,NA,2019-09-18 17:52:00,0
2019-09-18 19:00:00,WIND,600702,1,HCM,1,18974,1011,270,7,270,11,1802,6,6,6,6,6,NA,NA,NA,NA,2019-09-18 18:51:00,0
2019-09-18 20:00:00,WIND,600702,1,HCM,1,18974,1011,270,6,260,10,1947,6,6,6,6,6,NA,NA,NA,NA,2019-09-18 19:51:00,0
2019-09-18 21:00:00,WIND,600702,1,HCM,1,18974,1011,270,7,270,10,2025,6,6,6,6,6,NA,NA,NA,NA,2019-09-18 20:53:00,0
2019-09-18 22:00:00,WIND,600702,1,HCM,1,18974,1011,260,6,260,9,2126,6,6,6,6,6,NA,NA,NA,NA,2019-09-18 21:51:00,0
2019-09-18 23:00:00,WIND,600702,1,HCM,1,18974,1011,250,5,250,9,2154,6,6,6,6,6,NA,NA,NA,NA,2019-09-18 22:51:00,0
2019-09-19 00:00:00,WIND,600702,1,HCM,1,18974,1011,230,5,240,8,2315,6,6,6,6,6,NA,NA,NA,NA,2019-09-18 23:51:00,0
2019-09-19 01:00:00,WIND,600702,1,HCM,1,18974,1011,230,5,230,9,25,6,6,6,6,6,NA,NA,NA,NA,2019-09-19 00:51:00,0
2019-09-19 02:00:00,WIND,600702,1,HCM,1,18974,1011,220,6,210,9,110,6,6,6,6,6,NA,NA,NA,NA,2019-09-19 01:51:00,0
2019-09-19 03:00:00,WIND,600702,1,HCM,1,18974,1011,220,5,220,9,152,6,6,6,6,6,NA,NA,NA,NA,2019-09-19 02:51:00,0
2019-09-19 04:00:00,WIND,600702,1,HCM,1,18974,1011,220,5,220,8,346,6,6,6,6,6,NA,NA,NA,NA,2019-09-19 03:51:00,0
2019-09-19 05:00:00,WIND,600702,1,HCM,1,18974,1011,220,6,220,9,416,6,6,6,6,6,NA,NA,NA,NA,2019-09-19 04:51:00,0
2019-09-19 06:00:00,WIND,600702,1,HCM,1,18974,1011,220,4,240,7,452,6,6,6,6,6,NA,NA,NA,NA,2019-09-19 05:51:00,0
2019-09-19 07:00:00,WIND,600702,1,HCM,1,18974,1011,210,3,200,6,606,6,6,6,6,6,NA,NA,NA,NA,2019-09-19 06:51:00,0
2019-09-19 08:00:00,WIND,600702,1,HCM,1,18974,1011,230,4,240,7,723,6,6,6,6,6,NA,NA,NA,NA,2019-09-19 07:51:00,0
2019-09-19 09:00:00,WIND,600702,1,HCM,1,18974,1011,220,4,220,9,847,6,6,6,6,6,NA,NA,NA,NA,2019-09-19 08:55:00,0
2019-09-19 10:00:00,WIND,600702,1,HCM,1,18974,1011,250,6,260,10,850,6,6,6,6,6,NA,NA,NA,NA,2019-09-19 09:52:00,0
2019-09-19 11:00:00,WIND,600702,1,HCM,1,18974,1011,210,6,220,10,1036,6,6,6,6,6,NA,NA,NA,NA,2019-09-19 10:51:00,0
2019-09-19 12:00:00,WIND,600702,1,HCM,1,18974,1011,220,6,200,10,1101,6,6,6,6,6,NA,NA,NA,NA,2019-09-19 11:51:00,0
2019-09-19 13:00:00,WIND,600702,1,HCM,1,18974,1011,210,7,190,10,1217,6,6,6,6,6,NA,NA,NA,NA,2019-09-19 12:51:00,0
2019-09-19 14:00:00,WIND,600702,1,HCM,1,18974,1011,190,7,170,13,1306,6,6,6,6,6,NA,NA,NA,NA,2019-09-19 13:51:00,0
2019-09-19 15:00:00,WIND,600702,1,HCM,1,18974,1011,170,8,180,12,1357,6,6,6,6,6,NA,NA,NA,NA,2019-09-19 14:51:00,0
2019-09-19 16:00:00,WIND,600702,1,HCM,1,18974,1011,160,7,170,10,1528,6,6,6,6,6,NA,NA,NA,NA,2019-09-19 15:51:00,0
2019-09-19 17:00:00,WIND,600702,1,HCM,1,18974,1011,160,8,180,11,1611,6,6,6,6,6,NA,NA,NA,NA,2019-09-19 16:51:00,0
2019-09-19 18:00:00,WIND,600702,1,HCM,1,18974,1011,150,8,150,11,1747,6,6,6,6,6,NA,NA,NA,NA,2019-09-19 17:51:00,0
2019-09-19 19:00:00,WIND,600702,1,HCM,1,18974,1011,150,9,150,12,1849,6,6,6,6,6,NA,NA,NA,NA,2019-09-19 18:51:00,0
2019-09-19 20:00:00,WIND,600702,1,HCM,1,18974,1011,150,10,150,12,1853,6,6,6,6,6,NA,NA,NA,NA,2019-09-19 19:51:00,0
2019-09-19 21:00:00,WIND,600702,1,HCM,1,18974,1011,150,9,150,12,1955,6,6,6,6,6,NA,NA,NA,NA,2019-09-19 20:53:00,0
2019-09-19 22:00:00,WIND,600702,1,HCM,1,18974,1011,150,9,160,13,2146,6,6,6,6,6,NA,NA,NA,NA,2019-09-19 21:51:00,0
2019-09-19 23:00:00,WIND,600702,1,HCM,1,18974,1011,160,9,160,12,2156,6,6,6,6,6,NA,NA,NA,NA,2019-09-19 22:51:00,0
2019-09-20 00:00:00,WIND,600702,1,HCM,1,18974,1011,140,10,150,13,2258,6,6,6,6,6,NA,NA,NA,NA,2019-09-19 23:51:00,0
2019-09-20 01:00:00,WIND,600702,1,HCM,1,18974,1011,130,9,130,13,48,6,6,6,6,6,NA,NA,NA,NA,2019-09-20 00:51:00,0
2019-09-20 02:00:00,WIND,600702,1,HCM,1,18974,1011,140,10,150,14,149,6,6,6,6,6,NA,NA,NA,NA,2019-09-20 01:51:00,0
2019-09-20 03:00:00,WIND,600702,1,HCM,1,18974,1011,150,11,150,15,247,6,6,6,6,6,NA,NA,NA,NA,2019-09-20 02:51:00,0
2019-09-20 04:00:00,WIND,600702,1,HCM,1,18974,1011,150,13,150,18,343,6,6,6,6,6,NA,NA,NA,NA,2019-09-20 03:51:00,0
2019-09-20 05:00:00,WIND,600702,1,HCM,1,18974,1011,150,14,140,19,449,6,6,6,6,6,NA,NA,NA,NA,2019-09-20 04:51:00,0
2019-09-20 06:00:00,WIND,600702,1,HCM,1,18974,1011,140,16,140,22,533,6,6,6,6,6,NA,NA,NA,NA,2019-09-20 05:51:00,0
2019-09-20 07:00:00,WIND,600702,1,HCM,1,18974,1011,140,16,140,22,613,6,6,6,6,6,NA,NA,NA,NA,2019-09-20 06:51:00,0
2019-09-20 08:00:00,WIND,600702,1,HCM,1,18974,1011,140,17,140,24,744,6,6,6,6,6,NA,NA,NA,NA,2019-09-20 07:51:00,0
2019-09-20 09:00:00,WIND,600702,1,HCM,1,18974,1011,150,18,140,24,819,6,6,6,6,6,NA,NA,NA,NA,2019-09-20 08:53:00,0
2019-09-20 10:00:00,WIND,600702,1,HCM,1,18974,1011,140,18,140,24,941,6,6,6,6,6,NA,NA,NA,NA,2019-09-20 09:51:00,0
2019-09-20 11:00:00,WIND,600702,1,HCM,1,18974,1011,140,16,140,23,1018,6,6,6,6,6,NA,NA,NA,NA,2019-09-20 10:51:00,0
2019-09-20 12:00:00,WIND,600702,1,HCM,1,18974,1011,140,17,140,24,1101,6,6,6,6,6,NA,NA,NA,NA,2019-09-20 15:32:00,0
2019-09-20 13:00:00,WIND,600702,1,HCM,1,18974,1011,130,18,130,24,1242,6,6,6,6,6,NA,NA,NA,NA,2019-09-20 15:33:00,0
2019-09-20 14:00:00,WIND,600702,1,HCM,1,18974,1011,130,17,130,23,1332,6,6,6,6,6,NA,NA,NA,NA,2019-09-20 15:33:00,0
2019-09-20 15:00:00,WIND,600702,1,HCM,1,18974,1011,130,18,130,25,1401,6,6,6,6,6,NA,NA,NA,NA,2019-09-20 15:33:00,0
2019-09-20 16:00:00,WIND,600702,1,HCM,1,18974,1011,130,18,130,24,1513,6,6,6,6,6,NA,NA,NA,NA,2019-09-20 16:50:00,0
2019-09-20 17:00:00,WIND,600702,1,HCM,1,18974,1011,130,18,140,26,1559,6,6,6,6,6,NA,NA,NA,NA,2019-09-20 16:52:00,0
2019-09-20 18:00:00,WIND,600702,1,HCM,1,18974,1011,130,15,130,21,1724,6,6,6,6,6,NA,NA,NA,NA,2019-09-20 17:51:00,0
2019-09-20 19:00:00,WIND,600702,1,HCM,1,18974,1011,140,14,150,24,1845,6,6,6,6,6,NA,NA,NA,NA,2019-09-20 18:52:00,0
2019-09-20 20:00:00,WIND,600702,1,HCM,1,18974,1011,150,13,150,19,1850,6,6,6,6,6,NA,NA,NA,NA,2019-09-20 20:04:00,0
2019-09-20 21:00:00,WIND,600702,1,HCM,1,18974,1011,140,14,140,20,2049,6,6,6,6,6,NA,NA,NA,NA,2019-09-20 20:54:00,0
2019-09-20 22:00:00,WIND,600702,1,HCM,1,18974,1011,120,16,120,21,2138,6,6,6,6,6,NA,NA,NA,NA,2019-09-20 21:51:00,0
2019-09-20 23:00:00,WIND,600702,1,HCM,1,18974,1011,120,16,130,22,2154,6,6,6,6,6,NA,NA,NA,NA,2019-09-20 22:51:00,0
2019-09-21 00:00:00,WIND,600702,1,HCM,1,18974,1011,130,15,130,21,2323,6,6,6,6,6,NA,NA,NA,NA,2019-09-20 23:51:00,0
2019-09-21 01:00:00,WIND,600702,1,HCM,1,18974,1011,130,18,130,22,8,6,6,6,6,6,NA,NA,NA,NA,2019-09-21 00:51:00,0
2019-09-21 02:00:00,WIND,600702,1,HCM,1,18974,1011,130,18,130,26,139,6,6,6,6,6,NA,NA,NA,NA,2019-09-21 01:51:00,0
2019-09-21 03:00:00,WIND,600702,1,HCM,1,18974,1011,130,21,140,31,232,6,6,6,6,6,NA,NA,NA,NA,2019-09-21 02:51:00,0
2019-09-21 04:00:00,WIND,600702,1,HCM,1,18974,1011,130,22,140,29,304,6,6,6,6,6,NA,NA,NA,NA,2019-09-21 03:51:00,0
2019-09-21 05:00:00,WIND,600702,1,HCM,1,18974,1011,130,22,130,31,448,6,6,6,6,6,NA,NA,NA,NA,2019-09-21 04:51:00,0
2019-09-21 06:00:00,WIND,600702,1,HCM,1,18974,1011,130,23,130,31,455,6,6,6,6,6,NA,NA,NA,NA,2019-09-21 05:51:00,0
2019-09-21 07:00:00,WIND,600702,1,HCM,1,18974,1011,130,23,130,31,623,6,6,6,6,6,NA,NA,NA,NA,2019-09-21 06:51:00,0
2019-09-21 08:00:00,WIND,600702,1,HCM,1,18974,1011,130,25,130,34,726,6,6,6,6,6,NA,NA,NA,NA,2019-09-21 07:51:00,0
2019-09-21 09:00:00,WIND,600702,1,HCM,1,18974,1011,120,21,140,30,758,6,6,6,6,6,NA,NA,NA,NA,2019-09-21 08:55:00,0
2019-09-21 10:00:00,WIND,600702,1,HCM,1,18974,1011,120,19,120,26,854,6,6,6,6,6,NA,NA,NA,NA,2019-09-21 09:52:00,0
2019-09-21 11:00:00,WIND,600702,1,HCM,1,18974,1011,120,17,120,25,951,6,6,6,6,6,NA,NA,NA,NA,2019-09-21 10:51:00,0
2019-09-21 12:00:00,WIND,600702,1,HCM,1,18974,1011,130,23,130,31,1137,6,6,6,6,6,NA,NA,NA,NA,2019-09-21 11:51:00,0
2019-09-21 13:00:00,WIND,600702,1,HCM,1,18974,1011,120,21,120,30,1155,6,6,6,6,6,NA,NA,NA,NA,2019-09-21 12:51:00,0
2019-09-21 14:00:00,WIND,600702,1,HCM,1,18974,1011,120,19,130,27,1344,6,6,6,6,6,NA,NA,NA,NA,2019-09-21 13:51:00,0
2019-09-21 15:00:00,WIND,600702,1,HCM,1,18974,1011,130,22,130,30,1429,6,6,6,6,6,NA,NA,NA,NA,2019-09-21 14:51:00,0
2019-09-21 16:00:00,WIND,600702,1,HCM,1,18974,1011,120,20,120,30,1456,6,6,6,6,6,NA,NA,NA,NA,2019-09-21 15:51:00,0
2019-09-21 17:00:00,WIND,600702,1,HCM,1,18974,1011,130,19,120,24,1624,6,6,6,6,6,NA,NA,NA,NA,2019-09-21 16:51:00,0
2019-09-21 18:00:00,WIND,600702,1,HCM,1,18974,1011,120,17,120,24,1736,6,6,6,6,6,NA,NA,NA,NA,2019-09-21 17:51:00,0
2019-09-21 19:00:00,WIND,600702,1,HCM,1,18974,1011,130,17,130,22,1755,6,6,6,6,6,NA,NA,NA,NA,2019-09-21 18:51:00,0
2019-09-21 20:00:00,WIND,600702,1,HCM,1,18974,1011,130,19,120,25,1937,6,6,6,6,6,NA,NA,NA,NA,2019-09-21 19:51:00,0
2019-09-21 21:00:00,WIND,600702,1,HCM,1,18974,1011,130,19,130,26,2047,6,6,6,6,6,NA,NA,NA,NA,2019-09-21 20:55:00,0
2019-09-21 22:00:00,WIND,600702,1,HCM,1,18974,1011,130,18,130,24,2052,6,6,6,6,6,NA,NA,NA,NA,2019-09-21 21:51:00,0
2019-09-21 23:00:00,WIND,600702,1,HCM,1,18974,1011,120,17,120,23,2237,6,6,6,6,6,NA,NA,NA,NA,2019-09-21 22:51:00,0
2019-09-22 00:00:00,WIND,600702,1,HCM,1,18974,1011,120,17,110,22,2310,6,6,6,6,6,NA,NA,NA,NA,2019-09-21 23:51:00,0
2019-09-22 01:00:00,WIND,600702,1,HCM,1,18974,1011,120,17,120,22,9,6,6,6,6,6,NA,NA,NA,NA,2019-09-22 00:51:00,0
2019-09-22 02:00:00,WIND,600702,1,HCM,1,18974,1011,130,14,130,20,108,6,6,6,6,6,NA,NA,NA,NA,2019-09-22 01:51:00,0
2019-09-22 03:00:00,WIND,600702,1,HCM,1,18974,1011,140,15,140,23,150,6,6,6,6,6,NA,NA,NA,NA,2019-09-22 02:51:00,0
2019-09-22 04:00:00,WIND,600702,1,HCM,1,18974,1011,130,15,120,22,334,6,6,6,6,6,NA,NA,NA,NA,2019-09-22 03:51:00,0
2019-09-22 05:00:00,WIND,600702,1,HCM,1,18974,1011,130,16,120,22,356,6,6,6,6,6,NA,NA,NA,NA,2019-09-22 04:51:00,0
2019-09-22 06:00:00,WIND,600702,1,HCM,1,18974,1011,120,16,130,24,503,6,6,6,6,6,NA,NA,NA,NA,2019-09-22 05:51:00,0
2019-09-22 07:00:00,WIND,600702,1,HCM,1,18974,1011,120,16,120,21,640,6,6,6,6,6,NA,NA,NA,NA,2019-09-22 06:51:00,0
2019-09-22 08:00:00,WIND,600702,1,HCM,1,18974,1011,120,12,120,19,650,6,6,6,6,6,NA,NA,NA,NA,2019-09-22 07:51:00,0
2019-09-22 09:00:00,WIND,600702,1,HCM,1,18974,1011,120,11,120,17,810,6,6,6,6,6,NA,NA,NA,NA,2019-09-22 10:16:00,0
2019-09-22 10:00:00,WIND,600702,1,HCM,1,18974,1011,120,12,120,18,909,6,6,6,6,6,NA,NA,NA,NA,2019-09-22 10:16:00,0
2019-09-22 11:00:00,WIND,600702,1,HCM,1,18974,1011,120,12,110,20,1014,6,6,6,6,6,NA,NA,NA,NA,2019-09-22 11:12:00,0
2019-09-22 12:00:00,WIND,600702,1,HCM,1,18974,1011,110,10,110,16,1120,6,6,6,6,6,NA,NA,NA,NA,2019-09-22 12:06:00,0
2019-09-22 13:00:00,WIND,600702,1,HCM,1,18974,1011,120,9,120,14,1214,6,6,6,6,6,NA,NA,NA,NA,2019-09-22 13:00:00,0
2019-09-22 14:00:00,WIND,600702,1,HCM,1,18974,1011,120,11,120,17,1341,6,6,6,6,6,NA,NA,NA,NA,2019-09-22 13:51:00,0
2019-09-22 15:00:00,WIND,600702,1,HCM,1,18974,1011,110,11,110,16,1437,6,6,6,6,6,NA,NA,NA,NA,2019-09-22 15:06:00,0
2019-09-22 16:00:00,WIND,600702,1,HCM,1,18974,1011,110,11,130,17,1540,6,6,6,6,6,NA,NA,NA,NA,2019-09-22 16:11:00,0
2019-09-22 17:00:00,WIND,600702,1,HCM,1,18974,1011,130,13,130,19,1635,6,6,6,6,6,NA,NA,NA,NA,2019-09-22 16:51:00,0
2019-09-22 18:00:00,WIND,600702,1,HCM,1,18974,1011,140,8,140,13,1652,6,6,6,6,6,NA,NA,NA,NA,2019-09-22 17:51:00,0
2019-09-22 19:00:00,WIND,600702,1,HCM,1,18974,1011,140,8,130,11,1826,6,6,6,6,6,NA,NA,NA,NA,2019-09-22 19:32:00,0
2019-09-22 20:00:00,WIND,600702,1,HCM,1,18974,1011,150,8,150,12,1926,6,6,6,6,6,NA,NA,NA,NA,2019-09-22 19:51:00,0
2019-09-22 21:00:00,WIND,600702,1,HCM,1,18974,1011,160,8,150,12,2002,6,6,6,6,6,NA,NA,NA,NA,2019-09-23 00:20:00,41
2019-09-22 22:00:00,WIND,600702,1,HCM,1,18974,1011,160,7,150,10,2124,6,6,6,6,6,NA,NA,NA,NA,2019-09-23 00:20:00,41
2019-09-22 23:00:00,WIND,600702,1,HCM,1,18974,1011,180,4,170,8,2153,6,6,6,6,6,NA,NA,NA,NA,2019-09-23 00:20:00,41
2019-09-23 00:00:00,WIND,600702,1,HCM,1,18974,1011,150,4,150,7,2348,6,6,6,6,6,NA,NA,NA,NA,2019-09-23 00:20:00,0
2019-09-23 01:00:00,WIND,600702,1,HCM,1,18974,1011,160,4,150,6,2351,6,6,6,6,6,NA,NA,NA,NA,2019-09-23 08:32:00,0
2019-09-23 02:00:00,WIND,600702,1,HCM,1,18974,1011,180,3,170,5,148,6,6,6,6,6,NA,NA,NA,NA,2019-09-23 08:33:00,0
2019-09-23 03:00:00,WIND,600702,1,HCM,1,18974,1011,160,6,170,9,213,6,6,6,6,6,NA,NA,NA,NA,2019-09-23 08:33:00,0
2019-09-23 04:00:00,WIND,600702,1,HCM,1,18974,1011,140,5,150,7,253,6,6,6,6,6,NA,NA,NA,NA,2019-09-23 08:33:00,0
2019-09-23 05:00:00,WIND,600702,1,HCM,1,18974,1011,150,6,140,8,447,6,6,6,6,6,NA,NA,NA,NA,2019-09-23 08:35:00,0
2019-09-23 06:00:00,WIND,600702,1,HCM,1,18974,1011,140,8,140,13,546,6,6,6,6,6,NA,NA,NA,NA,2019-09-23 08:36:00,0
2019-09-23 07:00:00,WIND,600702,1,HCM,1,18974,1011,150,9,150,13,603,6,6,6,6,6,NA,NA,NA,NA,2019-09-23 08:36:00,0
2019-09-23 08:00:00,WIND,600702,1,HCM,1,18974,1011,150,6,160,10,651,6,6,6,6,6,NA,NA,NA,NA,2019-09-23 08:36:00,0
2019-09-23 09:00:00,WIND,600702,1,HCM,1,18974,1011,130,9,130,12,846,6,6,6,6,6,NA,NA,NA,NA,2019-09-23 09:24:00,0
2019-09-23 10:00:00,WIND,600702,1,HCM,1,18974,1011,140,11,140,15,901,6,6,6,6,6,NA,NA,NA,NA,2019-09-23 09:52:00,0
2019-09-23 11:00:00,WIND,600702,1,HCM,1,18974,1011,130,12,130,19,1047,6,6,6,6,6,NA,NA,NA,NA,2019-09-23 11:56:00,0
2019-09-23 12:00:00,WIND,600702,1,HCM,1,18974,1011,140,14,170,20,1147,6,6,6,6,6,NA,NA,NA,NA,2019-09-23 11:57:00,0
2019-09-23 13:00:00,WIND,600702,1,HCM,1,18974,1011,200,15,210,23,1152,6,6,6,6,6,NA,NA,NA,NA,2019-09-23 12:51:00,0
2019-09-23 14:00:00,WIND,600702,1,HCM,1,18974,1011,170,16,170,23,1330,6,6,6,6,6,NA,NA,NA,NA,2019-09-23 13:51:00,0
2019-09-23 15:00:00,WIND,600702,1,HCM,1,18974,1011,150,16,150,22,1446,6,6,6,6,6,NA,NA,NA,NA,2019-09-23 14:51:00,0
2019-09-23 16:00:00,WIND,600702,1,HCM,1,18974,1011,140,19,140,27,1527,6,6,6,6,6,NA,NA,NA,NA,2019-09-23 15:51:00,0
2019-09-23 17:00:00,WIND,600702,1,HCM,1,18974,1011,140,22,130,29,1609,6,6,6,6,6,NA,NA,NA,NA,2019-09-23 16:51:00,0
2019-09-23 18:00:00,WIND,600702,1,HCM,1,18974,1011,130,20,130,27,1650,6,6,6,6,6,NA,NA,NA,NA,2019-09-23 17:51:00,0
2019-09-23 19:00:00,WIND,600702,1,HCM,1,18974,1011,130,20,130,28,1836,6,6,6,6,6,NA,NA,NA,NA,2019-09-23 18:51:00,0
2019-09-23 20:00:00,WIND,600702,1,HCM,1,18974,1011,120,18,120,25,1946,6,6,6,6,6,NA,NA,NA,NA,2019-09-23 19:51:00,0
2019-09-23 21:00:00,WIND,600702,1,HCM,1,18974,1011,120,20,120,28,2027,6,6,6,6,6,NA,NA,NA,NA,2019-09-23 20:53:00,0
2019-09-23 22:00:00,WIND,600702,1,HCM,1,18974,1011,120,20,120,28,2057,6,6,6,6,6,NA,NA,NA,NA,2019-09-23 21:51:00,0
2019-09-23 23:00:00,WIND,600702,1,HCM,1,18974,1011,110,18,120,25,2200,6,6,6,6,6,NA,NA,NA,NA,2019-09-23 22:51:00,0
2019-09-24 00:00:00,WIND,600702,1,HCM,1,18974,1011,120,20,120,29,2330,6,6,6,6,6,NA,NA,NA,NA,2019-09-23 23:51:00,0
2019-09-24 01:00:00,WIND,600702,1,HCM,1,18974,1011,120,20,120,28,2356,6,6,6,6,6,NA,NA,NA,NA,2019-09-24 00:51:00,0
2019-09-24 02:00:00,WIND,600702,1,HCM,1,18974,1011,120,18,110,25,54,6,6,6,6,6,NA,NA,NA,NA,2019-09-24 09:21:00,0
2019-09-24 02:00:00,WMO,03100,1,SYNOP,1,18974,1011,NA,NA,NA,25,NA,NA,NA,NA,1,NA,NA,NA,NA,NA,2019-09-24 09:20:00,30
2019-09-24 03:00:00,WIND,600702,1,HCM,1,18974,1011,120,18,120,24,207,6,6,6,6,6,NA,NA,NA,NA,2019-09-24 09:28:00,0
2019-09-24 04:00:00,WIND,600702,1,HCM,1,18974,1011,130,16,130,22,308,6,6,6,6,6,NA,NA,NA,NA,2019-09-24 09:31:00,0
2019-09-24 05:00:00,WIND,600702,1,HCM,1,18974,1011,130,15,140,20,355,6,6,6,6,6,NA,NA,NA,NA,2019-09-24 09:31:00,0
2019-09-24 06:00:00,WIND,600702,1,HCM,1,18974,1011,130,14,130,19,539,6,6,6,6,6,NA,NA,NA,NA,2019-09-24 09:31:00,0
2019-09-24 07:00:00,WIND,600702,1,HCM,1,18974,1011,130,14,130,20,556,6,6,6,6,6,NA,NA,NA,NA,2019-09-24 09:32:00,0
2019-09-24 08:00:00,WIND,600702,1,HCM,1,18974,1011,130,15,120,20,708,6,6,6,6,6,NA,NA,NA,NA,2019-09-24 09:32:00,0
2019-09-24 09:00:00,WIND,600702,1,HCM,1,18974,1011,130,14,130,19,837,6,6,6,6,6,NA,NA,NA,NA,2019-09-24 09:34:00,0
2019-09-24 10:00:00,WIND,600702,1,HCM,1,18974,1011,130,14,130,20,922,6,6,6,6,6,NA,NA,NA,NA,2019-09-24 09:53:00,0
2019-09-24 11:00:00,WIND,600702,1,HCM,1,18974,1011,130,13,140,17,1016,6,6,6,6,6,NA,NA,NA,NA,2019-09-24 10:51:00,0
2019-09-24 12:00:00,WIND,600702,1,HCM,1,18974,1011,130,10,130,15,1052,6,6,6,6,6,NA,NA,NA,NA,2019-09-24 11:51:00,0
2019-09-24 13:00:00,WIND,600702,1,HCM,1,18974,1011,120,11,120,16,1210,6,6,6,6,6,NA,NA,NA,NA,2019-09-24 12:51:00,0
2019-09-24 14:00:00,WIND,600702,1,HCM,1,18974,1011,120,10,120,15,1305,6,6,6,6,6,NA,NA,NA,NA,2019-09-24 13:51:00,0
2019-09-24 15:00:00,WIND,600702,1,HCM,1,18974,1011,120,9,130,13,1444,6,6,6,6,6,NA,NA,NA,NA,2019-09-24 14:51:00,0
2019-09-24 16:00:00,WIND,600702,1,HCM,1,18974,1011,130,8,120,13,1452,6,6,6,6,6,NA,NA,NA,NA,2019-09-24 15:51:00,0
2019-09-24 17:00:00,WIND,600702,1,HCM,1,18974,1011,100,7,120,12,1621,6,6,6,6,6,NA,NA,NA,NA,2019-09-24 16:51:00,0
2019-09-24 18:00:00,WIND,600702,1,HCM,1,18974,1011,100,5,120,8,1717,6,6,6,6,6,NA,NA,NA,NA,2019-09-24 17:51:00,0
2019-09-24 19:00:00,WIND,600702,1,HCM,1,18974,1011,70,4,110,7,1751,6,6,6,6,6,NA,NA,NA,NA,2019-09-24 18:51:00,0
2019-09-24 20:00:00,WIND,600702,1,HCM,1,18974,1011,10,4,10,7,1949,6,6,6,6,6,NA,NA,NA,NA,2019-09-24 19:51:00,0
2019-09-24 21:00:00,WIND,600702,1,HCM,1,18974,1011,360,4,350,7,2049,6,6,6,6,6,NA,NA,NA,NA,2019-09-24 20:54:00,0
2019-09-24 22:00:00,WIND,600702,1,HCM,1,18974,1011,360,6,360,7,2057,6,6,6,6,6,NA,NA,NA,NA,2019-09-24 21:51:00,0
2019-09-24 23:00:00,WIND,600702,1,HCM,1,18974,1011,350,5,360,7,2215,6,6,6,6,6,NA,NA,NA,NA,2019-09-24 22:51:00,0
2019-09-25 00:00:00,WIND,600702,1,HCM,1,18974,1011,350,5,350,7,2332,6,6,6,6,6,NA,NA,NA,NA,2019-09-24 23:51:00,0
2019-09-25 01:00:00,WIND,600702,1,HCM,1,18974,1011,340,5,350,6,6,6,6,6,6,6,NA,NA,NA,NA,2019-09-25 00:51:00,0
2019-09-25 02:00:00,WIND,600702,1,HCM,1,18974,1011,350,5,350,6,107,6,6,6,6,6,NA,NA,NA,NA,2019-09-25 01:51:00,0
2019-09-25 03:00:00,WIND,600702,1,HCM,1,18974,1011,360,4,360,6,212,6,6,6,6,6,NA,NA,NA,NA,2019-09-25 02:51:00,0
2019-09-25 04:00:00,WIND,600702,1,HCM,1,18974,1011,350,3,350,5,341,6,6,6,6,6,NA,NA,NA,NA,2019-09-25 03:51:00,0
2019-09-25 05:00:00,WIND,600702,1,HCM,1,18974,1011,350,5,10,6,439,6,6,6,6,6,NA,NA,NA,NA,2019-09-25 04:51:00,0
2019-09-25 06:00:00,WIND,600702,1,HCM,1,18974,1011,30,3,20,6,524,6,6,6,6,6,NA,NA,NA,NA,2019-09-25 05:51:00,0
2019-09-25 07:00:00,WIND,600702,1,HCM,1,18974,1011,50,1,60,3,631,6,6,6,6,6,NA,NA,NA,NA,2019-09-25 06:51:00,0
2019-09-25 08:00:00,WIND,600702,1,HCM,1,18974,1011,140,1,100,3,717,6,6,6,6,6,NA,NA,NA,NA,2019-09-25 07:51:00,0
2019-09-25 09:00:00,WIND,600702,1,HCM,1,18974,1011,140,2,140,4,848,6,6,6,6,6,NA,NA,NA,NA,2019-09-25 08:54:00,0
2019-09-25 10:00:00,WIND,600702,1,HCM,1,18974,1011,150,5,130,7,945,6,6,6,6,6,NA,NA,NA,NA,2019-09-25 09:51:00,0
2019-09-25 11:00:00,WIND,600702,1,HCM,1,18974,1011,160,6,170,10,1041,6,6,6,6,6,NA,NA,NA,NA,2019-09-25 10:51:00,0
2019-09-25 12:00:00,WIND,600702,1,HCM,1,18974,1011,180,8,180,11,1050,6,6,6,6,6,NA,NA,NA,NA,2019-09-25 11:51:00,0
2019-09-25 13:00:00,WIND,600702,1,HCM,1,18974,1011,180,9,180,13,1225,6,6,6,6,6,NA,NA,NA,NA,2019-09-25 12:51:00,0
2019-09-25 14:00:00,WIND,600702,1,HCM,1,18974,1011,190,8,200,12,1325,6,6,6,6,6,NA,NA,NA,NA,2019-09-25 13:51:00,0
2019-09-25 15:00:00,WIND,600702,1,HCM,1,18974,1011,200,10,210,15,1434,6,6,6,6,6,NA,NA,NA,NA,2019-09-25 14:51:00,0
2019-09-25 16:00:00,WIND,600702,1,HCM,1,18974,1011,200,10,200,15,1535,6,6,6,6,6,NA,NA,NA,NA,2019-09-25 15:51:00,0
2019-09-25 17:00:00,WIND,600702,1,HCM,1,18974,1011,180,10,180,15,1631,6,6,6,6,6,NA,NA,NA,NA,2019-09-25 16:51:00,0
2019-09-25 18:00:00,WIND,600702,1,HCM,1,18974,1011,160,10,160,14,1656,6,6,6,6,6,NA,NA,NA,NA,2019-09-25 17:51:00,0
2019-09-25 19:00:00,WIND,600702,1,HCM,1,18974,1011,140,10,140,14,1811,6,6,6,6,6,NA,NA,NA,NA,2019-09-25 18:51:00,0
2019-09-25 20:00:00,WIND,600702,1,HCM,1,18974,1011,130,13,130,18,1949,6,6,6,6,6,NA,NA,NA,NA,2019-09-25 19:51:00,0
2019-09-25 21:00:00,WIND,600702,1,HCM,1,18974,1011,130,17,130,24,2042,6,6,6,6,6,NA,NA,NA,NA,2019-09-25 20:55:00,0
2019-09-25 22:00:00,WIND,600702,1,HCM,1,18974,1011,140,18,130,25,2052,6,6,6,6,6,NA,NA,NA,NA,2019-09-25 21:51:00,0
2019-09-25 23:00:00,WIND,600702,1,HCM,1,18974,1011,140,18,140,26,2230,6,6,6,6,6,NA,NA,NA,NA,2019-09-25 22:51:00,0
2019-09-26 00:00:00,WIND,600702,1,HCM,1,18974,1011,130,21,130,29,2333,6,6,6,6,6,NA,NA,NA,NA,2019-09-25 23:51:00,0
2019-09-26 01:00:00,WIND,600702,1,HCM,1,18974,1011,140,20,140,27,28,6,6,6,6,6,NA,NA,NA,NA,2019-09-26 00:51:00,0
2019-09-26 02:00:00,WIND,600702,1,HCM,1,18974,1011,180,19,170,33,107,6,6,6,6,6,NA,NA,NA,NA,2019-09-26 01:51:00,0
2019-09-26 03:00:00,WIND,600702,1,HCM,1,18974,1011,200,18,210,30,249,6,6,6,6,6,NA,NA,NA,NA,2019-09-26 02:51:00,0
2019-09-26 04:00:00,WIND,600702,1,HCM,1,18974,1011,210,19,200,29,349,6,6,6,6,6,NA,NA,NA,NA,2019-09-26 03:51:00,0
2019-09-26 05:00:00,WIND,600702,1,HCM,1,18974,1011,200,19,210,27,445,6,6,6,6,6,NA,NA,NA,NA,2019-09-26 04:51:00,0
2019-09-26 06:00:00,WIND,600702,1,HCM,1,18974,1011,210,19,200,33,454,6,6,6,6,6,NA,NA,NA,NA,2019-09-26 05:51:00,0
2019-09-26 07:00:00,WIND,600702,1,HCM,1,18974,1011,210,14,210,22,553,6,6,6,6,6,NA,NA,NA,NA,2019-09-26 06:51:00,0
2019-09-26 08:00:00,WIND,600702,1,HCM,1,18974,1011,210,11,220,17,715,6,6,6,6,6,NA,NA,NA,NA,2019-09-26 07:52:00,0
2019-09-26 09:00:00,WIND,600702,1,HCM,1,18974,1011,200,13,190,22,837,6,6,6,6,6,NA,NA,NA,NA,2019-09-26 08:55:00,0
2019-09-26 10:00:00,WIND,600702,1,HCM,1,18974,1011,190,16,190,24,932,6,6,6,6,6,NA,NA,NA,NA,2019-09-26 09:51:00,0
2019-09-26 11:00:00,WIND,600702,1,HCM,1,18974,1011,190,15,200,23,1006,6,6,6,6,6,NA,NA,NA,NA,2019-09-26 10:52:00,0
2019-09-26 12:00:00,WIND,600702,1,HCM,1,18974,1011,190,17,190,25,1101,6,6,6,6,6,NA,NA,NA,NA,2019-09-26 11:52:00,0
2019-09-26 13:00:00,WIND,600702,1,HCM,1,18974,1011,200,13,190,20,1246,6,6,6,6,6,NA,NA,NA,NA,2019-09-26 12:52:00,0
2019-09-26 14:00:00,WIND,600702,1,HCM,1,18974,1011,210,14,200,23,1256,6,6,6,6,6,NA,NA,NA,NA,2019-09-26 13:52:00,0
2019-09-26 15:00:00,WIND,600702,1,HCM,1,18974,1011,200,13,210,24,1435,6,6,6,6,6,NA,NA,NA,NA,2019-09-26 14:52:00,0
2019-09-26 16:00:00,WIND,600702,1,HCM,1,18974,1011,200,12,210,19,1531,6,6,6,6,6,NA,NA,NA,NA,2019-09-26 15:52:00,0
2019-09-26 17:00:00,WIND,600702,1,HCM,1,18974,1011,210,12,210,20,1555,6,6,6,6,6,NA,NA,NA,NA,2019-09-26 16:52:00,0
2019-09-26 18:00:00,WIND,600702,1,HCM,1,18974,1011,200,9,200,16,1718,6,6,6,6,6,NA,NA,NA,NA,2019-09-26 17:52:00,0
2019-09-26 19:00:00,WIND,600702,1,HCM,1,18974,1011,190,10,190,16,1835,6,6,6,6,6,NA,NA,NA,NA,2019-09-26 18:51:00,0
2019-09-26 20:00:00,WIND,600702,1,HCM,1,18974,1011,200,9,200,15,1910,6,6,6,6,6,NA,NA,NA,NA,2019-09-26 19:51:00,0
2019-09-26 21:00:00,WIND,600702,1,HCM,1,18974,1011,200,7,200,10,2007,6,6,6,6,6,NA,NA,NA,NA,2019-09-26 20:53:00,0
2019-09-26 22:00:00,WIND,600702,1,HCM,1,18974,1011,210,7,220,10,2131,6,6,6,6,6,NA,NA,NA,NA,2019-09-26 21:51:00,0
2019-09-26 23:00:00,WIND,600702,1,HCM,1,18974,1011,210,7,210,17,2214,6,6,6,6,6,NA,NA,NA,NA,2019-09-26 22:51:00,0
2019-09-27 00:00:00,WIND,600702,1,HCM,1,18974,1011,220,7,230,11,2310,6,6,6,6,6,NA,NA,NA,NA,2019-09-26 23:51:00,0
2019-09-27 01:00:00,WIND,600702,1,HCM,1,18974,1011,220,8,230,14,42,6,6,6,6,6,NA,NA,NA,NA,2019-09-27 00:51:00,0
2019-09-27 02:00:00,WIND,600702,1,HCM,1,18974,1011,230,7,220,9,52,6,6,6,6,6,NA,NA,NA,NA,2019-09-27 01:51:00,0
2019-09-27 03:00:00,WIND,600702,1,HCM,1,18974,1011,220,5,240,7,152,6,6,6,6,6,NA,NA,NA,NA,2019-09-27 09:42:00,0
2019-09-27 04:00:00,WIND,600702,1,HCM,1,18974,1011,220,6,220,7,331,6,6,6,6,6,NA,NA,NA,NA,2019-09-27 09:43:00,0
2019-09-27 05:00:00,WIND,600702,1,HCM,1,18974,1011,210,6,220,10,418,6,6,6,6,6,NA,NA,NA,NA,2019-09-27 09:43:00,0
2019-09-27 06:00:00,WIND,600702,1,HCM,1,18974,1011,210,4,190,6,451,6,6,6,6,6,NA,NA,NA,NA,2019-09-27 09:43:00,0
2019-09-27 07:00:00,WIND,600702,1,HCM,1,18974,1011,200,5,190,7,617,6,6,6,6,6,NA,NA,NA,NA,2019-09-27 09:44:00,0
2019-09-27 08:00:00,WIND,600702,1,HCM,1,18974,1011,200,6,190,8,707,6,6,6,6,6,NA,NA,NA,NA,2019-09-27 09:44:00,0
2019-09-27 09:00:00,WIND,600702,1,HCM,1,18974,1011,230,4,190,7,838,6,6,6,6,6,NA,NA,NA,NA,2019-09-27 09:47:00,0
2019-09-27 10:00:00,WIND,600702,1,HCM,1,18974,1011,130,3,120,7,934,6,6,6,6,6,NA,NA,NA,NA,2019-09-27 09:52:00,0
2019-09-27 11:00:00,WIND,600702,1,HCM,1,18974,1011,200,5,240,12,1013,6,6,6,6,6,NA,NA,NA,NA,2019-09-27 10:51:00,0
2019-09-27 12:00:00,WIND,600702,1,HCM,1,18974,1011,90,5,90,7,1120,6,6,6,6,6,NA,NA,NA,NA,2019-09-27 11:51:00,0
2019-09-27 13:00:00,WIND,600702,1,HCM,1,18974,1011,150,4,160,7,1235,6,6,6,6,6,NA,NA,NA,NA,2019-09-27 12:51:00,0
2019-09-27 14:00:00,WIND,600702,1,HCM,1,18974,1011,160,5,240,10,1349,6,6,6,6,6,NA,NA,NA,NA,2019-09-27 13:51:00,0
2019-09-27 15:00:00,WIND,600702,1,HCM,1,18974,1011,250,9,250,15,1405,6,6,6,6,6,NA,NA,NA,NA,2019-09-27 14:51:00,0
2019-09-27 16:00:00,WIND,600702,1,HCM,1,18974,1011,260,10,260,14,1533,6,6,6,6,6,NA,NA,NA,NA,2019-09-27 15:51:00,0
2019-09-27 17:00:00,WIND,600702,1,HCM,1,18974,1011,260,9,250,15,1556,6,6,6,6,6,NA,NA,NA,NA,2019-09-27 16:51:00,0
2019-09-27 18:00:00,WIND,600702,1,HCM,1,18974,1011,260,7,260,11,1650,6,6,6,6,6,NA,NA,NA,NA,2019-09-27 17:51:00,0
2019-09-27 19:00:00,WIND,600702,1,HCM,1,18974,1011,250,6,230,8,1847,6,6,6,6,6,NA,NA,NA,NA,2019-09-27 18:51:00,0
2019-09-27 20:00:00,WIND,600702,1,HCM,1,18974,1011,250,5,230,9,1853,6,6,6,6,6,NA,NA,NA,NA,2019-09-27 19:51:00,0
2019-09-27 21:00:00,WIND,600702,1,HCM,1,18974,1011,270,5,260,7,2011,6,6,6,6,6,NA,NA,NA,NA,2019-09-28 08:38:00,0
2019-09-27 22:00:00,WIND,600702,1,HCM,1,18974,1011,260,5,260,6,2053,6,6,6,6,6,NA,NA,NA,NA,2019-09-28 08:38:00,0
2019-09-27 23:00:00,WIND,600702,1,HCM,1,18974,1011,250,4,250,4,2215,6,6,6,6,6,NA,NA,NA,NA,2019-09-28 08:38:00,0
2019-09-28 00:00:00,WIND,600702,1,HCM,1,18974,1011,260,3,290,4,2339,6,6,6,6,6,NA,NA,NA,NA,2019-09-28 08:38:00,0
2019-09-28 01:00:00,WIND,600702,1,HCM,1,18974,1011,290,4,310,7,37,6,6,6,6,6,NA,NA,NA,NA,2019-09-28 08:39:00,0
2019-09-28 02:00:00,WIND,600702,1,HCM,1,18974,1011,300,5,330,7,146,6,6,6,6,6,NA,NA,NA,NA,2019-09-28 08:39:00,0
2019-09-28 03:00:00,WIND,600702,1,HCM,1,18974,1011,310,6,310,7,247,6,6,6,6,6,NA,NA,NA,NA,2019-09-28 08:39:00,0
2019-09-28 04:00:00,WIND,600702,1,HCM,1,18974,1011,310,6,310,7,252,6,6,6,6,6,NA,NA,NA,NA,2019-09-28 08:40:00,0
2019-09-28 05:00:00,WIND,600702,1,HCM,1,18974,1011,300,7,310,9,413,6,6,6,6,6,NA,NA,NA,NA,2019-09-28 08:40:00,0
2019-09-28 06:00:00,WIND,600702,1,HCM,1,18974,1011,310,7,300,8,544,6,6,6,6,6,NA,NA,NA,NA,2019-09-28 08:40:00,0
2019-09-28 07:00:00,WIND,600702,1,HCM,1,18974,1011,310,6,310,9,555,6,6,6,6,6,NA,NA,NA,NA,2019-09-28 08:41:00,0
2019-09-28 08:00:00,WIND,600702,1,HCM,1,18974,1011,290,6,290,8,727,6,6,6,6,6,NA,NA,NA,NA,2019-09-28 08:41:00,0
2019-09-28 09:00:00,WIND,600702,1,HCM,1,18974,1011,280,7,290,11,842,6,6,6,6,6,NA,NA,NA,NA,2019-09-28 08:55:00,0
2019-09-28 10:00:00,WIND,600702,1,HCM,1,18974,1011,290,8,290,12,851,6,6,6,6,6,NA,NA,NA,NA,2019-09-28 18:59:00,0
2019-09-28 11:00:00,WIND,600702,1,HCM,1,18974,1011,290,9,300,13,1042,6,6,6,6,6,NA,NA,NA,NA,2019-09-28 19:01:00,0
2019-09-28 12:00:00,WIND,600702,1,HCM,1,18974,1011,290,8,280,12,1106,6,6,6,6,6,NA,NA,NA,NA,2019-09-28 19:03:00,0
2019-09-28 13:00:00,WIND,600702,1,HCM,1,18974,1011,300,7,260,11,1224,6,6,6,6,6,NA,NA,NA,NA,2019-09-28 19:06:00,0
2019-09-28 14:00:00,WIND,600702,1,HCM,1,18974,1011,310,6,320,11,1320,6,6,6,6,6,NA,NA,NA,NA,2019-09-28 19:06:00,0
2019-09-28 15:00:00,WIND,600702,1,HCM,1,18974,1011,270,6,250,9,1444,6,6,6,6,6,NA,NA,NA,NA,2019-09-28 19:06:00,0
2019-09-28 16:00:00,WIND,600702,1,HCM,1,18974,1011,250,5,240,9,1512,6,6,6,6,6,NA,NA,NA,NA,2019-09-28 19:07:00,0
2019-09-28 17:00:00,WIND,600702,1,HCM,1,18974,1011,220,4,230,6,1551,6,6,6,6,6,NA,NA,NA,NA,2019-09-28 19:07:00,0
2019-09-28 18:00:00,WIND,600702,1,HCM,1,18974,1011,280,3,270,6,1650,6,6,6,6,6,NA,NA,NA,NA,2019-09-28 19:07:00,0
2019-09-28 19:00:00,WIND,600702,1,HCM,1,18974,1011,310,1,10,2,1848,6,6,6,6,6,NA,NA,NA,NA,2019-09-28 19:07:00,0
2019-09-28 20:00:00,WIND,600702,1,HCM,1,18974,1011,40,3,60,6,1948,6,6,6,6,6,NA,NA,NA,NA,2019-09-28 19:52:00,0
2019-09-28 21:00:00,WIND,600702,1,HCM,1,18974,1011,50,7,50,9,2044,6,6,6,6,6,NA,NA,NA,NA,2019-09-28 20:55:00,0
2019-09-28 22:00:00,WIND,600702,1,HCM,1,18974,1011,60,6,50,8,2052,6,6,6,6,6,NA,NA,NA,NA,2019-09-28 21:51:00,0
2019-09-28 23:00:00,WIND,600702,1,HCM,1,18974,1011,50,6,50,8,2206,6,6,6,6,6,NA,NA,NA,NA,2019-09-28 22:56:00,0
2019-09-29 00:00:00,WIND,600702,1,HCM,1,18974,1011,40,7,40,8,2334,6,6,6,6,6,NA,NA,NA,NA,2019-09-28 23:51:00,0
2019-09-29 01:00:00,WIND,600702,1,HCM,1,18974,1011,40,7,40,9,2358,6,6,6,6,6,NA,NA,NA,NA,2019-09-29 00:51:00,0
2019-09-29 02:00:00,WIND,600702,1,HCM,1,18974,1011,50,7,50,8,143,6,6,6,6,6,NA,NA,NA,NA,2019-09-29 01:51:00,0
2019-09-29 03:00:00,WIND,600702,1,HCM,1,18974,1011,40,7,40,10,217,6,6,6,6,6,NA,NA,NA,NA,2019-09-29 02:52:00,0
2019-09-29 04:00:00,WIND,600702,1,HCM,1,18974,1011,40,8,40,11,333,6,6,6,6,6,NA,NA,NA,NA,2019-09-29 03:54:00,0
2019-09-29 05:00:00,WIND,600702,1,HCM,1,18974,1011,40,8,40,11,355,6,6,6,6,6,NA,NA,NA,NA,2019-09-29 04:51:00,0
2019-09-29 06:00:00,WIND,600702,1,HCM,1,18974,1011,40,8,40,12,535,6,6,6,6,6,NA,NA,NA,NA,2019-09-29 05:51:00,0
2019-09-29 07:00:00,WIND,600702,1,HCM,1,18974,1011,40,8,50,13,550,6,6,6,6,6,NA,NA,NA,NA,2019-09-29 06:51:00,0
2019-09-29 08:00:00,WIND,600702,1,HCM,1,18974,1011,40,5,50,9,650,6,6,6,6,6,NA,NA,NA,NA,2019-09-29 07:53:00,0
2019-09-29 09:00:00,WIND,600702,1,HCM,1,18974,1011,30,7,30,12,847,6,6,6,6,6,NA,NA,NA,NA,2019-09-29 09:37:00,0
2019-09-29 10:00:00,WIND,600702,1,HCM,1,18974,1011,30,11,40,15,912,6,6,6,6,6,NA,NA,NA,NA,2019-09-29 10:40:00,0
2019-09-29 11:00:00,WIND,600702,1,HCM,1,18974,1011,30,12,40,16,1012,6,6,6,6,6,NA,NA,NA,NA,2019-09-29 11:33:00,0
2019-09-29 12:00:00,WIND,600702,1,HCM,1,18974,1011,20,11,30,15,1101,6,6,6,6,6,NA,NA,NA,NA,2019-09-29 11:56:00,0
2019-09-29 13:00:00,WIND,600702,1,HCM,1,18974,1011,10,11,20,14,1221,6,6,6,6,6,NA,NA,NA,NA,2019-09-29 12:53:00,0
2019-09-29 14:00:00,WIND,600702,1,HCM,1,18974,1011,350,11,360,14,1340,6,6,6,6,6,NA,NA,NA,NA,2019-09-29 13:51:00,0
2019-09-29 15:00:00,WIND,600702,1,HCM,1,18974,1011,360,10,350,14,1400,6,6,6,6,6,NA,NA,NA,NA,2019-09-29 14:51:00,0
2019-09-29 16:00:00,WIND,600702,1,HCM,1,18974,1011,360,10,350,13,1544,6,6,6,6,6,NA,NA,NA,NA,2019-09-29 15:51:00,0
2019-09-29 17:00:00,WIND,600702,1,HCM,1,18974,1011,350,10,360,13,1612,6,6,6,6,6,NA,NA,NA,NA,2019-09-29 16:51:00,0
2019-09-29 18:00:00,WIND,600702,1,HCM,1,18974,1011,350,10,350,14,1711,6,6,6,6,6,NA,NA,NA,NA,2019-09-29 17:51:00,0
2019-09-29 19:00:00,WIND,600702,1,HCM,1,18974,1011,340,10,340,13,1840,6,6,6,6,6,NA,NA,NA,NA,2019-09-29 18:51:00,0
2019-09-29 20:00:00,WIND,600702,1,HCM,1,18974,1011,320,9,340,13,1851,6,6,6,6,6,NA,NA,NA,NA,2019-09-29 19:51:00,0
2019-09-29 21:00:00,WIND,600702,1,HCM,1,18974,1011,330,8,330,11,2019,6,6,6,6,6,NA,NA,NA,NA,2019-09-29 22:54:00,0
2019-09-29 22:00:00,WIND,600702,1,HCM,1,18974,1011,340,8,340,11,2107,6,6,6,6,6,NA,NA,NA,NA,2019-09-30 00:23:00,38
2019-09-29 23:00:00,WIND,600702,1,HCM,1,18974,1011,330,7,330,9,2222,6,6,6,6,6,NA,NA,NA,NA,2019-09-30 00:25:00,36
2019-09-30 00:00:00,WIND,600702,1,HCM,1,18974,1011,340,8,330,10,2335,6,6,6,6,6,NA,NA,NA,NA,2019-09-30 00:24:00,0
2019-09-30 01:00:00,WIND,600702,1,HCM,1,18974,1011,350,8,350,10,33,6,6,6,6,6,NA,NA,NA,NA,2019-09-30 00:56:00,0
2019-09-30 02:00:00,WIND,600702,1,HCM,1,18974,1011,10,10,10,15,109,6,6,6,6,6,NA,NA,NA,NA,2019-09-30 02:00:00,0
2019-09-30 03:00:00,WIND,600702,1,HCM,1,18974,1011,10,9,10,13,225,6,6,6,6,6,NA,NA,NA,NA,2019-09-30 04:28:00,0
2019-09-30 04:00:00,WIND,600702,1,HCM,1,18974,1011,10,8,20,13,321,6,6,6,6,6,NA,NA,NA,NA,2019-09-30 04:29:00,0
2019-09-30 05:00:00,WIND,600702,1,HCM,1,18974,1011,10,8,10,14,448,6,6,6,6,6,NA,NA,NA,NA,2019-09-30 04:51:00,0
2019-09-30 06:00:00,WIND,600702,1,HCM,1,18974,1011,360,8,360,13,453,6,6,6,6,6,NA,NA,NA,NA,2019-09-30 07:53:00,0
2019-09-30 07:00:00,WIND,600702,1,HCM,1,18974,1011,30,8,30,15,614,6,6,6,6,6,NA,NA,NA,NA,2019-09-30 08:28:00,0
2019-09-30 08:00:00,WIND,600702,1,HCM,1,18974,1011,50,9,40,18,735,6,6,6,6,6,NA,NA,NA,NA,2019-09-30 08:28:00,0
2019-09-30 09:00:00,WIND,600702,1,HCM,1,18974,1011,40,11,40,16,844,6,6,6,6,6,NA,NA,NA,NA,2019-09-30 08:54:00,0
2019-09-30 10:00:00,WIND,600702,1,HCM,1,18974,1011,30,12,30,17,858,6,6,6,6,6,NA,NA,NA,NA,2019-09-30 09:51:00,0
2019-09-30 11:00:00,WIND,600702,1,HCM,1,18974,1011,40,11,50,16,1042,6,6,6,6,6,NA,NA,NA,NA,2019-09-30 10:52:00,0
2019-09-30 12:00:00,WIND,600702,1,HCM,1,18974,1011,30,11,30,15,1111,6,6,6,6,6,NA,NA,NA,NA,2019-09-30 11:53:00,0
2019-09-30 13:00:00,WIND,600702,1,HCM,1,18974,1011,30,9,50,13,1228,6,6,6,6,6,NA,NA,NA,NA,2019-09-30 12:51:00,0
2019-09-30 14:00:00,WIND,600702,1,HCM,1,18974,1011,40,10,30,15,1302,6,6,6,6,6,NA,NA,NA,NA,2019-09-30 13:51:00,0
2019-09-30 15:00:00,WIND,600702,1,HCM,1,18974,1011,30,10,40,13,1425,6,6,6,6,6,NA,NA,NA,NA,2019-09-30 14:51:00,0
2019-09-30 16:00:00,WIND,600702,1,HCM,1,18974,1011,40,10,30,16,1505,6,6,6,6,6,NA,NA,NA,NA,2019-09-30 15:51:00,0
2019-09-30 17:00:00,WIND,600702,1,HCM,1,18974,1011,50,11,40,15,1601,6,6,6,6,6,NA,NA,NA,NA,2019-09-30 16:51:00,0
2019-09-30 18:00:00,WIND,600702,1,HCM,1,18974,1011,50,11,50,15,1658,6,6,6,6,6,NA,NA,NA,NA,2019-09-30 17:51:00,0
2019-09-30 19:00:00,WIND,600702,1,HCM,1,18974,1011,50,10,50,15,1756,6,6,6,6,6,NA,NA,NA,NA,2019-09-30 18:51:00,0
2019-09-30 20:00:00,WIND,600702,1,HCM,1,18974,1011,60,11,70,17,1938,6,6,6,6,6,NA,NA,NA,NA,2019-09-30 19:51:00,0
2019-09-30 21:00:00,WIND,600702,1,HCM,1,18974,1011,60,12,60,17,2008,6,6,6,6,6,NA,NA,NA,NA,2019-09-30 20:53:00,0
2019-09-30 22:00:00,WIND,600702,1,HCM,1,18974,1011,60,14,70,18,2148,6,6,6,6,6,NA,NA,NA,NA,2019-09-30 21:51:00,0
2019-09-30 23:00:00,WIND,600702,1,HCM,1,18974,1011,60,14,70,19,2244,6,6,6,6,6,NA,NA,NA,NA,2019-09-30 22:51:00,0
2019-10-01 00:00:00,WIND,600702,1,HCM,1,18974,1011,70,13,70,18,2252,6,6,6,6,6,NA,NA,NA,NA,2019-09-30 23:51:00,0
2019-10-01 01:00:00,WIND,600702,1,HCM,1,18974,1011,70,12,70,17,21,6,6,6,6,6,NA,NA,NA,NA,2019-10-01 00:51:00,0
2019-10-01 02:00:00,WIND,600702,1,HCM,1,18974,1011,60,10,70,16,51,6,6,6,6,6,NA,NA,NA,NA,2019-10-01 01:51:00,0
2019-10-01 03:00:00,WIND,600702,1,HCM,1,18974,1011,40,11,40,17,247,6,6,6,6,6,NA,NA,NA,NA,2019-10-01 02:51:00,0
2019-10-01 04:00:00,WIND,600702,1,HCM,1,18974,1011,40,13,40,17,305,6,6,6,6,6,NA,NA,NA,NA,2019-10-01 03:51:00,0
2019-10-01 05:00:00,WIND,600702,1,HCM,1,18974,1011,40,11,50,16,406,6,6,6,6,6,NA,NA,NA,NA,2019-10-01 04:51:00,0
2019-10-01 06:00:00,WIND,600702,1,HCM,1,18974,1011,40,11,40,16,529,6,6,6,6,6,NA,NA,NA,NA,2019-10-01 05:51:00,0
2019-10-01 07:00:00,WIND,600702,1,HCM,1,18974,1011,50,13,50,22,636,6,6,6,6,6,NA,NA,NA,NA,2019-10-01 06:51:00,0
2019-10-01 08:00:00,WIND,600702,1,HCM,1,18974,1011,50,15,50,25,730,6,6,6,6,6,NA,NA,NA,NA,2019-10-01 07:51:00,0
2019-10-01 09:00:00,WIND,600702,1,HCM,1,18974,1011,50,16,50,22,831,6,6,6,6,6,NA,NA,NA,NA,2019-10-01 08:53:00,0
2019-10-01 10:00:00,WIND,600702,1,HCM,1,18974,1011,50,16,60,22,905,6,6,6,6,6,NA,NA,NA,NA,2019-10-01 09:51:00,0
2019-10-01 11:00:00,WIND,600702,1,HCM,1,18974,1011,30,15,20,20,1029,6,6,6,6,6,NA,NA,NA,NA,2019-10-01 10:51:00,0
2019-10-01 12:00:00,WIND,600702,1,HCM,1,18974,1011,30,16,30,22,1125,6,6,6,6,6,NA,NA,NA,NA,2019-10-01 11:51:00,0
2019-10-01 13:00:00,WIND,600702,1,HCM,1,18974,1011,20,16,10,23,1232,6,6,6,6,6,NA,NA,NA,NA,2019-10-01 12:51:00,0
2019-10-01 14:00:00,WIND,600702,1,HCM,1,18974,1011,10,16,10,24,1324,6,6,6,6,6,NA,NA,NA,NA,2019-10-01 13:51:00,0
2019-10-01 15:00:00,WIND,600702,1,HCM,1,18974,1011,10,19,360,25,1429,6,6,6,6,6,NA,NA,NA,NA,2019-10-01 14:51:00,0
2019-10-01 16:00:00,WIND,600702,1,HCM,1,18974,1011,10,19,20,27,1508,6,6,6,6,6,NA,NA,NA,NA,2019-10-01 15:51:00,0
2019-10-01 17:00:00,WIND,600702,1,HCM,1,18974,1011,10,18,10,24,1550,6,6,6,6,6,NA,NA,NA,NA,2019-10-01 16:51:00,0
2019-10-01 18:00:00,WIND,600702,1,HCM,1,18974,1011,360,17,360,23,1724,6,6,6,6,6,NA,NA,NA,NA,2019-10-01 17:51:00,0
2019-10-01 19:00:00,WIND,600702,1,HCM,1,18974,1011,360,17,10,25,1838,6,6,6,6,6,NA,NA,NA,NA,2019-10-01 18:51:00,0
2019-10-01 20:00:00,WIND,600702,1,HCM,1,18974,1011,10,16,10,24,1901,6,6,6,6,6,NA,NA,NA,NA,2019-10-01 19:51:00,0
2019-10-01 21:00:00,WIND,600702,1,HCM,1,18974,1011,10,17,10,23,2018,6,6,6,6,6,NA,NA,NA,NA,2019-10-01 20:53:00,0
2019-10-01 22:00:00,WIND,600702,1,HCM,1,18974,1011,360,16,350,25,2138,6,6,6,6,6,NA,NA,NA,NA,2019-10-01 21:51:00,0
2019-10-01 23:00:00,WIND,600702,1,HCM,1,18974,1011,10,14,350,21,2151,6,6,6,6,6,NA,NA,NA,NA,2019-10-01 22:51:00,0
2019-10-02 00:00:00,WIND,600702,1,HCM,1,18974,1011,360,14,350,23,2256,6,6,6,6,6,NA,NA,NA,NA,2019-10-01 23:51:00,0
2019-10-02 01:00:00,WIND,600702,1,HCM,1,18974,1011,350,13,360,20,28,6,6,6,6,6,NA,NA,NA,NA,2019-10-02 00:51:00,0
2019-10-02 02:00:00,WIND,600702,1,HCM,1,18974,1011,360,12,360,27,148,6,6,6,6,6,NA,NA,NA,NA,2019-10-02 01:51:00,0
2019-10-02 03:00:00,WIND,600702,1,HCM,1,18974,1011,340,12,360,25,152,6,6,6,6,6,NA,NA,NA,NA,2019-10-02 02:51:00,0
2019-10-02 04:00:00,WIND,600702,1,HCM,1,18974,1011,350,12,350,19,257,6,6,6,6,6,NA,NA,NA,NA,2019-10-02 03:51:00,0
2019-10-02 05:00:00,WIND,600702,1,HCM,1,18974,1011,360,13,360,19,439,6,6,6,6,6,NA,NA,NA,NA,2019-10-02 04:51:00,0
2019-10-02 06:00:00,WIND,600702,1,HCM,1,18974,1011,360,11,360,17,450,6,6,6,6,6,NA,NA,NA,NA,2019-10-02 05:51:00,0
2019-10-02 07:00:00,WIND,600702,1,HCM,1,18974,1011,350,10,350,18,647,6,6,6,6,6,NA,NA,NA,NA,2019-10-02 06:51:00,0
2019-10-02 08:00:00,WIND,600702,1,HCM,1,18974,1011,350,10,340,18,651,6,6,6,6,6,NA,NA,NA,NA,2019-10-02 07:51:00,0
2019-10-02 09:00:00,WIND,600702,1,HCM,1,18974,1011,350,10,360,14,843,6,6,6,6,6,NA,NA,NA,NA,2019-10-02 08:53:00,0
2019-10-02 10:00:00,WIND,600702,1,HCM,1,18974,1011,340,10,330,14,910,6,6,6,6,6,NA,NA,NA,NA,2019-10-02 09:51:00,0
2019-10-02 11:00:00,WIND,600702,1,HCM,1,18974,1011,340,10,320,15,1033,6,6,6,6,6,NA,NA,NA,NA,2019-10-02 10:51:00,0
2019-10-02 12:00:00,WIND,600702,1,HCM,1,18974,1011,340,11,340,16,1127,6,6,6,6,6,NA,NA,NA,NA,2019-10-02 11:51:00,0
2019-10-02 13:00:00,WIND,600702,1,HCM,1,18974,1011,350,11,350,15,1207,6,6,6,6,6,NA,NA,NA,NA,2019-10-02 12:52:00,0
2019-10-02 14:00:00,WIND,600702,1,HCM,1,18974,1011,360,9,350,15,1315,6,6,6,6,6,NA,NA,NA,NA,2019-10-02 13:51:00,0
2019-10-02 15:00:00,WIND,600702,1,HCM,1,18974,1011,340,8,330,11,1446,6,6,6,6,6,NA,NA,NA,NA,2019-10-02 14:51:00,0
2019-10-02 16:00:00,WIND,600702,1,HCM,1,18974,1011,360,8,360,13,1511,6,6,6,6,6,NA,NA,NA,NA,2019-10-02 15:51:00,0
2019-10-02 17:00:00,WIND,600702,1,HCM,1,18974,1011,350,6,360,11,1609,6,6,6,6,6,NA,NA,NA,NA,2019-10-02 16:51:00,0
2019-10-02 18:00:00,WIND,600702,1,HCM,1,18974,1011,350,5,10,9,1736,6,6,6,6,6,NA,NA,NA,NA,2019-10-02 17:51:00,0
2019-10-02 19:00:00,WIND,600702,1,HCM,1,18974,1011,10,5,10,9,1829,6,6,6,6,6,NA,NA,NA,NA,2019-10-02 18:51:00,0
2019-10-02 20:00:00,WIND,600702,1,HCM,1,18974,1011,350,4,10,8,1850,6,6,6,6,6,NA,NA,NA,NA,2019-10-02 19:51:00,0
2019-10-02 21:00:00,WIND,600702,1,HCM,1,18974,1011,300,2,290,3,1958,6,6,6,6,6,NA,NA,NA,NA,2019-10-02 20:54:00,0
2019-10-02 22:00:00,WIND,600702,1,HCM,1,18974,1011,250,3,260,4,2140,6,6,6,6,6,NA,NA,NA,NA,2019-10-02 21:51:00,0
2019-10-02 23:00:00,WIND,600702,1,HCM,1,18974,1011,270,2,250,4,2155,6,6,6,6,6,NA,NA,NA,NA,2019-10-02 22:51:00,0
2019-10-03 00:00:00,WIND,600702,1,HCM,1,18974,1011,30,2,70,6,2338,6,6,6,6,6,NA,NA,NA,NA,2019-10-02 23:51:00,0
2019-10-03 01:00:00,WIND,600702,1,HCM,1,18974,1011,100,7,90,9,49,6,6,6,6,6,NA,NA,NA,NA,2019-10-03 00:51:00,0
2019-10-03 02:00:00,WIND,600702,1,HCM,1,18974,1011,100,7,100,9,126,6,6,6,6,6,NA,NA,NA,NA,2019-10-03 01:51:00,0
2019-10-03 03:00:00,WIND,600702,1,HCM,1,18974,1011,110,7,120,9,226,6,6,6,6,6,NA,NA,NA,NA,2019-10-03 02:51:00,0
2019-10-03 04:00:00,WIND,600702,1,HCM,1,18974,1011,120,10,120,15,348,6,6,6,6,6,NA,NA,NA,NA,2019-10-03 03:51:00,0
2019-10-03 05:00:00,WIND,600702,1,HCM,1,18974,1011,120,14,120,20,447,6,6,6,6,6,NA,NA,NA,NA,2019-10-03 04:51:00,0
2019-10-03 06:00:00,WIND,600702,1,HCM,1,18974,1011,120,16,110,21,458,6,6,6,6,6,NA,NA,NA,NA,2019-10-03 05:51:00,0
2019-10-03 07:00:00,WIND,600702,1,HCM,1,18974,1011,130,18,120,24,643,6,6,6,6,6,NA,NA,NA,NA,2019-10-03 06:51:00,0
2019-10-03 08:00:00,WIND,600702,1,HCM,1,18974,1011,120,21,130,28,729,6,6,6,6,6,NA,NA,NA,NA,2019-10-03 07:51:00,0
2019-10-03 09:00:00,WIND,600702,1,HCM,1,18974,1011,120,23,120,32,838,6,6,6,6,6,NA,NA,NA,NA,2019-10-03 08:53:00,0
2019-10-03 10:00:00,WIND,600702,1,HCM,1,18974,1011,120,25,120,32,857,6,6,6,6,6,NA,NA,NA,NA,2019-10-03 09:51:00,0
2019-10-03 11:00:00,WIND,600702,1,HCM,1,18974,1011,120,26,110,35,1017,6,6,6,6,6,NA,NA,NA,NA,2019-10-03 10:51:00,0
2019-10-03 12:00:00,WIND,600702,1,HCM,1,18974,1011,120,28,120,37,1137,6,6,6,6,6,NA,NA,NA,NA,2019-10-03 11:51:00,0
2019-10-03 13:00:00,WIND,600702,1,HCM,1,18974,1011,120,30,130,39,1225,6,6,6,6,6,NA,NA,NA,NA,2019-10-03 12:51:00,0
2019-10-03 14:00:00,WIND,600702,1,HCM,1,18974,1011,130,30,130,40,1252,6,6,6,6,6,NA,NA,NA,NA,2019-10-03 13:51:00,0
2019-10-03 15:00:00,WIND,600702,1,HCM,1,18974,1011,120,33,120,43,1449,6,6,6,6,6,NA,NA,NA,NA,2019-10-03 14:51:00,0
2019-10-03 16:00:00,WIND,600702,1,HCM,1,18974,1011,120,34,120,47,1503,6,6,6,6,6,NA,NA,NA,NA,2019-10-03 15:51:00,0
2019-10-03 17:00:00,WIND,600702,1,HCM,1,18974,1011,120,35,120,46,1636,6,6,6,6,6,NA,NA,NA,NA,2019-10-03 16:51:00,0
2019-10-03 18:00:00,WIND,600702,1,HCM,1,18974,1011,120,36,120,47,1655,6,6,6,6,6,NA,NA,NA,NA,2019-10-03 17:51:00,0
2019-10-03 19:00:00,WIND,600702,1,HCM,1,18974,1011,110,35,110,47,1808,6,6,6,6,6,NA,NA,NA,NA,2019-10-03 18:51:00,0
2019-10-03 20:00:00,WIND,600702,1,HCM,1,18974,1011,120,35,120,48,1905,6,6,6,6,6,NA,NA,NA,NA,2019-10-03 19:51:00,0
2019-10-03 21:00:00,WIND,600702,1,HCM,1,18974,1011,120,35,120,46,2049,6,6,6,6,6,NA,NA,NA,NA,2019-10-03 20:55:00,0
2019-10-03 22:00:00,WIND,600702,1,HCM,1,18974,1011,110,32,110,43,2137,6,6,6,6,6,NA,NA,NA,NA,2019-10-03 21:51:00,0
2019-10-03 23:00:00,WIND,600702,1,HCM,1,18974,1011,110,32,110,44,2247,6,6,6,6,6,NA,NA,NA,NA,2019-10-03 22:51:00,0
2019-10-04 00:00:00,WIND,600702,1,HCM,1,18974,1011,110,32,120,43,2300,6,6,6,6,6,NA,NA,NA,NA,2019-10-03 23:51:00,0
2019-10-04 01:00:00,WIND,600702,1,HCM,1,18974,1011,110,31,110,40,31,6,6,6,6,6,NA,NA,NA,NA,2019-10-04 00:51:00,0
2019-10-04 02:00:00,WIND,600702,1,HCM,1,18974,1011,110,30,120,42,112,6,6,6,6,6,NA,NA,NA,NA,2019-10-04 01:51:00,0
2019-10-04 03:00:00,WIND,600702,1,HCM,1,18974,1011,100,25,100,33,152,6,6,6,6,6,NA,NA,NA,NA,2019-10-04 02:51:00,0
2019-10-04 04:00:00,WIND,600702,1,HCM,1,18974,1011,100,25,100,35,303,6,6,6,6,6,NA,NA,NA,NA,2019-10-04 03:51:00,0
2019-10-04 05:00:00,WIND,600702,1,HCM,1,18974,1011,90,22,100,30,355,6,6,6,6,6,NA,NA,NA,NA,2019-10-04 04:51:00,0
2019-10-04 06:00:00,WIND,600702,1,HCM,1,18974,1011,90,19,110,27,502,6,6,6,6,6,NA,NA,NA,NA,2019-10-04 05:51:00,0
2019-10-04 07:00:00,WIND,600702,1,HCM,1,18974,1011,70,17,70,26,623,6,6,6,6,6,NA,NA,NA,NA,2019-10-04 06:51:00,0
2019-10-04 08:00:00,WIND,600702,1,HCM,1,18974,1011,70,15,70,23,650,6,6,6,6,6,NA,NA,NA,NA,2019-10-04 07:51:00,0
2019-10-04 09:00:00,WIND,600702,1,HCM,1,18974,1011,70,13,70,19,751,6,6,6,6,6,NA,NA,NA,NA,2019-10-04 08:54:00,0
2019-10-04 10:00:00,WIND,600702,1,HCM,1,18974,1011,70,12,70,18,857,6,6,6,6,6,NA,NA,NA,NA,2019-10-04 09:51:00,0
2019-10-04 11:00:00,WIND,600702,1,HCM,1,18974,1011,60,9,80,14,950,6,6,6,6,6,NA,NA,NA,NA,2019-10-04 10:51:00,0
2019-10-04 12:00:00,WIND,600702,1,HCM,1,18974,1011,80,11,90,16,1116,6,6,6,6,6,NA,NA,NA,NA,2019-10-04 11:51:00,0
2019-10-04 13:00:00,WIND,600702,1,HCM,1,18974,1011,80,12,80,16,1237,6,6,6,6,6,NA,NA,NA,NA,2019-10-04 12:51:00,0
2019-10-04 14:00:00,WIND,600702,1,HCM,1,18974,1011,80,12,90,15,1250,6,6,6,6,6,NA,NA,NA,NA,2019-10-04 13:51:00,0
2019-10-04 15:00:00,WIND,600702,1,HCM,1,18974,1011,90,11,90,14,1413,6,6,6,6,6,NA,NA,NA,NA,2019-10-04 14:51:00,0
2019-10-04 16:00:00,WIND,600702,1,HCM,1,18974,1011,100,11,90,15,1541,6,6,6,6,6,NA,NA,NA,NA,2019-10-04 15:52:00,0
2019-10-04 17:00:00,WIND,600702,1,HCM,1,18974,1011,110,9,100,14,1550,6,6,6,6,6,NA,NA,NA,NA,2019-10-04 16:51:00,0
2019-10-04 18:00:00,WIND,600702,1,HCM,1,18974,1011,130,11,130,15,1745,6,6,6,6,6,NA,NA,NA,NA,2019-10-04 17:51:00,0
2019-10-04 19:00:00,WIND,600702,1,HCM,1,18974,1011,130,12,120,18,1849,6,6,6,6,6,NA,NA,NA,NA,2019-10-04 18:51:00,0
2019-10-04 20:00:00,WIND,600702,1,HCM,1,18974,1011,120,16,120,21,1918,6,6,6,6,6,NA,NA,NA,NA,2019-10-04 19:51:00,0
2019-10-04 21:00:00,WIND,600702,1,HCM,1,18974,1011,120,16,130,22,2027,6,6,6,6,6,NA,NA,NA,NA,2019-10-04 20:55:00,0
2019-10-04 22:00:00,WIND,600702,1,HCM,1,18974,1011,120,15,120,21,2148,6,6,6,6,6,NA,NA,NA,NA,2019-10-04 21:51:00,0
2019-10-04 23:00:00,WIND,600702,1,HCM,1,18974,1011,120,17,120,23,2226,6,6,6,6,6,NA,NA,NA,NA,2019-10-04 22:51:00,0
2019-10-05 00:00:00,WIND,600702,1,HCM,1,18974,1011,130,17,120,23,2251,6,6,6,6,6,NA,NA,NA,NA,2019-10-04 23:51:00,0
2019-10-05 01:00:00,WIND,600702,1,HCM,1,18974,1011,130,19,130,25,31,6,6,6,6,6,NA,NA,NA,NA,2019-10-05 00:51:00,0
2019-10-05 02:00:00,WIND,600702,1,HCM,1,18974,1011,130,21,140,28,147,6,6,6,6,6,NA,NA,NA,NA,2019-10-05 01:51:00,0
2019-10-05 03:00:00,WIND,600702,1,HCM,1,18974,1011,140,22,140,29,245,6,6,6,6,6,NA,NA,NA,NA,2019-10-05 02:51:00,0
2019-10-05 04:00:00,WIND,600702,1,HCM,1,18974,1011,130,21,130,29,302,6,6,6,6,6,NA,NA,NA,NA,2019-10-05 03:51:00,0
2019-10-05 05:00:00,WIND,600702,1,HCM,1,18974,1011,130,23,140,32,441,6,6,6,6,6,NA,NA,NA,NA,2019-10-05 04:51:00,0
2019-10-05 06:00:00,WIND,600702,1,HCM,1,18974,1011,130,24,140,31,531,6,6,6,6,6,NA,NA,NA,NA,2019-10-05 05:51:00,0
2019-10-05 07:00:00,WIND,600702,1,HCM,1,18974,1011,140,24,140,31,638,6,6,6,6,6,NA,NA,NA,NA,2019-10-05 06:51:00,0
2019-10-05 08:00:00,WIND,600702,1,HCM,1,18974,1011,140,25,130,34,705,6,6,6,6,6,NA,NA,NA,NA,2019-10-05 07:51:00,0
2019-10-05 09:00:00,WIND,600702,1,HCM,1,18974,1011,130,26,130,35,838,6,6,6,6,6,NA,NA,NA,NA,2019-10-05 09:02:00,0
2019-10-05 10:00:00,WIND,600702,1,HCM,1,18974,1011,140,28,130,36,922,6,6,6,6,6,NA,NA,NA,NA,2019-10-05 10:18:00,0
2019-10-05 11:00:00,WIND,600702,1,HCM,1,18974,1011,140,28,140,36,1012,6,6,6,6,6,NA,NA,NA,NA,2019-10-05 10:51:00,0
2019-10-05 12:00:00,WIND,600702,1,HCM,1,18974,1011,130,27,130,35,1139,6,6,6,6,6,NA,NA,NA,NA,2019-10-05 11:52:00,0
2019-10-05 13:00:00,WIND,600702,1,HCM,1,18974,1011,130,27,140,37,1205,6,6,6,6,6,NA,NA,NA,NA,2019-10-05 14:06:00,0
2019-10-05 14:00:00,WIND,600702,1,HCM,1,18974,1011,130,27,130,36,1319,6,6,6,6,6,NA,NA,NA,NA,2019-10-05 14:06:00,0
2019-10-05 15:00:00,WIND,600702,1,HCM,1,18974,1011,130,29,130,37,1433,6,6,6,6,6,NA,NA,NA,NA,2019-10-05 15:18:00,0
2019-10-05 16:00:00,WIND,600702,1,HCM,1,18974,1011,130,28,130,38,1517,6,6,6,6,6,NA,NA,NA,NA,2019-10-05 15:51:00,0
2019-10-05 17:00:00,WIND,600702,1,HCM,1,18974,1011,130,28,130,36,1601,6,6,6,6,6,NA,NA,NA,NA,2019-10-05 16:51:00,0
2019-10-05 18:00:00,WIND,600702,1,HCM,1,18974,1011,130,28,130,37,1725,6,6,6,6,6,NA,NA,NA,NA,2019-10-05 17:51:00,0
2019-10-05 19:00:00,WIND,600702,1,HCM,1,18974,1011,130,26,120,34,1811,6,6,6,6,6,NA,NA,NA,NA,2019-10-05 18:51:00,0
2019-10-05 20:00:00,WIND,600702,1,HCM,1,18974,1011,130,27,130,36,1938,6,6,6,6,6,NA,NA,NA,NA,2019-10-05 19:51:00,0
2019-10-05 21:00:00,WIND,600702,1,HCM,1,18974,1011,130,27,130,36,2012,6,6,6,6,6,NA,NA,NA,NA,2019-10-05 21:31:00,0
2019-10-05 22:00:00,WIND,600702,1,HCM,1,18974,1011,130,27,130,36,2055,6,6,6,6,6,NA,NA,NA,NA,2019-10-05 21:51:00,0
2019-10-05 23:00:00,WIND,600702,1,HCM,1,18974,1011,130,24,130,35,2151,6,6,6,6,6,NA,NA,NA,NA,2019-10-05 23:35:00,0
2019-10-06 00:00:00,WIND,600702,1,HCM,1,18974,1011,260,11,140,24,2250,6,6,6,6,6,NA,NA,NA,NA,2019-10-06 02:03:00,0
2019-10-06 01:00:00,WIND,600702,1,HCM,1,18974,1011,280,14,280,20,34,6,6,6,6,6,NA,NA,NA,NA,2019-10-06 02:05:00,0
2019-10-06 02:00:00,WIND,600702,1,HCM,1,18974,1011,280,12,280,19,59,6,6,6,6,6,NA,NA,NA,NA,2019-10-06 02:06:00,0
2019-10-06 03:00:00,WIND,600702,1,HCM,1,18974,1011,280,10,260,15,152,6,6,6,6,6,NA,NA,NA,NA,2019-10-06 09:52:00,0
2019-10-06 04:00:00,WIND,600702,1,HCM,1,18974,1011,280,9,290,16,337,6,6,6,6,6,NA,NA,NA,NA,2019-10-06 09:53:00,0
2019-10-06 05:00:00,WIND,600702,1,HCM,1,18974,1011,290,11,290,16,437,6,6,6,6,6,NA,NA,NA,NA,2019-10-06 09:54:00,0
2019-10-06 06:00:00,WIND,600702,1,HCM,1,18974,1011,300,12,300,18,459,6,6,6,6,6,NA,NA,NA,NA,2019-10-06 09:54:00,0
2019-10-06 07:00:00,WIND,600702,1,HCM,1,18974,1011,310,13,310,18,637,6,6,6,6,6,NA,NA,NA,NA,2019-10-06 09:54:00,0
2019-10-06 08:00:00,WIND,600702,1,HCM,1,18974,1011,310,13,310,19,737,6,6,6,6,6,NA,NA,NA,NA,2019-10-06 09:55:00,0
2019-10-06 09:00:00,WIND,600702,1,HCM,1,18974,1011,310,15,310,21,849,6,6,6,6,6,NA,NA,NA,NA,2019-10-06 09:57:00,0
2019-10-06 10:00:00,WIND,600702,1,HCM,1,18974,1011,320,15,320,21,937,6,6,6,6,6,NA,NA,NA,NA,2019-10-06 09:57:00,0
2019-10-06 11:00:00,WIND,600702,1,HCM,1,18974,1011,320,15,320,20,959,6,6,6,6,6,NA,NA,NA,NA,2019-10-06 10:51:00,0
2019-10-06 12:00:00,WIND,600702,1,HCM,1,18974,1011,320,12,320,18,1052,6,6,6,6,6,NA,NA,NA,NA,2019-10-06 11:57:00,0
2019-10-06 13:00:00,WIND,600702,1,HCM,1,18974,1011,320,9,340,13,1152,6,6,6,6,6,NA,NA,NA,NA,2019-10-06 14:01:00,0
2019-10-06 14:00:00,WIND,600702,1,HCM,1,18974,1011,300,6,300,10,1259,6,6,6,6,6,NA,NA,NA,NA,2019-10-06 14:05:00,0
2019-10-06 15:00:00,WIND,600702,1,HCM,1,18974,1011,280,6,270,10,1423,6,6,6,6,6,NA,NA,NA,NA,2019-10-06 14:51:00,0
2019-10-06 16:00:00,WIND,600702,1,HCM,1,18974,1011,260,7,260,11,1502,6,6,6,6,6,NA,NA,NA,NA,2019-10-06 15:51:00,0
2019-10-06 17:00:00,WIND,600702,1,HCM,1,18974,1011,80,5,120,14,1635,6,6,6,6,6,NA,NA,NA,NA,2019-10-06 16:51:00,0
2019-10-06 18:00:00,WIND,600702,1,HCM,1,18974,1011,130,13,130,20,1737,6,6,6,6,6,NA,NA,NA,NA,2019-10-06 17:51:00,0
2019-10-06 19:00:00,WIND,600702,1,HCM,1,18974,1011,150,16,140,25,1845,6,6,6,6,6,NA,NA,NA,NA,2019-10-06 18:52:00,0
2019-10-06 20:00:00,WIND,600702,1,HCM,1,18974,1011,130,21,130,27,1948,6,6,6,6,6,NA,NA,NA,NA,2019-10-06 19:53:00,0
2019-10-06 21:00:00,WIND,600702,1,HCM,1,18974,1011,130,23,130,29,2011,6,6,6,6,6,NA,NA,NA,NA,2019-10-07 04:28:00,0
2019-10-06 22:00:00,WIND,600702,1,HCM,1,18974,1011,130,25,130,34,2135,6,6,6,6,6,NA,NA,NA,NA,2019-10-07 04:28:00,0
2019-10-06 23:00:00,WIND,600702,1,HCM,1,18974,1011,140,26,140,34,2247,6,6,6,6,6,NA,NA,NA,NA,2019-10-07 04:29:00,0
2019-10-07 00:00:00,WIND,600702,1,HCM,1,18974,1011,140,26,150,34,2345,6,6,6,6,6,NA,NA,NA,NA,2019-10-07 04:29:00,0
2019-10-07 01:00:00,WIND,600702,1,HCM,1,18974,1011,150,29,150,42,44,6,6,6,6,6,NA,NA,NA,NA,2019-10-07 04:29:00,0
2019-10-07 02:00:00,WIND,600702,1,HCM,1,18974,1011,150,33,150,45,148,6,6,6,6,6,NA,NA,NA,NA,2019-10-07 04:29:00,0
2019-10-07 03:00:00,WIND,600702,1,HCM,1,18974,1011,150,36,150,50,219,6,6,6,6,6,NA,NA,NA,NA,2019-10-07 04:30:00,0
2019-10-07 04:00:00,WIND,600702,1,HCM,1,18974,1011,160,39,150,56,338,6,6,6,6,6,NA,NA,NA,NA,2019-10-07 04:30:00,0
2019-10-07 05:00:00,WIND,600702,1,HCM,1,18974,1011,160,39,150,53,359,6,6,6,6,6,NA,NA,NA,NA,2019-10-07 04:52:00,0
2019-10-07 06:00:00,WIND,600702,1,HCM,1,18974,1011,170,36,160,49,451,6,6,6,6,6,NA,NA,NA,NA,2019-10-07 05:51:00,0
2019-10-07 07:00:00,WIND,600702,1,HCM,1,18974,1011,170,33,170,45,605,6,6,6,6,6,NA,NA,NA,NA,2019-10-07 06:55:00,0
2019-10-07 08:00:00,WIND,600702,1,HCM,1,18974,1011,180,30,170,43,706,6,6,6,6,6,NA,NA,NA,NA,2019-10-07 07:51:00,0
2019-10-07 09:00:00,WIND,600702,1,HCM,1,18974,1011,190,28,180,42,822,6,6,6,6,6,NA,NA,NA,NA,2019-10-07 11:08:00,0
2019-10-07 10:00:00,WIND,600702,1,HCM,1,18974,1011,210,23,240,35,947,6,6,6,6,6,NA,NA,NA,NA,2019-10-07 11:08:00,0
2019-10-07 11:00:00,WIND,600702,1,HCM,1,18974,1011,220,22,220,36,959,6,6,6,6,6,NA,NA,NA,NA,2019-10-07 11:08:00,0
2019-10-07 12:00:00,WIND,600702,1,HCM,1,18974,1011,210,22,210,35,1129,6,6,6,6,6,NA,NA,NA,NA,2019-10-07 11:51:00,0
2019-10-07 13:00:00,WIND,600702,1,HCM,1,18974,1011,220,22,220,38,1244,6,6,6,6,6,NA,NA,NA,NA,2019-10-07 12:55:00,0
2019-10-07 14:00:00,WIND,600702,1,HCM,1,18974,1011,220,20,220,32,1305,6,6,6,6,6,NA,NA,NA,NA,2019-10-07 13:52:00,0
2019-10-07 15:00:00,WIND,600702,1,HCM,1,18974,1011,210,23,200,34,1423,6,6,6,6,6,NA,NA,NA,NA,2019-10-07 14:51:00,0
2019-10-07 16:00:00,WIND,600702,1,HCM,1,18974,1011,220,22,220,33,1454,6,6,6,6,6,NA,NA,NA,NA,2019-10-07 15:51:00,0
2019-10-07 17:00:00,WIND,600702,1,HCM,1,18974,1011,210,22,210,34,1624,6,6,6,6,6,NA,NA,NA,NA,2019-10-07 16:52:00,0
2019-10-07 18:00:00,WIND,600702,1,HCM,1,18974,1011,210,25,210,36,1701,6,6,6,6,6,NA,NA,NA,NA,2019-10-07 19:13:00,0
2019-10-07 19:00:00,WIND,600702,1,HCM,1,18974,1011,220,24,220,38,1807,6,6,6,6,6,NA,NA,NA,NA,2019-10-07 19:15:00,0
2019-10-07 20:00:00,WIND,600702,1,HCM,1,18974,1011,220,22,220,34,1927,6,6,6,6,6,NA,NA,NA,NA,2019-10-07 19:55:00,0
2019-10-07 21:00:00,WIND,600702,1,HCM,1,18974,1011,220,23,220,34,2037,6,6,6,6,6,NA,NA,NA,NA,2019-10-07 20:53:00,0
2019-10-07 22:00:00,WIND,600702,1,HCM,1,18974,1011,220,23,220,35,2138,6,6,6,6,6,NA,NA,NA,NA,2019-10-07 21:53:00,0
2019-10-07 23:00:00,WIND,600702,1,HCM,1,18974,1011,220,23,220,34,2214,6,6,6,6,6,NA,NA,NA,NA,2019-10-07 23:11:00,0
2019-10-08 00:00:00,WIND,600702,1,HCM,1,18974,1011,220,21,220,35,2340,6,6,6,6,6,NA,NA,NA,NA,2019-10-08 00:01:00,0
2019-10-08 01:00:00,WIND,600702,1,HCM,1,18974,1011,220,21,220,32,15,6,6,6,6,6,NA,NA,NA,NA,2019-10-08 00:51:00,0
2019-10-08 02:00:00,WIND,600702,1,HCM,1,18974,1011,220,21,250,33,56,6,6,6,6,6,NA,NA,NA,NA,2019-10-08 01:59:00,0
2019-10-08 03:00:00,WIND,600702,1,HCM,1,18974,1011,220,20,210,32,150,6,6,6,6,6,NA,NA,NA,NA,2019-10-08 03:25:00,0
2019-10-08 04:00:00,WIND,600702,1,HCM,1,18974,1011,220,21,220,34,324,6,6,6,6,6,NA,NA,NA,NA,2019-10-08 03:51:00,0
2019-10-08 05:00:00,WIND,600702,1,HCM,1,18974,1011,230,22,230,33,357,6,6,6,6,6,NA,NA,NA,NA,2019-10-08 04:51:00,0
2019-10-08 06:00:00,WIND,600702,1,HCM,1,18974,1011,230,23,230,35,548,6,6,6,6,6,NA,NA,NA,NA,2019-10-08 05:51:00,0
2019-10-08 07:00:00,WIND,600702,1,HCM,1,18974,1011,220,25,230,39,616,6,6,6,6,6,NA,NA,NA,NA,2019-10-08 06:51:00,0
2019-10-08 08:00:00,WIND,600702,1,HCM,1,18974,1011,220,26,220,42,723,6,6,6,6,6,NA,NA,NA,NA,2019-10-08 07:53:00,0
2019-10-08 09:00:00,WIND,600702,1,HCM,1,18974,1011,220,27,220,42,803,6,6,6,6,6,NA,NA,NA,NA,2019-10-08 08:55:00,0
2019-10-08 10:00:00,WIND,600702,1,HCM,1,18974,1011,230,28,230,41,936,6,6,6,6,6,NA,NA,NA,NA,2019-10-08 09:51:00,0
2019-10-08 11:00:00,WIND,600702,1,HCM,1,18974,1011,230,26,230,41,1026,6,6,6,6,6,NA,NA,NA,NA,2019-10-08 10:51:00,0
2019-10-08 12:00:00,WIND,600702,1,HCM,1,18974,1011,230,25,230,37,1052,6,6,6,6,6,NA,NA,NA,NA,2019-10-08 11:51:00,0
2019-10-08 13:00:00,WIND,600702,1,HCM,1,18974,1011,230,24,230,35,1219,6,6,6,6,6,NA,NA,NA,NA,2019-10-08 12:51:00,0
2019-10-08 14:00:00,WIND,600702,1,HCM,1,18974,1011,240,23,240,36,1255,6,6,6,6,6,NA,NA,NA,NA,2019-10-08 13:51:00,0
2019-10-08 15:00:00,WIND,600702,1,HCM,1,18974,1011,240,25,240,38,1410,6,6,6,6,6,NA,NA,NA,NA,2019-10-08 14:51:00,0
2019-10-08 16:00:00,WIND,600702,1,HCM,1,18974,1011,240,24,240,35,1538,6,6,6,6,6,NA,NA,NA,NA,2019-10-08 15:51:00,0
2019-10-08 17:00:00,WIND,600702,1,HCM,1,18974,1011,240,23,250,33,1602,6,6,6,6,6,NA,NA,NA,NA,2019-10-08 16:51:00,0
2019-10-08 18:00:00,WIND,600702,1,HCM,1,18974,1011,250,20,260,33,1705,6,6,6,6,6,NA,NA,NA,NA,2019-10-08 17:51:00,0
2019-10-08 19:00:00,WIND,600702,1,HCM,1,18974,1011,250,21,250,32,1826,6,6,6,6,6,NA,NA,NA,NA,2019-10-08 18:51:00,0
2019-10-08 20:00:00,WIND,600702,1,HCM,1,18974,1011,250,23,240,37,1937,6,6,6,6,6,NA,NA,NA,NA,2019-10-08 19:51:00,0
2019-10-08 21:00:00,WIND,600702,1,HCM,1,18974,1011,250,22,250,32,1957,6,6,6,6,6,NA,NA,NA,NA,2019-10-08 20:53:00,0
2019-10-08 22:00:00,WIND,600702,1,HCM,1,18974,1011,250,21,250,34,2137,6,6,6,6,6,NA,NA,NA,NA,2019-10-08 21:51:00,0
2019-10-08 23:00:00,WIND,600702,1,HCM,1,18974,1011,250,22,250,34,2230,6,6,6,6,6,NA,NA,NA,NA,2019-10-08 22:51:00,0
2019-10-09 00:00:00,WIND,600702,1,HCM,1,18974,1011,250,22,240,34,2346,6,6,6,6,6,NA,NA,NA,NA,2019-10-08 23:51:00,0
2019-10-09 01:00:00,WIND,600702,1,HCM,1,18974,1011,250,22,260,37,20,6,6,6,6,6,NA,NA,NA,NA,2019-10-09 00:51:00,0
2019-10-09 02:00:00,WIND,600702,1,HCM,1,18974,1011,250,22,250,35,101,6,6,6,6,6,NA,NA,NA,NA,2019-10-09 01:51:00,0
2019-10-09 03:00:00,WIND,600702,1,HCM,1,18974,1011,250,22,250,34,209,6,6,6,6,6,NA,NA,NA,NA,2019-10-09 02:51:00,0
2019-10-09 04:00:00,WIND,600702,1,HCM,1,18974,1011,250,21,250,31,255,6,6,6,6,6,NA,NA,NA,NA,2019-10-09 03:51:00,0
2019-10-09 05:00:00,WIND,600702,1,HCM,1,18974,1011,250,23,260,39,448,6,6,6,6,6,NA,NA,NA,NA,2019-10-09 04:51:00,0
2019-10-09 06:00:00,WIND,600702,1,HCM,1,18974,1011,250,20,260,35,520,6,6,6,6,6,NA,NA,NA,NA,2019-10-09 05:51:00,0
2019-10-09 07:00:00,WIND,600702,1,HCM,1,18974,1011,260,24,250,35,621,6,6,6,6,6,NA,NA,NA,NA,2019-10-09 06:51:00,0
2019-10-09 08:00:00,WIND,600702,1,HCM,1,18974,1011,260,22,270,39,740,6,6,6,6,6,NA,NA,NA,NA,2019-10-09 07:51:00,0
2019-10-09 09:00:00,WIND,600702,1,HCM,1,18974,1011,260,25,250,37,815,6,6,6,6,6,NA,NA,NA,NA,2019-10-09 08:54:00,0
2019-10-09 10:00:00,WIND,600702,1,HCM,1,18974,1011,260,25,260,41,901,6,6,6,6,6,NA,NA,NA,NA,2019-10-09 09:51:00,0
2019-10-09 11:00:00,WIND,600702,1,HCM,1,18974,1011,250,24,260,37,1031,6,6,6,6,6,NA,NA,NA,NA,2019-10-09 10:51:00,0
2019-10-09 12:00:00,WIND,600702,1,HCM,1,18974,1011,260,26,250,35,1051,6,6,6,6,6,NA,NA,NA,NA,2019-10-09 11:51:00,0
2019-10-09 13:00:00,WIND,600702,1,HCM,1,18974,1011,260,25,260,39,1229,6,6,6,6,6,NA,NA,NA,NA,2019-10-09 12:51:00,0
2019-10-09 14:00:00,WIND,600702,1,HCM,1,18974,1011,250,24,270,37,1315,6,6,6,6,6,NA,NA,NA,NA,2019-10-09 13:51:00,0
2019-10-09 15:00:00,WIND,600702,1,HCM,1,18974,1011,260,25,250,37,1447,6,6,6,6,6,NA,NA,NA,NA,2019-10-09 15:04:00,0
2019-10-09 16:00:00,WIND,600702,1,HCM,1,18974,1011,260,25,260,37,1454,6,6,6,6,6,NA,NA,NA,NA,2019-10-09 23:25:00,0
2019-10-09 17:00:00,WIND,600702,1,HCM,1,18974,1011,260,25,250,38,1635,6,6,6,6,6,NA,NA,NA,NA,2019-10-09 23:27:00,0
2019-10-09 18:00:00,WIND,600702,1,HCM,1,18974,1011,260,26,260,40,1717,6,6,6,6,6,NA,NA,NA,NA,2019-10-09 23:28:00,0
2019-10-09 19:00:00,WIND,600702,1,HCM,1,18974,1011,260,24,260,34,1824,6,6,6,6,6,NA,NA,NA,NA,2019-10-10 01:46:00,0
2019-10-09 20:00:00,WIND,600702,1,HCM,1,18974,1011,260,24,260,33,1917,6,6,6,6,6,NA,NA,NA,NA,2019-10-10 02:04:00,0
2019-10-09 21:00:00,WIND,600702,1,HCM,1,18974,1011,260,25,260,35,2039,6,6,6,6,6,NA,NA,NA,NA,2019-10-10 02:20:00,0
2019-10-09 22:00:00,WIND,600702,1,HCM,1,18974,1011,270,24,260,38,2125,6,6,6,6,6,NA,NA,NA,NA,2019-10-10 02:20:00,0
2019-10-09 23:00:00,WIND,600702,1,HCM,1,18974,1011,260,23,260,34,2227,6,6,6,6,6,NA,NA,NA,NA,2019-10-10 02:20:00,0
2019-10-10 00:00:00,WIND,600702,1,HCM,1,18974,1011,270,22,270,32,2346,6,6,6,6,6,NA,NA,NA,NA,2019-10-10 02:21:00,0
2019-10-10 01:00:00,WIND,600702,1,HCM,1,18974,1011,270,20,280,30,36,6,6,6,6,6,NA,NA,NA,NA,2019-10-10 02:26:00,0
2019-10-10 02:00:00,WIND,600702,1,HCM,1,18974,1011,280,20,280,31,50,6,6,6,6,6,NA,NA,NA,NA,2019-10-10 02:31:00,0
2019-10-10 03:00:00,WIND,600702,1,HCM,1,18974,1011,280,19,280,27,245,6,6,6,6,6,NA,NA,NA,NA,2019-10-10 06:12:00,0
2019-10-10 04:00:00,WIND,600702,1,HCM,1,18974,1011,280,15,280,24,252,6,6,6,6,6,NA,NA,NA,NA,2019-10-10 06:22:00,0
2019-10-10 05:00:00,WIND,600702,1,HCM,1,18974,1011,290,12,290,21,351,6,6,6,6,6,NA,NA,NA,NA,2019-10-10 06:23:00,0
2019-10-10 06:00:00,WIND,600702,1,HCM,1,18974,1011,270,12,280,17,459,6,6,6,6,6,NA,NA,NA,NA,2019-10-10 06:23:00,0
2019-10-10 07:00:00,WIND,600702,1,HCM,1,18974,1011,260,13,260,20,612,6,6,6,6,6,NA,NA,NA,NA,2019-10-10 08:38:00,0
2019-10-10 08:00:00,WIND,600702,1,HCM,1,18974,1011,260,11,250,19,735,6,6,6,6,6,NA,NA,NA,NA,2019-10-10 08:40:00,0
2019-10-10 09:00:00,WIND,600702,1,HCM,1,18974,1011,260,14,240,29,817,6,6,6,6,6,NA,NA,NA,NA,2019-10-10 08:56:00,0
2019-10-10 10:00:00,WIND,600702,1,HCM,1,18974,1011,250,14,250,23,916,6,6,6,6,6,NA,NA,NA,NA,2019-10-10 09:51:00,0
2019-10-10 11:00:00,WIND,600702,1,HCM,1,18974,1011,230,12,240,19,1012,6,6,6,6,6,NA,NA,NA,NA,2019-10-10 10:51:00,0
2019-10-10 12:00:00,WIND,600702,1,HCM,1,18974,1011,210,11,210,18,1129,6,6,6,6,6,NA,NA,NA,NA,2019-10-10 12:05:00,0
2019-10-10 13:00:00,WIND,600702,1,HCM,1,18974,1011,200,13,190,20,1222,6,6,6,6,6,NA,NA,NA,NA,2019-10-10 14:46:00,0
2019-10-10 14:00:00,WIND,600702,1,HCM,1,18974,1011,180,15,170,24,1347,6,6,6,6,6,NA,NA,NA,NA,2019-10-10 14:47:00,0
2019-10-10 15:00:00,WIND,600702,1,HCM,1,18974,1011,160,17,170,24,1403,6,6,6,6,6,NA,NA,NA,NA,2019-10-10 14:51:00,0
2019-10-10 16:00:00,WIND,600702,1,HCM,1,18974,1011,170,20,230,33,1543,6,6,6,6,6,NA,NA,NA,NA,2019-10-10 15:51:00,0
2019-10-10 17:00:00,WIND,600702,1,HCM,1,18974,1011,220,22,230,31,1625,6,6,6,6,6,NA,NA,NA,NA,2019-10-10 16:51:00,0
2019-10-10 18:00:00,WIND,600702,1,HCM,1,18974,1011,220,21,200,32,1744,6,6,6,6,6,NA,NA,NA,NA,2019-10-10 17:51:00,0
2019-10-10 19:00:00,WIND,600702,1,HCM,1,18974,1011,230,19,240,32,1828,6,6,6,6,6,NA,NA,NA,NA,2019-10-10 18:51:00,0
2019-10-10 20:00:00,WIND,600702,1,HCM,1,18974,1011,220,18,230,29,1908,6,6,6,6,6,NA,NA,NA,NA,2019-10-10 19:51:00,0
2019-10-10 21:00:00,WIND,600702,1,HCM,1,18974,1011,230,20,230,29,2018,6,6,6,6,6,NA,NA,NA,NA,2019-10-10 20:54:00,0
2019-10-10 22:00:00,WIND,600702,1,HCM,1,18974,1011,230,20,220,30,2138,6,6,6,6,6,NA,NA,NA,NA,2019-10-10 21:51:00,0
2019-10-10 23:00:00,WIND,600702,1,HCM,1,18974,1011,220,20,230,31,2156,6,6,6,6,6,NA,NA,NA,NA,2019-10-10 22:51:00,0
2019-10-11 00:00:00,WIND,600702,1,HCM,1,18974,1011,220,21,220,35,2347,6,6,6,6,6,NA,NA,NA,NA,2019-10-10 23:51:00,0
2019-10-11 01:00:00,WIND,600702,1,HCM,1,18974,1011,220,23,220,35,34,6,6,6,6,6,NA,NA,NA,NA,2019-10-11 00:51:00,0
2019-10-11 02:00:00,WIND,600702,1,HCM,1,18974,1011,220,25,230,42,138,6,6,6,6,6,NA,NA,NA,NA,2019-10-11 01:51:00,0
2019-10-11 03:00:00,WIND,600702,1,HCM,1,18974,1011,230,26,220,42,240,6,6,6,6,6,NA,NA,NA,NA,2019-10-11 02:51:00,0
2019-10-11 04:00:00,WIND,600702,1,HCM,1,18974,1011,230,27,230,44,331,6,6,6,6,6,NA,NA,NA,NA,2019-10-11 03:51:00,0
2019-10-11 05:00:00,WIND,600702,1,HCM,1,18974,1011,230,27,230,40,415,6,6,6,6,6,NA,NA,NA,NA,2019-10-11 04:51:00,0
2019-10-11 06:00:00,WIND,600702,1,HCM,1,18974,1011,240,25,250,42,505,6,6,6,6,6,NA,NA,NA,NA,2019-10-11 05:51:00,0
2019-10-11 07:00:00,WIND,600702,1,HCM,1,18974,1011,240,25,240,37,553,6,6,6,6,6,NA,NA,NA,NA,2019-10-11 06:51:00,0
2019-10-11 08:00:00,WIND,600702,1,HCM,1,18974,1011,230,25,230,37,712,6,6,6,6,6,NA,NA,NA,NA,2019-10-11 07:51:00,0
2019-10-11 09:00:00,WIND,600702,1,HCM,1,18974,1011,230,25,240,36,806,6,6,6,6,6,NA,NA,NA,NA,2019-10-11 08:55:00,0
2019-10-11 10:00:00,WIND,600702,1,HCM,1,18974,1011,240,26,240,36,855,6,6,6,6,6,NA,NA,NA,NA,2019-10-11 09:51:00,0
2019-10-11 11:00:00,WIND,600702,1,HCM,1,18974,1011,240,25,230,40,953,6,6,6,6,6,NA,NA,NA,NA,2019-10-11 10:51:00,0
2019-10-11 12:00:00,WIND,600702,1,HCM,1,18974,1011,240,27,230,39,1116,6,6,6,6,6,NA,NA,NA,NA,2019-10-11 11:51:00,0
2019-10-11 13:00:00,WIND,600702,1,HCM,1,18974,1011,250,24,240,35,1154,6,6,6,6,6,NA,NA,NA,NA,2019-10-11 12:51:00,0
2019-10-11 14:00:00,WIND,600702,1,HCM,1,18974,1011,250,23,260,35,1302,6,6,6,6,6,NA,NA,NA,NA,2019-10-11 13:51:00,0
2019-10-11 15:00:00,WIND,600702,1,HCM,1,18974,1011,250,20,240,29,1407,6,6,6,6,6,NA,NA,NA,NA,2019-10-11 14:56:00,0
2019-10-11 16:00:00,WIND,600702,1,HCM,1,18974,1011,260,12,260,27,1456,6,6,6,6,6,NA,NA,NA,NA,2019-10-11 22:36:00,0
2019-10-11 17:00:00,WIND,600702,1,HCM,1,18974,1011,310,11,310,21,1632,6,6,6,6,6,NA,NA,NA,NA,2019-10-12 00:46:00,15
2019-10-11 18:00:00,WIND,600702,1,HCM,1,18974,1011,310,16,310,26,1659,6,6,6,6,6,NA,NA,NA,NA,2019-10-12 00:46:00,15
2019-10-11 19:00:00,WIND,600702,1,HCM,1,18974,1011,300,15,300,22,1801,6,6,6,6,6,NA,NA,NA,NA,2019-10-12 06:25:00,0
2019-10-11 20:00:00,WIND,600702,1,HCM,1,18974,1011,290,14,300,20,1853,6,6,6,6,6,NA,NA,NA,NA,2019-10-12 06:27:00,0
2019-10-11 21:00:00,WIND,600702,1,HCM,1,18974,1011,290,12,280,18,2041,6,6,6,6,6,NA,NA,NA,NA,2019-10-12 06:29:00,0
2019-10-11 22:00:00,WIND,600702,1,HCM,1,18974,1011,290,11,290,18,2131,6,6,6,6,6,NA,NA,NA,NA,2019-10-12 06:29:00,0
2019-10-11 23:00:00,WIND,600702,1,HCM,1,18974,1011,290,11,280,17,2231,6,6,6,6,6,NA,NA,NA,NA,2019-10-12 06:30:00,0
2019-10-12 00:00:00,WIND,600702,1,HCM,1,18974,1011,270,11,280,18,2306,6,6,6,6,6,NA,NA,NA,NA,2019-10-12 06:30:00,0
2019-10-12 01:00:00,WIND,600702,1,HCM,1,18974,1011,270,12,260,18,10,6,6,6,6,6,NA,NA,NA,NA,2019-10-12 06:30:00,0
2019-10-12 02:00:00,WIND,600702,1,HCM,1,18974,1011,260,12,260,19,143,6,6,6,6,6,NA,NA,NA,NA,2019-10-12 06:31:00,0
2019-10-12 03:00:00,WIND,600702,1,HCM,1,18974,1011,260,12,260,19,226,6,6,6,6,6,NA,NA,NA,NA,2019-10-12 06:31:00,0
2019-10-12 04:00:00,WIND,600702,1,HCM,1,18974,1011,260,10,250,18,346,6,6,6,6,6,NA,NA,NA,NA,2019-10-12 06:31:00,0
2019-10-12 05:00:00,WIND,600702,1,HCM,1,18974,1011,250,11,250,17,352,6,6,6,6,6,NA,NA,NA,NA,2019-10-12 06:32:00,0
2019-10-12 06:00:00,WIND,600702,1,HCM,1,18974,1011,250,11,250,17,524,6,6,6,6,6,NA,NA,NA,NA,2019-10-12 06:33:00,0
2019-10-12 07:00:00,WIND,600702,1,HCM,1,18974,1011,240,10,250,16,601,6,6,6,6,6,NA,NA,NA,NA,2019-10-12 06:53:00,0
2019-10-12 08:00:00,WIND,600702,1,HCM,1,18974,1011,230,9,240,16,701,6,6,6,6,6,NA,NA,NA,NA,2019-10-12 07:51:00,0
2019-10-12 09:00:00,WIND,600702,1,HCM,1,18974,1011,230,11,230,16,818,6,6,6,6,6,NA,NA,NA,NA,2019-10-12 08:53:00,0
2019-10-12 10:00:00,WIND,600702,1,HCM,1,18974,1011,240,13,230,20,931,6,6,6,6,6,NA,NA,NA,NA,2019-10-12 09:59:00,0
2019-10-12 12:00:00,WIND,600702,1,HCM,1,18974,1011,230,12,220,20,1104,6,6,6,6,6,NA,NA,NA,NA,2019-10-12 12:24:00,0
2019-10-12 13:00:00,WIND,600702,1,HCM,1,18974,1011,230,12,240,20,1233,6,6,6,6,6,NA,NA,NA,NA,2019-10-12 14:17:00,0
2019-10-12 14:00:00,WIND,600702,1,HCM,1,18974,1011,230,12,230,18,1307,6,6,6,6,6,NA,NA,NA,NA,2019-10-12 14:17:00,0
2019-10-12 15:00:00,WIND,600702,1,HCM,1,18974,1011,230,12,240,19,1439,6,6,6,6,6,NA,NA,NA,NA,2019-10-12 14:54:00,0
2019-10-12 16:00:00,WIND,600702,1,HCM,1,18974,1011,240,12,240,18,1522,6,6,6,6,6,NA,NA,NA,NA,2019-10-12 20:06:00,0
2019-10-12 17:00:00,WIND,600702,1,HCM,1,18974,1011,240,11,260,18,1550,6,6,6,6,6,NA,NA,NA,NA,2019-10-12 20:07:00,0
2019-10-12 18:00:00,WIND,600702,1,HCM,1,18974,1011,240,8,240,12,1710,6,6,6,6,6,NA,NA,NA,NA,2019-10-12 20:07:00,0
2019-10-12 19:00:00,WIND,600702,1,HCM,1,18974,1011,230,7,230,10,1803,6,6,6,6,6,NA,NA,NA,NA,2019-10-12 20:07:00,0
2019-10-12 20:00:00,WIND,600702,1,HCM,1,18974,1011,210,6,210,9,1936,6,6,6,6,6,NA,NA,NA,NA,2019-10-12 20:07:00,0
2019-10-12 21:00:00,WIND,600702,1,HCM,1,18974,1011,220,6,220,8,2009,6,6,6,6,6,NA,NA,NA,NA,2019-10-12 20:57:00,0
2019-10-12 22:00:00,WIND,600702,1,HCM,1,18974,1011,220,5,210,7,2135,6,6,6,6,6,NA,NA,NA,NA,2019-10-13 01:35:00,0
2019-10-13 00:00:00,WIND,600702,1,HCM,1,18974,1011,190,8,170,12,2306,6,6,6,6,6,NA,NA,NA,NA,2019-10-13 14:58:00,0
2019-10-13 01:00:00,WIND,600702,1,HCM,1,18974,1011,210,6,200,9,6,6,6,6,6,6,NA,NA,NA,NA,2019-10-13 14:59:00,0
2019-10-13 02:00:00,WIND,600702,1,HCM,1,18974,1011,210,5,210,7,129,6,6,6,6,6,NA,NA,NA,NA,2019-10-13 14:59:00,0
2019-10-13 03:00:00,WIND,600702,1,HCM,1,18974,1011,200,5,200,7,159,6,6,6,6,6,NA,NA,NA,NA,2019-10-13 14:59:00,0
2019-10-13 04:00:00,WIND,600702,1,HCM,1,18974,1011,190,4,200,5,251,6,6,6,6,6,NA,NA,NA,NA,2019-10-13 15:00:00,0
2019-10-13 05:00:00,WIND,600702,1,HCM,1,18974,1011,200,4,200,7,415,6,6,6,6,6,NA,NA,NA,NA,2019-10-13 15:00:00,0
2019-10-13 06:00:00,WIND,600702,1,HCM,1,18974,1011,200,4,210,6,533,6,6,6,6,6,NA,NA,NA,NA,2019-10-13 15:00:00,0
2019-10-13 07:00:00,WIND,600702,1,HCM,1,18974,1011,180,5,170,11,647,6,6,6,6,6,NA,NA,NA,NA,2019-10-13 15:00:00,0
2019-10-13 08:00:00,WIND,600702,1,HCM,1,18974,1011,150,12,150,17,722,6,6,6,6,6,NA,NA,NA,NA,2019-10-13 15:01:00,0
2019-10-13 09:00:00,WIND,600702,1,HCM,1,18974,1011,140,12,130,17,804,6,6,6,6,6,NA,NA,NA,NA,2019-10-13 15:05:00,0
2019-10-13 10:00:00,WIND,600702,1,HCM,1,18974,1011,130,14,130,19,924,6,6,6,6,6,NA,NA,NA,NA,2019-10-13 15:07:00,0
2019-10-13 11:00:00,WIND,600702,1,HCM,1,18974,1011,130,13,130,18,1008,6,6,6,6,6,NA,NA,NA,NA,2019-10-13 15:07:00,0
2019-10-13 12:00:00,WIND,600702,1,HCM,1,18974,1011,130,11,130,17,1050,6,6,6,6,6,NA,NA,NA,NA,2019-10-13 15:07:00,0
2019-10-13 13:00:00,WIND,600702,1,HCM,1,18974,1011,130,10,140,14,1210,6,6,6,6,6,NA,NA,NA,NA,2019-10-13 15:07:00,0
2019-10-13 14:00:00,WIND,600702,1,HCM,1,18974,1011,110,8,130,11,1254,6,6,6,6,6,NA,NA,NA,NA,2019-10-13 15:08:00,0
2019-10-13 15:00:00,WIND,600702,1,HCM,1,18974,1011,110,6,110,10,1355,6,6,6,6,6,NA,NA,NA,NA,2019-10-13 15:08:00,0
2019-10-13 16:00:00,WIND,600702,1,HCM,1,18974,1011,150,7,180,15,1538,6,6,6,6,6,NA,NA,NA,NA,2019-10-13 15:52:00,0
2019-10-13 17:00:00,WIND,600702,1,HCM,1,18974,1011,230,5,210,10,1555,6,6,6,6,6,NA,NA,NA,NA,2019-10-13 16:51:00,0
2019-10-13 18:00:00,WIND,600702,1,HCM,1,18974,1011,220,3,190,5,1744,6,6,6,6,6,NA,NA,NA,NA,2019-10-13 17:51:00,0
2019-10-13 19:00:00,WIND,600702,1,HCM,1,18974,1011,170,8,160,12,1828,6,6,6,6,6,NA,NA,NA,NA,2019-10-13 18:51:00,0
2019-10-13 20:00:00,WIND,600702,1,HCM,1,18974,1011,180,10,180,15,1924,6,6,6,6,6,NA,NA,NA,NA,2019-10-13 19:51:00,0
2019-10-13 21:00:00,WIND,600702,1,HCM,1,18974,1011,160,9,140,14,2035,6,6,6,6,6,NA,NA,NA,NA,2019-10-13 20:57:00,0
2019-10-13 22:00:00,WIND,600702,1,HCM,1,18974,1011,170,9,170,15,2102,6,6,6,6,6,NA,NA,NA,NA,2019-10-14 07:36:00,0
2019-10-13 23:00:00,WIND,600702,1,HCM,1,18974,1011,160,9,150,15,2248,6,6,6,6,6,NA,NA,NA,NA,2019-10-14 07:37:00,0
2019-10-14 00:00:00,WIND,600702,1,HCM,1,18974,1011,170,10,160,16,2254,6,6,6,6,6,NA,NA,NA,NA,2019-10-14 07:38:00,0
2019-10-14 01:00:00,WIND,600702,1,HCM,1,18974,1011,200,6,180,13,2350,6,6,6,6,6,NA,NA,NA,NA,2019-10-14 07:38:00,0
2019-10-14 02:00:00,WIND,600702,1,HCM,1,18974,1011,200,7,190,10,144,6,6,6,6,6,NA,NA,NA,NA,2019-10-14 07:38:00,0
2019-10-14 03:00:00,WIND,600702,1,HCM,1,18974,1011,200,8,190,10,151,6,6,6,6,6,NA,NA,NA,NA,2019-10-14 07:39:00,0
2019-10-14 04:00:00,WIND,600702,1,HCM,1,18974,1011,210,7,210,10,334,6,6,6,6,6,NA,NA,NA,NA,2019-10-14 07:39:00,0
2019-10-14 05:00:00,WIND,600702,1,HCM,1,18974,1011,210,7,210,10,404,6,6,6,6,6,NA,NA,NA,NA,2019-10-14 07:39:00,0
2019-10-14 06:00:00,WIND,600702,1,HCM,1,18974,1011,200,7,200,10,545,6,6,6,6,6,NA,NA,NA,NA,2019-10-14 07:41:00,0
2019-10-14 07:00:00,WIND,600702,1,HCM,1,18974,1011,200,7,210,9,616,6,6,6,6,6,NA,NA,NA,NA,2019-10-14 07:41:00,0
2019-10-14 08:00:00,WIND,600702,1,HCM,1,18974,1011,190,8,180,13,741,6,6,6,6,6,NA,NA,NA,NA,2019-10-14 07:52:00,0
2019-10-14 09:00:00,WIND,600702,1,HCM,1,18974,1011,180,10,180,14,840,6,6,6,6,6,NA,NA,NA,NA,2019-10-14 08:54:00,0
2019-10-14 10:00:00,WIND,600702,1,HCM,1,18974,1011,170,8,180,17,900,6,6,6,6,6,NA,NA,NA,NA,2019-10-14 09:51:00,0
2019-10-14 11:00:00,WIND,600702,1,HCM,1,18974,1011,170,12,150,16,1047,6,6,6,6,6,NA,NA,NA,NA,2019-10-14 10:51:00,0
2019-10-14 12:00:00,WIND,600702,1,HCM,1,18974,1011,150,13,140,19,1143,6,6,6,6,6,NA,NA,NA,NA,2019-10-14 14:40:00,0
2019-10-14 13:00:00,WIND,600702,1,HCM,1,18974,1011,160,13,150,18,1151,6,6,6,6,6,NA,NA,NA,NA,2019-10-14 14:41:00,0
2019-10-14 14:00:00,WIND,600702,1,HCM,1,18974,1011,160,12,160,18,1256,6,6,6,6,6,NA,NA,NA,NA,2019-10-14 14:42:00,0
2019-10-14 15:00:00,WIND,600702,1,HCM,1,18974,1011,140,11,140,16,1359,6,6,6,6,6,NA,NA,NA,NA,2019-10-14 14:51:00,0
2019-10-14 16:00:00,WIND,600702,1,HCM,1,18974,1011,120,11,120,16,1508,6,6,6,6,6,NA,NA,NA,NA,2019-10-14 15:51:00,0
2019-10-14 17:00:00,WIND,600702,1,HCM,1,18974,1011,110,10,130,15,1554,6,6,6,6,6,NA,NA,NA,NA,2019-10-14 16:51:00,0
2019-10-14 18:00:00,WIND,600702,1,HCM,1,18974,1011,90,10,80,15,1742,6,6,6,6,6,NA,NA,NA,NA,2019-10-14 17:51:00,0
2019-10-14 19:00:00,WIND,600702,1,HCM,1,18974,1011,100,12,110,17,1833,6,6,6,6,6,NA,NA,NA,NA,2019-10-14 18:51:00,0
2019-10-14 20:00:00,WIND,600702,1,HCM,1,18974,1011,100,12,100,18,1911,6,6,6,6,6,NA,NA,NA,NA,2019-10-14 19:51:00,0
2019-10-14 21:00:00,WIND,600702,1,HCM,1,18974,1011,80,9,90,14,2002,6,6,6,6,6,NA,NA,NA,NA,2019-10-14 20:53:00,0
2019-10-14 22:00:00,WIND,600702,1,HCM,1,18974,1011,110,14,130,21,2146,6,6,6,6,6,NA,NA,NA,NA,2019-10-14 21:51:00,0
2019-10-14 23:00:00,WIND,600702,1,HCM,1,18974,1011,130,16,130,22,2230,6,6,6,6,6,NA,NA,NA,NA,2019-10-14 22:51:00,0
2019-10-15 00:00:00,WIND,600702,1,HCM,1,18974,1011,130,19,130,26,2316,6,6,6,6,6,NA,NA,NA,NA,2019-10-14 23:51:00,0
2019-10-15 01:00:00,WIND,600702,1,HCM,1,18974,1011,130,19,140,27,31,6,6,6,6,6,NA,NA,NA,NA,2019-10-15 00:51:00,0
2019-10-15 02:00:00,WIND,600702,1,HCM,1,18974,1011,140,19,140,26,53,6,6,6,6,6,NA,NA,NA,NA,2019-10-15 01:51:00,0
2019-10-15 03:00:00,WIND,600702,1,HCM,1,18974,1011,130,19,130,26,212,6,6,6,6,6,NA,NA,NA,NA,2019-10-15 02:51:00,0
2019-10-15 04:00:00,WIND,600702,1,HCM,1,18974,1011,130,19,120,25,329,6,6,6,6,6,NA,NA,NA,NA,2019-10-15 03:51:00,0
2019-10-15 05:00:00,WIND,600702,1,HCM,1,18974,1011,130,20,130,26,420,6,6,6,6,6,NA,NA,NA,NA,2019-10-15 04:51:00,0
2019-10-15 06:00:00,WIND,600702,1,HCM,1,18974,1011,130,20,130,26,539,6,6,6,6,6,NA,NA,NA,NA,2019-10-15 05:51:00,0
2019-10-15 07:00:00,WIND,600702,1,HCM,1,18974,1011,130,22,130,29,642,6,6,6,6,6,NA,NA,NA,NA,2019-10-15 06:51:00,0
2019-10-15 08:00:00,WIND,600702,1,HCM,1,18974,1011,140,21,140,29,714,6,6,6,6,6,NA,NA,NA,NA,2019-10-15 07:51:00,0
2019-10-15 09:00:00,WIND,600702,1,HCM,1,18974,1011,140,21,140,27,804,6,6,6,6,6,NA,NA,NA,NA,2019-10-15 08:55:00,0
2019-10-15 10:00:00,WIND,600702,1,HCM,1,18974,1011,140,21,150,28,932,6,6,6,6,6,NA,NA,NA,NA,2019-10-15 09:51:00,0
2019-10-15 11:00:00,WIND,600702,1,HCM,1,18974,1011,150,22,150,29,1047,6,6,6,6,6,NA,NA,NA,NA,2019-10-15 10:51:00,0
2019-10-15 12:00:00,WIND,600702,1,HCM,1,18974,1011,150,22,140,30,1147,6,6,6,6,6,NA,NA,NA,NA,2019-10-15 11:51:00,0
2019-10-15 13:00:00,WIND,600702,1,HCM,1,18974,1011,150,23,150,30,1205,6,6,6,6,6,NA,NA,NA,NA,2019-10-15 12:51:00,0
2019-10-15 14:00:00,WIND,600702,1,HCM,1,18974,1011,150,23,140,30,1324,6,6,6,6,6,NA,NA,NA,NA,2019-10-15 13:51:00,0
2019-10-15 15:00:00,WIND,600702,1,HCM,1,18974,1011,140,23,140,31,1442,6,6,6,6,6,NA,NA,NA,NA,2019-10-15 14:51:00,0
2019-10-15 16:00:00,WIND,600702,1,HCM,1,18974,1011,140,24,150,32,1546,6,6,6,6,6,NA,NA,NA,NA,2019-10-15 15:51:00,0
2019-10-15 17:00:00,WIND,600702,1,HCM,1,18974,1011,140,24,140,32,1649,6,6,6,6,6,NA,NA,NA,NA,2019-10-15 16:51:00,0
2019-10-15 18:00:00,WIND,600702,1,HCM,1,18974,1011,140,25,140,34,1705,6,6,6,6,6,NA,NA,NA,NA,2019-10-15 17:51:00,0
2019-10-15 19:00:00,WIND,600702,1,HCM,1,18974,1011,140,25,130,33,1833,6,6,6,6,6,NA,NA,NA,NA,2019-10-15 18:51:00,0
2019-10-15 20:00:00,WIND,600702,1,HCM,1,18974,1011,130,26,140,36,1947,6,6,6,6,6,NA,NA,NA,NA,2019-10-15 20:23:00,0
2019-10-15 21:00:00,WIND,600702,1,HCM,1,18974,1011,130,27,130,36,1950,6,6,6,6,6,NA,NA,NA,NA,2019-10-15 21:06:00,0
2019-10-15 22:00:00,WIND,600702,1,HCM,1,18974,1011,130,25,140,34,2107,6,6,6,6,6,NA,NA,NA,NA,2019-10-15 21:57:00,0
2019-10-15 23:00:00,WIND,600702,1,HCM,1,18974,1011,140,25,140,34,2247,6,6,6,6,6,NA,NA,NA,NA,2019-10-15 22:51:00,0
2019-10-16 00:00:00,WIND,600702,1,HCM,1,18974,1011,140,26,130,34,2303,6,6,6,6,6,NA,NA,NA,NA,2019-10-15 23:54:00,0
2019-10-16 01:00:00,WIND,600702,1,HCM,1,18974,1011,140,26,140,35,2355,6,6,6,6,6,NA,NA,NA,NA,2019-10-16 00:51:00,0
2019-10-16 02:00:00,WIND,600702,1,HCM,1,18974,1011,140,28,140,37,105,6,6,6,6,6,NA,NA,NA,NA,2019-10-16 01:51:00,0
2019-10-16 03:00:00,WIND,600702,1,HCM,1,18974,1011,140,24,130,34,241,6,6,6,6,6,NA,NA,NA,NA,2019-10-16 02:53:00,0
2019-10-16 04:00:00,WIND,600702,1,HCM,1,18974,1011,210,17,210,32,310,6,6,6,6,6,NA,NA,NA,NA,2019-10-16 05:15:00,0
2019-10-16 05:00:00,WIND,600702,1,HCM,1,18974,1011,260,12,270,19,351,6,6,6,6,6,NA,NA,NA,NA,2019-10-16 05:17:00,0
2019-10-16 06:00:00,WIND,600702,1,HCM,1,18974,1011,250,9,260,14,511,6,6,6,6,6,NA,NA,NA,NA,2019-10-16 05:51:00,0
2019-10-16 07:00:00,WIND,600702,1,HCM,1,18974,1011,240,7,260,11,604,6,6,6,6,6,NA,NA,NA,NA,2019-10-16 06:55:00,0
2019-10-16 08:00:00,WIND,600702,1,HCM,1,18974,1011,230,6,230,9,707,6,6,6,6,6,NA,NA,NA,NA,2019-10-16 07:53:00,0
2019-10-16 09:00:00,WIND,600702,1,HCM,1,18974,1011,240,6,250,11,837,6,6,6,6,6,NA,NA,NA,NA,2019-10-16 08:56:00,0
2019-10-16 10:00:00,WIND,600702,1,HCM,1,18974,1011,240,7,240,13,944,6,6,6,6,6,NA,NA,NA,NA,2019-10-16 09:53:00,0
2019-10-16 11:00:00,WIND,600702,1,HCM,1,18974,1011,240,10,230,17,1040,6,6,6,6,6,NA,NA,NA,NA,2019-10-16 10:51:00,0
2019-10-16 12:00:00,WIND,600702,1,HCM,1,18974,1011,230,13,230,17,1135,6,6,6,6,6,NA,NA,NA,NA,2019-10-16 11:51:00,0
2019-10-16 13:00:00,WIND,600702,1,HCM,1,18974,1011,220,13,230,19,1226,6,6,6,6,6,NA,NA,NA,NA,2019-10-16 12:51:00,0
2019-10-16 14:00:00,WIND,600702,1,HCM,1,18974,1011,220,14,230,20,1303,6,6,6,6,6,NA,NA,NA,NA,2019-10-16 13:51:00,0
2019-10-16 15:00:00,WIND,600702,1,HCM,1,18974,1011,210,14,220,21,1402,6,6,6,6,6,NA,NA,NA,NA,2019-10-16 14:51:00,0
2019-10-16 16:00:00,WIND,600702,1,HCM,1,18974,1011,220,12,230,16,1518,6,6,6,6,6,NA,NA,NA,NA,2019-10-16 15:51:00,0
2019-10-16 17:00:00,WIND,600702,1,HCM,1,18974,1011,210,11,210,17,1552,6,6,6,6,6,NA,NA,NA,NA,2019-10-16 16:51:00,0
2019-10-16 18:00:00,WIND,600702,1,HCM,1,18974,1011,210,11,210,17,1714,6,6,6,6,6,NA,NA,NA,NA,2019-10-16 17:51:00,0
2019-10-16 19:00:00,WIND,600702,1,HCM,1,18974,1011,200,9,210,14,1815,6,6,6,6,6,NA,NA,NA,NA,2019-10-16 18:51:00,0
2019-10-16 20:00:00,WIND,600702,1,HCM,1,18974,1011,180,12,180,18,1913,6,6,6,6,6,NA,NA,NA,NA,2019-10-16 19:51:00,0
2019-10-16 21:00:00,WIND,600702,1,HCM,1,18974,1011,170,15,180,21,2030,6,6,6,6,6,NA,NA,NA,NA,2019-10-16 20:54:00,0
2019-10-16 22:00:00,WIND,600702,1,HCM,1,18974,1011,170,16,170,24,2146,6,6,6,6,6,NA,NA,NA,NA,2019-10-16 21:51:00,0
2019-10-16 23:00:00,WIND,600702,1,HCM,1,18974,1011,170,19,170,25,2249,6,6,6,6,6,NA,NA,NA,NA,2019-10-16 22:51:00,0
2019-10-17 00:00:00,WIND,600702,1,HCM,1,18974,1011,170,20,170,29,2328,6,6,6,6,6,NA,NA,NA,NA,2019-10-16 23:51:00,0
2019-10-17 01:00:00,WIND,600702,1,HCM,1,18974,1011,160,21,150,30,38,6,6,6,6,6,NA,NA,NA,NA,2019-10-17 00:51:00,0
2019-10-17 02:00:00,WIND,600702,1,HCM,1,18974,1011,160,23,170,33,53,6,6,6,6,6,NA,NA,NA,NA,2019-10-17 01:51:00,0
2019-10-17 03:00:00,WIND,600702,1,HCM,1,18974,1011,160,22,170,30,202,6,6,6,6,6,NA,NA,NA,NA,2019-10-17 02:51:00,0
2019-10-17 04:00:00,WIND,600702,1,HCM,1,18974,1011,160,23,170,30,251,6,6,6,6,6,NA,NA,NA,NA,2019-10-17 03:51:00,0
2019-10-17 05:00:00,WIND,600702,1,HCM,1,18974,1011,160,22,150,31,353,6,6,6,6,6,NA,NA,NA,NA,2019-10-17 06:33:00,0
2019-10-17 06:00:00,WIND,600702,1,HCM,1,18974,1011,150,23,150,30,503,6,6,6,6,6,NA,NA,NA,NA,2019-10-17 06:35:00,0
2019-10-17 07:00:00,WIND,600702,1,HCM,1,18974,1011,160,23,160,31,554,6,6,6,6,6,NA,NA,NA,NA,2019-10-17 07:31:00,0
2019-10-17 08:00:00,WIND,600702,1,HCM,1,18974,1011,150,23,150,31,708,6,6,6,6,6,NA,NA,NA,NA,2019-10-17 07:51:00,0
2019-10-17 09:00:00,WIND,600702,1,HCM,1,18974,1011,150,21,150,28,811,6,6,6,6,6,NA,NA,NA,NA,2019-10-19 13:22:00,0
2019-10-17 10:00:00,WIND,600702,1,HCM,1,18974,1011,150,22,140,28,911,6,6,6,6,6,NA,NA,NA,NA,2019-10-19 13:23:00,0
2019-10-17 11:00:00,WIND,600702,1,HCM,1,18974,1011,150,23,150,30,1044,6,6,6,6,6,NA,NA,NA,NA,2019-10-19 13:23:00,0
2019-10-17 12:00:00,WIND,600702,1,HCM,1,18974,1011,150,21,140,27,1141,6,6,6,6,6,NA,NA,NA,NA,2019-10-19 13:23:00,0
2019-10-17 13:00:00,WIND,600702,1,HCM,1,18974,1011,150,20,150,27,1229,6,6,6,6,6,NA,NA,NA,NA,2019-10-19 13:24:00,0
2019-10-17 14:00:00,WIND,600702,1,HCM,1,18974,1011,140,19,140,27,1340,6,6,6,6,6,NA,NA,NA,NA,2019-10-19 13:24:00,0
2019-10-17 15:00:00,WIND,600702,1,HCM,1,18974,1011,130,22,130,30,1429,6,6,6,6,6,NA,NA,NA,NA,2019-10-19 13:24:00,0
2019-10-17 16:00:00,WIND,600702,1,HCM,1,18974,1011,130,23,130,30,1513,6,6,6,6,6,NA,NA,NA,NA,2019-10-19 13:25:00,0
2019-10-17 17:00:00,WIND,600702,1,HCM,1,18974,1011,130,23,130,30,1649,6,6,6,6,6,NA,NA,NA,NA,2019-10-19 13:25:00,0
2019-10-17 18:00:00,WIND,600702,1,HCM,1,18974,1011,120,22,130,30,1704,6,6,6,6,6,NA,NA,NA,NA,2019-10-19 13:25:00,0
2019-10-17 19:00:00,WIND,600702,1,HCM,1,18974,1011,120,23,130,31,1816,6,6,6,6,6,NA,NA,NA,NA,2019-10-19 13:25:00,0
2019-10-17 20:00:00,WIND,600702,1,HCM,1,18974,1011,120,21,120,28,1911,6,6,6,6,6,NA,NA,NA,NA,2019-10-19 13:26:00,0
2019-10-17 21:00:00,WIND,600702,1,HCM,1,18974,1011,120,22,120,30,2004,6,6,6,6,6,NA,NA,NA,NA,2019-10-19 13:28:00,0
2019-10-17 22:00:00,WIND,600702,1,HCM,1,18974,1011,120,21,120,28,2136,6,6,6,6,6,NA,NA,NA,NA,2019-10-19 13:28:00,0
2019-10-17 23:00:00,WIND,600702,1,HCM,1,18974,1011,120,15,130,23,2150,6,6,6,6,6,NA,NA,NA,NA,2019-10-19 13:28:00,0
2019-10-18 00:00:00,WIND,600702,1,HCM,1,18974,1011,120,14,110,21,2344,6,6,6,6,6,NA,NA,NA,NA,2019-10-19 13:29:00,0
2019-10-18 01:00:00,WIND,600702,1,HCM,1,18974,1011,120,17,130,25,2359,6,6,6,6,6,NA,NA,NA,NA,2019-10-19 13:29:00,0
2019-10-18 02:00:00,WIND,600702,1,HCM,1,18974,1011,110,16,110,21,117,6,6,6,6,6,NA,NA,NA,NA,2019-10-19 13:29:00,0
2019-10-18 03:00:00,WIND,600702,1,HCM,1,18974,1011,100,17,110,24,238,6,6,6,6,6,NA,NA,NA,NA,2019-10-19 13:29:00,0
2019-10-18 04:00:00,WIND,600702,1,HCM,1,18974,1011,120,18,110,23,252,6,6,6,6,6,NA,NA,NA,NA,2019-10-19 13:30:00,0
2019-10-18 05:00:00,WIND,600702,1,HCM,1,18974,1011,120,17,120,22,400,6,6,6,6,6,NA,NA,NA,NA,2019-10-19 13:30:00,0
2019-10-18 06:00:00,WIND,600702,1,HCM,1,18974,1011,120,14,110,19,450,6,6,6,6,6,NA,NA,NA,NA,2019-10-19 13:30:00,0
2019-10-18 07:00:00,WIND,600702,1,HCM,1,18974,1011,120,12,120,18,554,6,6,6,6,6,NA,NA,NA,NA,2019-10-19 13:31:00,0
2019-10-18 08:00:00,WIND,600702,1,HCM,1,18974,1011,110,10,120,14,656,6,6,6,6,6,NA,NA,NA,NA,2019-10-19 13:31:00,0
2019-10-18 09:00:00,WIND,600702,1,HCM,1,18974,1011,100,8,110,12,752,6,6,6,6,6,NA,NA,NA,NA,2019-10-19 13:33:00,0
2019-10-18 10:00:00,WIND,600702,1,HCM,1,18974,1011,90,8,100,11,851,6,6,6,6,6,NA,NA,NA,NA,2019-10-19 13:33:00,0
2019-10-18 11:00:00,WIND,600702,1,HCM,1,18974,1011,90,7,90,12,1011,6,6,6,6,6,NA,NA,NA,NA,2019-10-19 13:33:00,0
2019-10-18 12:00:00,WIND,600702,1,HCM,1,18974,1011,70,7,70,12,1146,6,6,6,6,6,NA,NA,NA,NA,2019-10-19 13:34:00,0
2019-10-18 13:00:00,WIND,600702,1,HCM,1,18974,1011,50,10,50,14,1227,6,6,6,6,6,NA,NA,NA,NA,2019-10-19 13:35:00,0
2019-10-18 14:00:00,WIND,600702,1,HCM,1,18974,1011,40,9,50,13,1250,6,6,6,6,6,NA,NA,NA,NA,2019-10-19 13:35:00,0
2019-10-18 15:00:00,WIND,600702,1,HCM,1,18974,1011,20,11,30,14,1423,6,6,6,6,6,NA,NA,NA,NA,2019-10-19 13:35:00,0
2019-10-18 16:00:00,WIND,600702,1,HCM,1,18974,1011,20,10,10,14,1452,6,6,6,6,6,NA,NA,NA,NA,2019-10-19 13:35:00,0
2019-10-18 17:00:00,WIND,600702,1,HCM,1,18974,1011,20,8,10,12,1552,6,6,6,6,6,NA,NA,NA,NA,2019-10-19 13:36:00,0
2019-10-18 18:00:00,WIND,600702,1,HCM,1,18974,1011,10,8,10,11,1706,6,6,6,6,6,NA,NA,NA,NA,2019-10-19 13:36:00,0
2019-10-18 19:00:00,WIND,600702,1,HCM,1,18974,1011,20,9,20,12,1823,6,6,6,6,6,NA,NA,NA,NA,2019-10-19 13:36:00,0
2019-10-18 20:00:00,WIND,600702,1,HCM,1,18974,1011,20,11,20,17,1944,6,6,6,6,6,NA,NA,NA,NA,2019-10-19 13:37:00,0
2019-10-18 21:00:00,WIND,600702,1,HCM,1,18974,1011,20,11,10,19,2033,6,6,6,6,6,NA,NA,NA,NA,2019-10-19 13:38:00,0
2019-10-18 22:00:00,WIND,600702,1,HCM,1,18974,1011,30,13,30,18,2135,6,6,6,6,6,NA,NA,NA,NA,2019-10-19 13:39:00,0
2019-10-18 23:00:00,WIND,600702,1,HCM,1,18974,1011,30,11,20,17,2221,6,6,6,6,6,NA,NA,NA,NA,2019-10-19 13:39:00,0
2019-10-19 00:00:00,WIND,600702,1,HCM,1,18974,1011,20,12,20,19,2349,6,6,6,6,6,NA,NA,NA,NA,2019-10-19 13:39:00,0
2019-10-19 01:00:00,WIND,600702,1,HCM,1,18974,1011,20,16,30,23,40,6,6,6,6,6,NA,NA,NA,NA,2019-10-19 13:40:00,0
2019-10-19 02:00:00,WIND,600702,1,HCM,1,18974,1011,20,19,20,25,127,6,6,6,6,6,NA,NA,NA,NA,2019-10-19 13:40:00,0
2019-10-19 03:00:00,WIND,600702,1,HCM,1,18974,1011,20,18,20,26,223,6,6,6,6,6,NA,NA,NA,NA,2019-10-19 13:40:00,0
2019-10-19 04:00:00,WIND,600702,1,HCM,1,18974,1011,20,18,20,24,336,6,6,6,6,6,NA,NA,NA,NA,2019-10-19 13:41:00,0
2019-10-19 05:00:00,WIND,600702,1,HCM,1,18974,1011,20,20,20,28,402,6,6,6,6,6,NA,NA,NA,NA,2019-10-19 13:41:00,0
2019-10-19 06:00:00,WIND,600702,1,HCM,1,18974,1011,20,20,20,27,500,6,6,6,6,6,NA,NA,NA,NA,2019-10-19 13:42:00,0
2019-10-19 07:00:00,WIND,600702,1,HCM,1,18974,1011,20,18,20,24,629,6,6,6,6,6,NA,NA,NA,NA,2019-10-19 13:42:00,0
2019-10-19 08:00:00,WIND,600702,1,HCM,1,18974,1011,20,18,10,24,717,6,6,6,6,6,NA,NA,NA,NA,2019-10-19 13:43:00,0
2019-10-19 09:00:00,WIND,600702,1,HCM,1,18974,1011,20,18,20,24,820,6,6,6,6,6,NA,NA,NA,NA,2019-10-19 13:45:00,0
2019-10-19 10:00:00,WIND,600702,1,HCM,1,18974,1011,20,16,20,22,923,6,6,6,6,6,NA,NA,NA,NA,2019-10-19 13:45:00,0
2019-10-19 11:00:00,WIND,600702,1,HCM,1,18974,1011,20,17,20,22,954,6,6,6,6,6,NA,NA,NA,NA,2019-10-19 13:45:00,0
2019-10-19 12:00:00,WIND,600702,1,HCM,1,18974,1011,10,18,10,24,1052,6,6,6,6,6,NA,NA,NA,NA,2019-10-19 13:46:00,0
2019-10-19 13:00:00,WIND,600702,1,HCM,1,18974,1011,360,19,10,27,1211,6,6,6,6,6,NA,NA,NA,NA,2019-10-19 13:46:00,0
2019-10-19 14:00:00,WIND,600702,1,HCM,1,18974,1011,360,21,360,28,1347,6,6,6,6,6,NA,NA,NA,NA,2019-10-19 13:53:00,0
2019-10-19 15:00:00,WIND,600702,1,HCM,1,18974,1011,360,21,350,29,1359,6,6,6,6,6,NA,NA,NA,NA,2019-10-19 14:53:00,0
2019-10-19 16:00:00,WIND,600702,1,HCM,1,18974,1011,10,23,10,32,1543,6,6,6,6,6,NA,NA,NA,NA,2019-10-19 15:51:00,0
2019-10-19 17:00:00,WIND,600702,1,HCM,1,18974,1011,10,25,10,33,1638,6,6,6,6,6,NA,NA,NA,NA,2019-10-19 16:52:00,0
2019-10-19 18:00:00,WIND,600702,1,HCM,1,18974,1011,10,25,10,33,1651,6,6,6,6,6,NA,NA,NA,NA,2019-10-19 23:41:00,0
2019-10-19 20:00:00,WIND,600702,1,HCM,1,18974,1011,350,22,350,34,1906,6,6,6,6,6,NA,NA,NA,NA,2019-10-19 23:47:00,0
2019-10-19 21:00:00,WIND,600702,1,HCM,1,18974,1011,360,22,360,31,2023,6,6,6,6,6,NA,NA,NA,NA,2019-10-19 23:52:00,0
2019-10-19 22:00:00,WIND,600702,1,HCM,1,18974,1011,10,20,10,27,2052,6,6,6,6,6,NA,NA,NA,NA,2019-10-19 23:52:00,0
2019-10-19 23:00:00,WIND,600702,1,HCM,1,18974,1011,10,17,20,24,2154,6,6,6,6,6,NA,NA,NA,NA,2019-10-19 23:53:00,0
2019-10-20 00:00:00,WIND,600702,1,HCM,1,18974,1011,20,16,20,22,2304,6,6,6,6,6,NA,NA,NA,NA,2019-10-19 23:57:00,0
2019-10-20 01:00:00,WIND,600702,1,HCM,1,18974,1011,20,17,20,29,33,6,6,6,6,6,NA,NA,NA,NA,2019-10-20 00:51:00,0
2019-10-20 02:00:00,WIND,600702,1,HCM,1,18974,1011,10,22,10,29,134,6,6,6,6,6,NA,NA,NA,NA,2019-10-20 01:51:00,0
2019-10-20 03:00:00,WIND,600702,1,HCM,1,18974,1011,10,21,10,30,225,6,6,6,6,6,NA,NA,NA,NA,2019-10-20 03:56:00,0
2019-10-20 04:00:00,WIND,600702,1,HCM,1,18974,1011,10,24,360,32,348,6,6,6,6,6,NA,NA,NA,NA,2019-10-20 03:57:00,0
2019-10-20 05:00:00,WIND,600702,1,HCM,1,18974,1011,360,22,360,31,354,6,6,6,6,6,NA,NA,NA,NA,2019-10-20 04:51:00,0
2019-10-20 06:00:00,WIND,600702,1,HCM,1,18974,1011,10,21,10,28,507,6,6,6,6,6,NA,NA,NA,NA,2019-10-20 05:52:00,0
2019-10-20 07:00:00,WIND,600702,1,HCM,1,18974,1011,10,20,10,29,551,6,6,6,6,6,NA,NA,NA,NA,2019-10-20 06:52:00,0
2019-10-20 08:00:00,WIND,600702,1,HCM,1,18974,1011,10,20,10,28,709,6,6,6,6,6,NA,NA,NA,NA,2019-10-20 07:54:00,0
2019-10-20 09:00:00,WIND,600702,1,HCM,1,18974,1011,10,20,10,26,840,6,6,6,6,6,NA,NA,NA,NA,2019-10-20 08:55:00,0
2019-10-20 10:00:00,WIND,600702,1,HCM,1,18974,1011,10,20,10,28,903,6,6,6,6,6,NA,NA,NA,NA,2019-10-20 09:51:00,0
2019-10-20 11:00:00,WIND,600702,1,HCM,1,18974,1011,10,19,360,28,1002,6,6,6,6,6,NA,NA,NA,NA,2019-10-20 10:51:00,0
2019-10-20 12:00:00,WIND,600702,1,HCM,1,18974,1011,10,19,10,25,1052,6,6,6,6,6,NA,NA,NA,NA,2019-10-20 11:51:00,0
2019-10-20 13:00:00,WIND,600702,1,HCM,1,18974,1011,10,18,10,26,1221,6,6,6,6,6,NA,NA,NA,NA,2019-10-20 12:51:00,0
2019-10-20 14:00:00,WIND,600702,1,HCM,1,18974,1011,10,17,20,24,1324,6,6,6,6,6,NA,NA,NA,NA,2019-10-20 13:53:00,0
2019-10-20 15:00:00,WIND,600702,1,HCM,1,18974,1011,10,19,360,26,1416,6,6,6,6,6,NA,NA,NA,NA,2019-10-20 14:52:00,0
2019-10-20 16:00:00,WIND,600702,1,HCM,1,18974,1011,10,17,10,24,1450,6,6,6,6,6,NA,NA,NA,NA,2019-10-20 18:13:00,0
2019-10-20 17:00:00,WIND,600702,1,HCM,1,18974,1011,20,16,20,22,1552,6,6,6,6,6,NA,NA,NA,NA,2019-10-20 18:22:00,0
2019-10-20 18:00:00,WIND,600702,1,HCM,1,18974,1011,20,15,20,20,1733,6,6,6,6,6,NA,NA,NA,NA,2019-10-20 18:26:00,0
2019-10-20 19:00:00,WIND,600702,1,HCM,1,18974,1011,20,12,30,18,1800,6,6,6,6,6,NA,NA,NA,NA,2019-10-20 18:54:00,0
2019-10-20 20:00:00,WIND,600702,1,HCM,1,18974,1011,20,12,360,17,1916,6,6,6,6,6,NA,NA,NA,NA,2019-10-20 19:59:00,0
2019-10-20 21:00:00,WIND,600702,1,HCM,1,18974,1011,20,11,10,17,2010,6,6,6,6,6,NA,NA,NA,NA,2019-10-20 21:00:00,0
2019-10-20 22:00:00,WIND,600702,1,HCM,1,18974,1011,20,9,10,14,2058,6,6,6,6,6,NA,NA,NA,NA,2019-10-20 21:53:00,0
2019-10-20 23:00:00,WIND,600702,1,HCM,1,18974,1011,10,7,10,11,2158,6,6,6,6,6,NA,NA,NA,NA,2019-10-21 00:06:00,0
2019-10-21 00:00:00,WIND,600702,1,HCM,1,18974,1011,20,6,350,10,2313,6,6,6,6,6,NA,NA,NA,NA,2019-10-21 00:06:00,0
2019-10-21 01:00:00,WIND,600702,1,HCM,1,18974,1011,40,5,10,9,6,6,6,6,6,6,NA,NA,NA,NA,2019-10-21 01:07:00,0
2019-10-21 02:00:00,WIND,600702,1,HCM,1,18974,1011,30,2,60,5,50,6,6,6,6,6,NA,NA,NA,NA,2019-10-21 01:52:00,0
2019-10-21 03:00:00,WIND,600702,1,HCM,1,18974,1011,70,2,70,4,211,6,6,6,6,6,NA,NA,NA,NA,2019-10-21 03:17:00,0
2019-10-21 04:00:00,WIND,600702,1,HCM,1,18974,1011,100,3,110,6,307,6,6,6,6,6,NA,NA,NA,NA,2019-10-21 05:50:00,0
2019-10-21 05:00:00,WIND,600702,1,HCM,1,18974,1011,150,2,260,5,449,6,6,6,6,6,NA,NA,NA,NA,2019-10-21 05:51:00,0
2019-10-21 06:00:00,WIND,600702,1,HCM,1,18974,1011,240,4,250,8,545,6,6,6,6,6,NA,NA,NA,NA,2019-10-21 05:53:00,0
2019-10-21 07:00:00,WIND,600702,1,HCM,1,18974,1011,280,5,260,9,607,6,6,6,6,6,NA,NA,NA,NA,2019-10-21 06:59:00,0
2019-10-21 08:00:00,WIND,600702,1,HCM,1,18974,1011,270,5,270,10,711,6,6,6,6,6,NA,NA,NA,NA,2019-10-21 08:10:00,0
2019-10-21 09:00:00,WIND,600702,1,HCM,1,18974,1011,230,4,250,9,822,6,6,6,6,6,NA,NA,NA,NA,2019-10-21 08:55:00,0
2019-10-21 10:00:00,WIND,600702,1,HCM,1,18974,1011,210,6,240,11,949,6,6,6,6,6,NA,NA,NA,NA,2019-10-21 12:53:00,0
2019-10-21 11:00:00,WIND,600702,1,HCM,1,18974,1011,240,9,240,15,1027,6,6,6,6,6,NA,NA,NA,NA,2019-10-21 12:55:00,0
2019-10-21 12:00:00,WIND,600702,1,HCM,1,18974,1011,230,10,240,15,1124,6,6,6,6,6,NA,NA,NA,NA,2019-10-21 12:56:00,0
2019-10-21 13:00:00,WIND,600702,1,HCM,1,18974,1011,230,12,230,18,1213,6,6,6,6,6,NA,NA,NA,NA,2019-10-21 12:56:00,0
2019-10-21 14:00:00,WIND,600702,1,HCM,1,18974,1011,230,12,230,20,1349,6,6,6,6,6,NA,NA,NA,NA,2019-10-21 14:36:00,0
2019-10-21 15:00:00,WIND,600702,1,HCM,1,18974,1011,230,14,230,20,1357,6,6,6,6,6,NA,NA,NA,NA,2019-10-21 15:00:00,0
2019-10-21 16:00:00,WIND,600702,1,HCM,1,18974,1011,230,14,230,23,1549,6,6,6,6,6,NA,NA,NA,NA,2019-10-21 15:52:00,0
2019-10-21 17:00:00,WIND,600702,1,HCM,1,18974,1011,230,15,230,23,1554,6,6,6,6,6,NA,NA,NA,NA,2019-10-21 16:54:00,0
2019-10-21 18:00:00,WIND,600702,1,HCM,1,18974,1011,230,15,230,23,1733,6,6,6,6,6,NA,NA,NA,NA,2019-10-21 17:51:00,0
2019-10-21 19:00:00,WIND,600702,1,HCM,1,18974,1011,230,16,230,24,1849,6,6,6,6,6,NA,NA,NA,NA,2019-10-21 19:00:00,0
2019-10-21 20:00:00,WIND,600702,1,HCM,1,18974,1011,230,17,240,25,1918,6,6,6,6,6,NA,NA,NA,NA,2019-10-21 19:56:00,0
2019-10-21 21:00:00,WIND,600702,1,HCM,1,18974,1011,230,17,220,25,1956,6,6,6,6,6,NA,NA,NA,NA,2019-10-21 20:57:00,0
2019-10-21 22:00:00,WIND,600702,1,HCM,1,18974,1011,230,17,230,26,2124,6,6,6,6,6,NA,NA,NA,NA,2019-10-22 01:54:00,0
2019-10-21 23:00:00,WIND,600702,1,HCM,1,18974,1011,230,17,230,25,2239,6,6,6,6,6,NA,NA,NA,NA,2019-10-22 02:04:00,0
2019-10-22 00:00:00,WIND,600702,1,HCM,1,18974,1011,230,16,230,26,2335,6,6,6,6,6,NA,NA,NA,NA,2019-10-22 02:06:00,0
2019-10-22 01:00:00,WIND,600702,1,HCM,1,18974,1011,230,16,230,24,2356,6,6,6,6,6,NA,NA,NA,NA,2019-10-22 02:06:00,0
2019-10-22 02:00:00,WIND,600702,1,HCM,1,18974,1011,220,17,230,24,108,6,6,6,6,6,NA,NA,NA,NA,2019-10-22 03:12:00,0
2019-10-22 03:00:00,WIND,600702,1,HCM,1,18974,1011,220,18,230,28,245,6,6,6,6,6,NA,NA,NA,NA,2019-10-22 03:12:00,0
2019-10-22 04:00:00,WIND,600702,1,HCM,1,18974,1011,230,19,220,27,327,6,6,6,6,6,NA,NA,NA,NA,2019-10-22 04:25:00,0
2019-10-22 05:00:00,WIND,600702,1,HCM,1,18974,1011,220,19,230,28,426,6,6,6,6,6,NA,NA,NA,NA,2019-10-22 04:52:00,0
2019-10-22 07:00:00,WIND,600702,1,HCM,1,18974,1011,220,19,220,27,641,6,6,6,6,6,NA,NA,NA,NA,2019-10-22 08:08:00,0
2019-10-22 08:00:00,WIND,600702,1,HCM,1,18974,1011,220,18,220,27,655,6,6,6,6,6,NA,NA,NA,NA,2019-10-22 09:08:00,0
2019-10-22 09:00:00,WIND,600702,1,HCM,1,18974,1011,220,19,230,31,812,6,6,6,6,6,NA,NA,NA,NA,2019-10-22 09:12:00,0
2019-10-22 10:00:00,WIND,600702,1,HCM,1,18974,1011,220,19,220,29,911,6,6,6,6,6,NA,NA,NA,NA,2019-10-22 09:51:00,0
2019-10-22 11:00:00,WIND,600702,1,HCM,1,18974,1011,220,19,220,30,1017,6,6,6,6,6,NA,NA,NA,NA,2019-10-22 10:51:00,0
2019-10-22 12:00:00,WIND,600702,1,HCM,1,18974,1011,220,19,220,30,1051,6,6,6,6,6,NA,NA,NA,NA,2019-10-22 11:51:00,0
2019-10-22 13:00:00,WIND,600702,1,HCM,1,18974,1011,220,19,220,30,1242,6,6,6,6,6,NA,NA,NA,NA,2019-10-22 12:51:00,0
2019-10-22 14:00:00,WIND,600702,1,HCM,1,18974,1011,220,20,220,31,1307,6,6,6,6,6,NA,NA,NA,NA,2019-10-22 13:51:00,0
2019-10-22 15:00:00,WIND,600702,1,HCM,1,18974,1011,220,20,210,30,1440,6,6,6,6,6,NA,NA,NA,NA,2019-10-22 14:51:00,0
2019-10-22 16:00:00,WIND,600702,1,HCM,1,18974,1011,210,20,210,32,1530,6,6,6,6,6,NA,NA,NA,NA,2019-10-22 15:51:00,0
2019-10-22 17:00:00,WIND,600702,1,HCM,1,18974,1011,210,19,210,30,1557,6,6,6,6,6,NA,NA,NA,NA,2019-10-22 22:11:00,0
2019-10-22 18:00:00,WIND,600702,1,HCM,1,18974,1011,210,20,210,29,1743,6,6,6,6,6,NA,NA,NA,NA,2019-10-22 22:29:00,0
2019-10-22 19:00:00,WIND,600702,1,HCM,1,18974,1011,200,21,210,32,1750,6,6,6,6,6,NA,NA,NA,NA,2019-10-22 22:34:00,0
2019-10-22 20:00:00,WIND,600702,1,HCM,1,18974,1011,200,21,200,31,1919,6,6,6,6,6,NA,NA,NA,NA,2019-10-22 22:49:00,0
2019-10-22 21:00:00,WIND,600702,1,HCM,1,18974,1011,200,22,200,34,2021,6,6,6,6,6,NA,NA,NA,NA,2019-10-22 22:51:00,0
2019-10-22 22:00:00,WIND,600702,1,HCM,1,18974,1011,200,21,200,31,2100,6,6,6,6,6,NA,NA,NA,NA,2019-10-22 22:53:00,0
2019-10-22 23:00:00,WIND,600702,1,HCM,1,18974,1011,200,21,200,32,2229,6,6,6,6,6,NA,NA,NA,NA,2019-10-22 22:54:00,0
2019-10-23 00:00:00,WIND,600702,1,HCM,1,18974,1011,200,21,200,32,2308,6,6,6,6,6,NA,NA,NA,NA,2019-10-22 23:56:00,0
2019-10-23 01:00:00,WIND,600702,1,HCM,1,18974,1011,200,19,200,30,46,6,6,6,6,6,NA,NA,NA,NA,2019-10-23 00:51:00,0
2019-10-23 02:00:00,WIND,600702,1,HCM,1,18974,1011,200,20,190,29,148,6,6,6,6,6,NA,NA,NA,NA,2019-10-23 01:56:00,0
2019-10-23 03:00:00,WIND,600702,1,HCM,1,18974,1011,190,19,180,28,220,6,6,6,6,6,NA,NA,NA,NA,2019-10-23 02:51:00,0
2019-10-23 04:00:00,WIND,600702,1,HCM,1,18974,1011,190,20,180,29,349,6,6,6,6,6,NA,NA,NA,NA,2019-10-23 03:55:00,0
2019-10-23 05:00:00,WIND,600702,1,HCM,1,18974,1011,190,21,190,31,411,6,6,6,6,6,NA,NA,NA,NA,2019-10-23 04:51:00,0
2019-10-23 06:00:00,WIND,600702,1,HCM,1,18974,1011,190,22,180,32,528,6,6,6,6,6,NA,NA,NA,NA,2019-10-23 06:04:00,0
2019-10-23 07:00:00,WIND,600702,1,HCM,1,18974,1011,180,23,180,32,620,6,6,6,6,6,NA,NA,NA,NA,2019-10-23 06:55:00,0
2019-10-23 08:00:00,WIND,600702,1,HCM,1,18974,1011,180,24,180,34,722,6,6,6,6,6,NA,NA,NA,NA,2019-10-23 08:31:00,0
2019-10-23 09:00:00,WIND,600702,1,HCM,1,18974,1011,180,25,180,34,848,6,6,6,6,6,NA,NA,NA,NA,2019-10-23 09:06:00,0
2019-10-23 10:00:00,WIND,600702,1,HCM,1,18974,1011,180,27,180,36,945,6,6,6,6,6,NA,NA,NA,NA,2019-10-23 09:51:00,0
2019-10-23 11:00:00,WIND,600702,1,HCM,1,18974,1011,180,28,180,38,1041,6,6,6,6,6,NA,NA,NA,NA,2019-10-23 10:51:00,0
2019-10-23 12:00:00,WIND,600702,1,HCM,1,18974,1011,180,27,170,36,1112,6,6,6,6,6,NA,NA,NA,NA,2019-10-23 11:56:00,0
2019-10-23 13:00:00,WIND,600702,1,HCM,1,18974,1011,180,27,180,37,1200,6,6,6,6,6,NA,NA,NA,NA,2019-10-23 12:53:00,0
2019-10-23 14:00:00,WIND,600702,1,HCM,1,18974,1011,180,26,180,36,1256,6,6,6,6,6,NA,NA,NA,NA,2019-10-23 14:13:00,0
2019-10-23 15:00:00,WIND,600702,1,HCM,1,18974,1011,180,26,180,37,1426,6,6,6,6,6,NA,NA,NA,NA,2019-10-23 14:51:00,0
2019-10-23 16:00:00,WIND,600702,1,HCM,1,18974,1011,180,27,180,37,1549,6,6,6,6,6,NA,NA,NA,NA,2019-10-23 15:51:00,0
2019-10-23 17:00:00,WIND,600702,1,HCM,1,18974,1011,180,29,180,39,1638,6,6,6,6,6,NA,NA,NA,NA,2019-10-23 16:51:00,0
2019-10-23 18:00:00,WIND,600702,1,HCM,1,18974,1011,180,29,180,40,1726,6,6,6,6,6,NA,NA,NA,NA,2019-10-23 17:51:00,0
2019-10-23 19:00:00,WIND,600702,1,HCM,1,18974,1011,190,26,190,36,1827,6,6,6,6,6,NA,NA,NA,NA,2019-10-23 18:51:00,0
2019-10-23 20:00:00,WIND,600702,1,HCM,1,18974,1011,190,24,180,35,1923,6,6,6,6,6,NA,NA,NA,NA,2019-10-23 19:51:00,0
2019-10-23 21:00:00,WIND,600702,1,HCM,1,18974,1011,210,17,200,31,1955,6,6,6,6,6,NA,NA,NA,NA,2019-10-23 20:55:00,0
2019-10-23 22:00:00,WIND,600702,1,HCM,1,18974,1011,210,15,210,22,2110,6,6,6,6,6,NA,NA,NA,NA,2019-10-23 21:51:00,0
2019-10-23 23:00:00,WIND,600702,1,HCM,1,18974,1011,210,16,210,25,2233,6,6,6,6,6,NA,NA,NA,NA,2019-10-23 22:51:00,0
2019-10-24 00:00:00,WIND,600702,1,HCM,1,18974,1011,210,16,210,24,2259,6,6,6,6,6,NA,NA,NA,NA,2019-10-24 00:10:00,0
2019-10-24 01:00:00,WIND,600702,1,HCM,1,18974,1011,220,17,220,27,36,6,6,6,6,6,NA,NA,NA,NA,2019-10-24 01:06:00,0
2019-10-24 02:00:00,WIND,600702,1,HCM,1,18974,1011,220,16,210,24,144,6,6,6,6,6,NA,NA,NA,NA,2019-10-24 01:51:00,0
2019-10-24 03:00:00,WIND,600702,1,HCM,1,18974,1011,210,16,220,24,231,6,6,6,6,6,NA,NA,NA,NA,2019-10-24 02:51:00,0
2019-10-24 04:00:00,WIND,600702,1,HCM,1,18974,1011,210,18,210,27,333,6,6,6,6,6,NA,NA,NA,NA,2019-10-24 03:53:00,0
2019-10-24 05:00:00,WIND,600702,1,HCM,1,18974,1011,210,17,200,25,353,6,6,6,6,6,NA,NA,NA,NA,2019-10-24 04:51:00,0
2019-10-24 06:00:00,WIND,600702,1,HCM,1,18974,1011,210,18,220,29,527,6,6,6,6,6,NA,NA,NA,NA,2019-10-24 07:32:00,0
2019-10-24 07:00:00,WIND,600702,1,HCM,1,18974,1011,220,19,220,28,625,6,6,6,6,6,NA,NA,NA,NA,2019-10-24 07:34:00,0
2019-10-24 08:00:00,WIND,600702,1,HCM,1,18974,1011,250,17,250,24,735,6,6,6,6,6,NA,NA,NA,NA,2019-10-24 07:51:00,0
2019-10-24 09:00:00,WIND,600702,1,HCM,1,18974,1011,270,14,260,22,755,6,6,6,6,6,NA,NA,NA,NA,2019-10-24 09:00:00,0
2019-10-24 10:00:00,WIND,600702,1,HCM,1,18974,1011,290,15,290,22,909,6,6,6,6,6,NA,NA,NA,NA,2019-10-24 09:55:00,0
2019-10-24 11:00:00,WIND,600702,1,HCM,1,18974,1011,300,16,290,25,1010,6,6,6,6,6,NA,NA,NA,NA,2019-10-24 10:51:00,0
2019-10-24 12:00:00,WIND,600702,1,HCM,1,18974,1011,300,16,300,23,1146,6,6,6,6,6,NA,NA,NA,NA,2019-10-24 11:51:00,0
2019-10-24 13:00:00,WIND,600702,1,HCM,1,18974,1011,310,15,310,23,1158,6,6,6,6,6,NA,NA,NA,NA,2019-10-24 12:53:00,0
2019-10-24 14:00:00,WIND,600702,1,HCM,1,18974,1011,310,13,310,20,1252,6,6,6,6,6,NA,NA,NA,NA,2019-10-24 13:53:00,0
2019-10-24 15:00:00,WIND,600702,1,HCM,1,18974,1011,310,12,310,20,1431,6,6,6,6,6,NA,NA,NA,NA,2019-10-24 14:51:00,0
2019-10-24 16:00:00,WIND,600702,1,HCM,1,18974,1011,300,11,310,16,1535,6,6,6,6,6,NA,NA,NA,NA,2019-10-24 15:52:00,0
2019-10-24 17:00:00,WIND,600702,1,HCM,1,18974,1011,300,12,300,24,1621,6,6,6,6,6,NA,NA,NA,NA,2019-10-24 16:51:00,0
2019-10-24 18:00:00,WIND,600702,1,HCM,1,18974,1011,300,14,300,25,1723,6,6,6,6,6,NA,NA,NA,NA,2019-10-24 17:51:00,0
2019-10-24 19:00:00,WIND,600702,1,HCM,1,18974,1011,300,13,300,23,1802,6,6,6,6,6,NA,NA,NA,NA,2019-10-24 18:51:00,0
2019-10-24 20:00:00,WIND,600702,1,HCM,1,18974,1011,290,14,300,22,1851,6,6,6,6,6,NA,NA,NA,NA,2019-10-24 19:52:00,0
2019-10-24 21:00:00,WIND,600702,1,HCM,1,18974,1011,280,14,290,24,1954,6,6,6,6,6,NA,NA,NA,NA,2019-10-24 20:55:00,0
2019-10-24 22:00:00,WIND,600702,1,HCM,1,18974,1011,280,13,290,23,2123,6,6,6,6,6,NA,NA,NA,NA,2019-10-24 21:51:00,0
2019-10-24 23:00:00,WIND,600702,1,HCM,1,18974,1011,280,11,260,19,2209,6,6,6,6,6,NA,NA,NA,NA,2019-10-24 23:22:00,0
2019-10-25 00:00:00,WIND,600702,1,HCM,1,18974,1011,270,11,260,18,2343,6,6,6,6,6,NA,NA,NA,NA,2019-10-24 23:53:00,0
2019-10-25 01:00:00,WIND,600702,1,HCM,1,18974,1011,270,15,280,30,47,6,6,6,6,6,NA,NA,NA,NA,2019-10-25 01:09:00,0
2019-10-25 02:00:00,WIND,600702,1,HCM,1,18974,1011,260,14,230,26,147,6,6,6,6,6,NA,NA,NA,NA,2019-10-25 01:52:00,0
2019-10-25 03:00:00,WIND,600702,1,HCM,1,18974,1011,250,16,260,26,239,6,6,6,6,6,NA,NA,NA,NA,2019-10-25 02:52:00,0
2019-10-25 04:00:00,WIND,600702,1,HCM,1,18974,1011,260,21,270,32,310,6,6,6,6,6,NA,NA,NA,NA,2019-10-25 03:51:00,0
2019-10-25 05:00:00,WIND,600702,1,HCM,1,18974,1011,250,19,260,31,431,6,6,6,6,6,NA,NA,NA,NA,2019-10-25 04:52:00,0
2019-10-25 06:00:00,WIND,600702,1,HCM,1,18974,1011,250,20,260,30,458,6,6,6,6,6,NA,NA,NA,NA,2019-10-25 07:35:00,0
2019-10-25 07:00:00,WIND,600702,1,HCM,1,18974,1011,250,18,250,28,616,6,6,6,6,6,NA,NA,NA,NA,2019-10-25 07:36:00,0
2019-10-25 08:00:00,WIND,600702,1,HCM,1,18974,1011,250,17,240,29,729,6,6,6,6,6,NA,NA,NA,NA,2019-10-25 07:51:00,0
2019-10-25 09:00:00,WIND,600702,1,HCM,1,18974,1011,250,16,250,25,818,6,6,6,6,6,NA,NA,NA,NA,2019-10-25 08:58:00,0
2019-10-25 10:00:00,WIND,600702,1,HCM,1,18974,1011,240,15,240,33,943,6,6,6,6,6,NA,NA,NA,NA,2019-10-25 09:51:00,0
2019-10-25 11:00:00,WIND,600702,1,HCM,1,18974,1011,250,16,250,25,1028,6,6,6,6,6,NA,NA,NA,NA,2019-10-25 10:58:00,0
2019-10-25 12:00:00,WIND,600702,1,HCM,1,18974,1011,250,16,260,24,1109,6,6,6,6,6,NA,NA,NA,NA,2019-10-25 11:51:00,0
2019-10-25 13:00:00,WIND,600702,1,HCM,1,18974,1011,250,15,250,22,1207,6,6,6,6,6,NA,NA,NA,NA,2019-10-25 12:51:00,0
2019-10-25 14:00:00,WIND,600702,1,HCM,1,18974,1011,250,14,240,20,1255,6,6,6,6,6,NA,NA,NA,NA,2019-10-25 13:51:00,0
2019-10-25 15:00:00,WIND,600702,1,HCM,1,18974,1011,250,13,260,21,1426,6,6,6,6,6,NA,NA,NA,NA,2019-10-25 14:51:00,0
2019-10-25 16:00:00,WIND,600702,1,HCM,1,18974,1011,260,12,250,19,1500,6,6,6,6,6,NA,NA,NA,NA,2019-10-25 15:51:00,0
2019-10-25 17:00:00,WIND,600702,1,HCM,1,18974,1011,260,11,260,18,1557,6,6,6,6,6,NA,NA,NA,NA,2019-10-25 16:51:00,0
2019-10-25 18:00:00,WIND,600702,1,HCM,1,18974,1011,250,10,240,18,1727,6,6,6,6,6,NA,NA,NA,NA,2019-10-25 17:54:00,0
2019-10-25 19:00:00,WIND,600702,1,HCM,1,18974,1011,250,11,290,18,1805,6,6,6,6,6,NA,NA,NA,NA,2019-10-25 18:51:00,0
2019-10-25 20:00:00,WIND,600702,1,HCM,1,18974,1011,260,12,260,26,1908,6,6,6,6,6,NA,NA,NA,NA,2019-10-25 19:51:00,0
2019-10-25 21:00:00,WIND,600702,1,HCM,1,18974,1011,260,14,270,28,2042,6,6,6,6,6,NA,NA,NA,NA,2019-10-25 20:54:00,0
2019-10-25 22:00:00,WIND,600702,1,HCM,1,18974,1011,260,11,270,23,2147,6,6,6,6,6,NA,NA,NA,NA,2019-10-25 21:51:00,0
2019-10-25 23:00:00,WIND,600702,1,HCM,1,18974,1011,260,14,260,26,2224,6,6,6,6,6,NA,NA,NA,NA,2019-10-25 22:51:00,0
2019-10-26 00:00:00,WIND,600702,1,HCM,1,18974,1011,260,13,260,22,2340,6,6,6,6,6,NA,NA,NA,NA,2019-10-25 23:51:00,0
2019-10-26 01:00:00,WIND,600702,1,HCM,1,18974,1011,250,14,260,28,2,6,6,6,6,6,NA,NA,NA,NA,2019-10-26 00:51:00,0
2019-10-26 02:00:00,WIND,600702,1,HCM,1,18974,1011,260,13,290,23,141,6,6,6,6,6,NA,NA,NA,NA,2019-10-26 01:51:00,0
2019-10-26 03:00:00,WIND,600702,1,HCM,1,18974,1011,260,14,260,24,224,6,6,6,6,6,NA,NA,NA,NA,2019-10-26 02:51:00,0
2019-10-26 04:00:00,WIND,600702,1,HCM,1,18974,1011,250,13,270,23,340,6,6,6,6,6,NA,NA,NA,NA,2019-10-26 03:51:00,0
2019-10-26 05:00:00,WIND,600702,1,HCM,1,18974,1011,270,16,280,24,434,6,6,6,6,6,NA,NA,NA,NA,2019-10-26 04:51:00,0
2019-10-26 06:00:00,WIND,600702,1,HCM,1,18974,1011,270,15,280,23,526,6,6,6,6,6,NA,NA,NA,NA,2019-10-26 05:51:00,0
2019-10-26 07:00:00,WIND,600702,1,HCM,1,18974,1011,270,14,290,28,620,6,6,6,6,6,NA,NA,NA,NA,2019-10-26 06:51:00,0
2019-10-26 08:00:00,WIND,600702,1,HCM,1,18974,1011,260,14,260,22,731,6,6,6,6,6,NA,NA,NA,NA,2019-10-26 07:51:00,0
2019-10-26 09:00:00,WIND,600702,1,HCM,1,18974,1011,260,15,270,24,835,6,6,6,6,6,NA,NA,NA,NA,2019-10-26 08:54:00,0
2019-10-26 10:00:00,WIND,600702,1,HCM,1,18974,1011,260,16,250,28,939,6,6,6,6,6,NA,NA,NA,NA,2019-10-26 11:35:00,0
2019-10-26 11:00:00,WIND,600702,1,HCM,1,18974,1011,260,18,250,27,950,6,6,6,6,6,NA,NA,NA,NA,2019-10-26 11:36:00,0
2019-10-26 12:00:00,WIND,600702,1,HCM,1,18974,1011,260,19,270,29,1118,6,6,6,6,6,NA,NA,NA,NA,2019-10-26 11:51:00,0
2019-10-26 13:00:00,WIND,600702,1,HCM,1,18974,1011,260,19,270,27,1150,6,6,6,6,6,NA,NA,NA,NA,2019-10-26 12:51:00,0
2019-10-26 14:00:00,WIND,600702,1,HCM,1,18974,1011,270,17,270,27,1303,6,6,6,6,6,NA,NA,NA,NA,2019-10-26 13:51:00,0
2019-10-26 15:00:00,WIND,600702,1,HCM,1,18974,1011,270,19,270,29,1408,6,6,6,6,6,NA,NA,NA,NA,2019-10-26 14:51:00,0
2019-10-26 16:00:00,WIND,600702,1,HCM,1,18974,1011,290,16,260,31,1508,6,6,6,6,6,NA,NA,NA,NA,2019-10-26 15:52:00,0
2019-10-26 17:00:00,WIND,600702,1,HCM,1,18974,1011,280,16,250,32,1558,6,6,6,6,6,NA,NA,NA,NA,2019-10-26 16:51:00,0
2019-10-26 18:00:00,WIND,600702,1,HCM,1,18974,1011,280,19,280,31,1652,6,6,6,6,6,NA,NA,NA,NA,2019-10-26 17:51:00,0
2019-10-26 19:00:00,WIND,600702,1,HCM,1,18974,1011,290,19,280,34,1804,6,6,6,6,6,NA,NA,NA,NA,2019-10-26 18:51:00,0
2019-10-26 20:00:00,WIND,600702,1,HCM,1,18974,1011,290,20,300,32,1934,6,6,6,6,6,NA,NA,NA,NA,2019-10-26 19:51:00,0
2019-10-26 21:00:00,WIND,600702,1,HCM,1,18974,1011,300,22,300,34,2046,6,6,6,6,6,NA,NA,NA,NA,2019-10-26 20:55:00,0
2019-10-26 22:00:00,WIND,600702,1,HCM,1,18974,1011,300,22,310,36,2125,6,6,6,6,6,NA,NA,NA,NA,2019-10-26 21:51:00,0
2019-10-26 23:00:00,WIND,600702,1,HCM,1,18974,1011,300,21,290,30,2235,6,6,6,6,6,NA,NA,NA,NA,2019-10-26 22:51:00,0
2019-10-27 00:00:00,WIND,600702,1,HCM,1,18974,1011,300,21,300,30,2328,6,6,6,6,6,NA,NA,NA,NA,2019-10-26 23:51:00,0
2019-10-27 01:00:00,WIND,600702,1,HCM,1,18974,1011,290,20,290,30,31,6,6,6,6,6,NA,NA,NA,NA,2019-10-27 00:51:00,0
2019-10-27 02:00:00,WIND,600702,1,HCM,1,18974,1011,300,21,300,32,122,6,6,6,6,6,NA,NA,NA,NA,2019-10-27 01:51:00,0
2019-10-27 03:00:00,WIND,600702,1,HCM,1,18974,1011,290,20,290,29,212,6,6,6,6,6,NA,NA,NA,NA,2019-10-27 02:51:00,0
2019-10-27 04:00:00,WIND,600702,1,HCM,1,18974,1011,300,18,280,26,304,6,6,6,6,6,NA,NA,NA,NA,2019-10-27 03:51:00,0
2019-10-27 05:00:00,WIND,600702,1,HCM,1,18974,1011,290,22,310,39,435,6,6,6,6,6,NA,NA,NA,NA,2019-10-27 04:51:00,0
2019-10-27 06:00:00,WIND,600702,1,HCM,1,18974,1011,290,23,290,35,530,6,6,6,6,6,NA,NA,NA,NA,2019-10-27 05:51:00,0
2019-10-27 07:00:00,WIND,600702,1,HCM,1,18974,1011,300,21,290,35,550,6,6,6,6,6,NA,NA,NA,NA,2019-10-27 06:51:00,0
2019-10-27 08:00:00,WIND,600702,1,HCM,1,18974,1011,320,20,310,33,716,6,6,6,6,6,NA,NA,NA,NA,2019-10-27 07:51:00,0
2019-10-27 09:00:00,WIND,600702,1,HCM,1,18974,1011,320,16,330,24,807,6,6,6,6,6,NA,NA,NA,NA,2019-10-27 09:04:00,0
2019-10-27 10:00:00,WIND,600702,1,HCM,1,18974,1011,320,17,340,31,936,6,6,6,6,6,NA,NA,NA,NA,2019-10-27 09:51:00,0
2019-10-27 11:00:00,WIND,600702,1,HCM,1,18974,1011,320,14,320,27,1037,6,6,6,6,6,NA,NA,NA,NA,2019-10-27 10:52:00,0
2019-10-27 12:00:00,WIND,600702,1,HCM,1,18974,1011,320,16,340,24,1142,6,6,6,6,6,NA,NA,NA,NA,2019-10-27 11:51:00,0
2019-10-27 13:00:00,WIND,600702,1,HCM,1,18974,1011,320,15,310,23,1159,6,6,6,6,6,NA,NA,NA,NA,2019-10-27 12:55:00,0
2019-10-27 14:00:00,WIND,600702,1,HCM,1,18974,1011,330,15,330,27,1308,6,6,6,6,6,NA,NA,NA,NA,2019-10-27 13:51:00,0
2019-10-27 15:00:00,WIND,600702,1,HCM,1,18974,1011,330,14,320,25,1417,6,6,6,6,6,NA,NA,NA,NA,2019-10-27 14:51:00,0
2019-10-27 16:00:00,WIND,600702,1,HCM,1,18974,1011,320,13,310,19,1534,6,6,6,6,6,NA,NA,NA,NA,2019-10-27 15:51:00,0
2019-10-27 17:00:00,WIND,600702,1,HCM,1,18974,1011,330,15,330,23,1552,6,6,6,6,6,NA,NA,NA,NA,2019-10-27 16:51:00,0
2019-10-27 18:00:00,WIND,600702,1,HCM,1,18974,1011,330,15,340,23,1655,6,6,6,6,6,NA,NA,NA,NA,2019-10-27 17:52:00,0
2019-10-27 19:00:00,WIND,600702,1,HCM,1,18974,1011,340,14,330,20,1759,6,6,6,6,6,NA,NA,NA,NA,2019-10-27 18:51:00,0
2019-10-27 20:00:00,WIND,600702,1,HCM,1,18974,1011,340,13,350,19,1904,6,6,6,6,6,NA,NA,NA,NA,2019-10-27 19:53:00,0
2019-10-27 21:00:00,WIND,600702,1,HCM,1,18974,1011,340,13,330,22,2045,6,6,6,6,6,NA,NA,NA,NA,2019-10-27 20:53:00,0
2019-10-27 22:00:00,WIND,600702,1,HCM,1,18974,1011,350,13,350,20,2129,6,6,6,6,6,NA,NA,NA,NA,2019-10-27 21:58:00,0
2019-10-27 23:00:00,WIND,600702,1,HCM,1,18974,1011,360,12,10,18,2150,6,6,6,6,6,NA,NA,NA,NA,2019-10-27 22:51:00,0
2019-10-28 00:00:00,WIND,600702,1,HCM,1,18974,1011,20,10,20,16,2254,6,6,6,6,6,NA,NA,NA,NA,2019-10-27 23:51:00,0
2019-10-28 01:00:00,WIND,600702,1,HCM,1,18974,1011,10,11,10,17,11,6,6,6,6,6,NA,NA,NA,NA,2019-10-28 00:51:00,0
2019-10-28 02:00:00,WIND,600702,1,HCM,1,18974,1011,350,11,350,20,107,6,6,6,6,6,NA,NA,NA,NA,2019-10-28 01:51:00,0
2019-10-28 03:00:00,WIND,600702,1,HCM,1,18974,1011,10,12,10,17,155,6,6,6,6,6,NA,NA,NA,NA,2019-10-28 02:51:00,0
2019-10-28 04:00:00,WIND,600702,1,HCM,1,18974,1011,360,9,350,13,332,6,6,6,6,6,NA,NA,NA,NA,2019-10-28 04:09:00,0
2019-10-28 05:00:00,WIND,600702,1,HCM,1,18974,1011,350,10,360,18,437,6,6,6,6,6,NA,NA,NA,NA,2019-10-28 04:53:00,0
2019-10-28 06:00:00,WIND,600702,1,HCM,1,18974,1011,350,13,350,19,542,6,6,6,6,6,NA,NA,NA,NA,2019-10-28 05:52:00,0
2019-10-28 07:00:00,WIND,600702,1,HCM,1,18974,1011,350,14,340,22,614,6,6,6,6,6,NA,NA,NA,NA,2019-10-28 06:51:00,0
2019-10-28 08:00:00,WIND,600702,1,HCM,1,18974,1011,360,13,340,20,749,6,6,6,6,6,NA,NA,NA,NA,2019-10-28 07:51:00,0
2019-10-28 09:00:00,WIND,600702,1,HCM,1,18974,1011,360,10,350,21,750,6,6,6,6,6,NA,NA,NA,NA,2019-10-28 08:55:00,0
2019-10-28 10:00:00,WIND,600702,1,HCM,1,18974,1011,20,10,20,17,928,6,6,6,6,6,NA,NA,NA,NA,2019-10-28 09:51:00,0
2019-10-28 11:00:00,WIND,600702,1,HCM,1,18974,1011,360,10,360,16,1002,6,6,6,6,6,NA,NA,NA,NA,2019-10-28 10:51:00,0
2019-10-28 12:00:00,WIND,600702,1,HCM,1,18974,1011,10,11,10,16,1056,6,6,6,6,6,NA,NA,NA,NA,2019-10-28 11:51:00,0
2019-10-28 13:00:00,WIND,600702,1,HCM,1,18974,1011,10,12,20,16,1228,6,6,6,6,6,NA,NA,NA,NA,2019-10-28 12:51:00,0
2019-10-28 14:00:00,WIND,600702,1,HCM,1,18974,1011,360,12,350,17,1305,6,6,6,6,6,NA,NA,NA,NA,2019-10-28 13:51:00,0
2019-10-28 15:00:00,WIND,600702,1,HCM,1,18974,1011,20,11,20,16,1418,6,6,6,6,6,NA,NA,NA,NA,2019-10-28 14:51:00,0
2019-10-28 16:00:00,WIND,600702,1,HCM,1,18974,1011,30,10,30,16,1459,6,6,6,6,6,NA,NA,NA,NA,2019-10-28 15:51:00,0
2019-10-28 17:00:00,WIND,600702,1,HCM,1,18974,1011,50,6,30,12,1607,6,6,6,6,6,NA,NA,NA,NA,2019-10-28 16:51:00,0
2019-10-28 18:00:00,WIND,600702,1,HCM,1,18974,1011,30,10,60,18,1749,6,6,6,6,6,NA,NA,NA,NA,2019-10-28 17:51:00,0
2019-10-28 19:00:00,WIND,600702,1,HCM,1,18974,1011,60,9,70,19,1750,6,6,6,6,6,NA,NA,NA,NA,2019-10-28 18:51:00,0
2019-10-28 20:00:00,WIND,600702,1,HCM,1,18974,1011,50,8,60,13,1921,6,6,6,6,6,NA,NA,NA,NA,2019-10-28 19:51:00,0
2019-10-28 21:00:00,WIND,600702,1,HCM,1,18974,1011,40,8,30,13,1956,6,6,6,6,6,NA,NA,NA,NA,2019-10-28 20:54:00,0
2019-10-28 22:00:00,WIND,600702,1,HCM,1,18974,1011,60,7,60,10,2115,6,6,6,6,6,NA,NA,NA,NA,2019-10-28 21:51:00,0
2019-10-28 23:00:00,WIND,600702,1,HCM,1,18974,1011,50,8,70,11,2243,6,6,6,6,6,NA,NA,NA,NA,2019-10-28 22:51:00,0
2019-10-29 00:00:00,WIND,600702,1,HCM,1,18974,1011,80,9,80,13,2332,6,6,6,6,6,NA,NA,NA,NA,2019-10-28 23:51:00,0
2019-10-29 01:00:00,WIND,600702,1,HCM,1,18974,1011,80,9,80,13,32,6,6,6,6,6,NA,NA,NA,NA,2019-10-29 00:51:00,0
2019-10-29 02:00:00,WIND,600702,1,HCM,1,18974,1011,80,8,80,12,52,6,6,6,6,6,NA,NA,NA,NA,2019-10-29 01:51:00,0
2019-10-29 03:00:00,WIND,600702,1,HCM,1,18974,1011,50,6,60,9,239,6,6,6,6,6,NA,NA,NA,NA,2019-10-29 02:51:00,0
2019-10-29 04:00:00,WIND,600702,1,HCM,1,18974,1011,50,8,50,10,309,6,6,6,6,6,NA,NA,NA,NA,2019-10-29 03:51:00,0
2019-10-29 05:00:00,WIND,600702,1,HCM,1,18974,1011,50,7,60,9,406,6,6,6,6,6,NA,NA,NA,NA,2019-10-29 04:51:00,0
2019-10-29 06:00:00,WIND,600702,1,HCM,1,18974,1011,50,7,50,10,548,6,6,6,6,6,NA,NA,NA,NA,2019-10-29 05:51:00,0
2019-10-29 07:00:00,WIND,600702,1,HCM,1,18974,1011,60,9,60,11,642,6,6,6,6,6,NA,NA,NA,NA,2019-10-29 06:51:00,0
2019-10-29 08:00:00,WIND,600702,1,HCM,1,18974,1011,60,8,60,12,703,6,6,6,6,6,NA,NA,NA,NA,2019-10-29 07:51:00,0
2019-10-29 09:00:00,WIND,600702,1,HCM,1,18974,1011,70,8,70,14,759,6,6,6,6,6,NA,NA,NA,NA,2019-10-29 08:53:00,0
2019-10-29 10:00:00,WIND,600702,1,HCM,1,18974,1011,70,6,70,11,935,6,6,6,6,6,NA,NA,NA,NA,2019-10-29 09:51:00,0
2019-10-29 11:00:00,WIND,600702,1,HCM,1,18974,1011,100,8,90,12,1049,6,6,6,6,6,NA,NA,NA,NA,2019-10-29 10:51:00,0
2019-10-29 12:00:00,WIND,600702,1,HCM,1,18974,1011,100,8,90,12,1050,6,6,6,6,6,NA,NA,NA,NA,2019-10-29 11:51:00,0
2019-10-29 13:00:00,WIND,600702,1,HCM,1,18974,1011,80,7,90,12,1209,6,6,6,6,6,NA,NA,NA,NA,2019-10-29 12:51:00,0
2019-10-29 14:00:00,WIND,600702,1,HCM,1,18974,1011,80,9,70,13,1323,6,6,6,6,6,NA,NA,NA,NA,2019-10-29 13:51:00,0
2019-10-29 15:00:00,WIND,600702,1,HCM,1,18974,1011,80,8,80,12,1356,6,6,6,6,6,NA,NA,NA,NA,2019-10-29 14:51:00,0
2019-10-29 16:00:00,WIND,600702,1,HCM,1,18974,1011,70,6,70,10,1503,6,6,6,6,6,NA,NA,NA,NA,2019-10-29 15:51:00,0
2019-10-29 17:00:00,WIND,600702,1,HCM,1,18974,1011,100,6,110,8,1607,6,6,6,6,6,NA,NA,NA,NA,2019-10-29 16:51:00,0
2019-10-29 18:00:00,WIND,600702,1,HCM,1,18974,1011,80,6,80,9,1735,6,6,6,6,6,NA,NA,NA,NA,2019-10-29 17:51:00,0
2019-10-29 19:00:00,WIND,600702,1,HCM,1,18974,1011,80,6,70,9,1838,6,6,6,6,6,NA,NA,NA,NA,2019-10-29 18:51:00,0
2019-10-29 20:00:00,WIND,600702,1,HCM,1,18974,1011,70,7,80,11,1937,6,6,6,6,6,NA,NA,NA,NA,2019-10-29 19:51:00,0
2019-10-29 21:00:00,WIND,600702,1,HCM,1,18974,1011,70,7,80,9,2005,6,6,6,6,6,NA,NA,NA,NA,2019-10-29 20:55:00,0
2019-10-29 22:00:00,WIND,600702,1,HCM,1,18974,1011,80,7,100,12,2143,6,6,6,6,6,NA,NA,NA,NA,2019-10-29 21:53:00,0
2019-10-29 23:00:00,WIND,600702,1,HCM,1,18974,1011,100,10,90,13,2243,6,6,6,6,6,NA,NA,NA,NA,2019-10-29 22:51:00,0
2019-10-30 00:00:00,WIND,600702,1,HCM,1,18974,1011,100,12,100,16,2314,6,6,6,6,6,NA,NA,NA,NA,2019-10-29 23:51:00,0
2019-10-30 01:00:00,WIND,600702,1,HCM,1,18974,1011,110,13,120,18,45,6,6,6,6,6,NA,NA,NA,NA,2019-10-30 00:51:00,0
2019-10-30 02:00:00,WIND,600702,1,HCM,1,18974,1011,110,12,120,19,52,6,6,6,6,6,NA,NA,NA,NA,2019-10-30 01:51:00,0
2019-10-30 03:00:00,WIND,600702,1,HCM,1,18974,1011,110,13,120,19,159,6,6,6,6,6,NA,NA,NA,NA,2019-10-30 02:51:00,0
2019-10-30 04:00:00,WIND,600702,1,HCM,1,18974,1011,110,13,110,18,313,6,6,6,6,6,NA,NA,NA,NA,2019-10-30 03:51:00,0
2019-10-30 05:00:00,WIND,600702,1,HCM,1,18974,1011,110,13,110,17,445,6,6,6,6,6,NA,NA,NA,NA,2019-10-30 06:15:00,0
2019-10-30 06:00:00,WIND,600702,1,HCM,1,18974,1011,120,14,130,21,543,6,6,6,6,6,NA,NA,NA,NA,2019-10-30 06:24:00,0
2019-10-30 07:00:00,WIND,600702,1,HCM,1,18974,1011,110,15,120,22,552,6,6,6,6,6,NA,NA,NA,NA,2019-10-30 06:52:00,0
2019-10-30 08:00:00,WIND,600702,1,HCM,1,18974,1011,110,14,110,20,716,6,6,6,6,6,NA,NA,NA,NA,2019-10-30 07:51:00,0
2019-10-30 09:00:00,WIND,600702,1,HCM,1,18974,1011,110,16,110,23,846,6,6,6,6,6,NA,NA,NA,NA,2019-10-30 08:54:00,0
2019-10-30 10:00:00,WIND,600702,1,HCM,1,18974,1011,110,16,110,22,858,6,6,6,6,6,NA,NA,NA,NA,2019-10-30 09:51:00,0
2019-10-30 11:00:00,WIND,600702,1,HCM,1,18974,1011,110,17,110,23,1010,6,6,6,6,6,NA,NA,NA,NA,2019-10-30 10:51:00,0
2019-10-30 12:00:00,WIND,600702,1,HCM,1,18974,1011,120,16,120,22,1111,6,6,6,6,6,NA,NA,NA,NA,2019-10-30 11:51:00,0
2019-10-30 14:00:00,WIND,600702,1,HCM,1,18974,1011,130,17,120,22,1314,6,6,6,6,6,NA,NA,NA,NA,2019-10-30 13:51:00,0
2019-10-30 15:00:00,WIND,600702,1,HCM,1,18974,1011,130,16,120,22,1403,6,6,6,6,6,NA,NA,NA,NA,2019-10-30 14:51:00,0
2019-10-30 16:00:00,WIND,600702,1,HCM,1,18974,1011,130,17,130,23,1547,6,6,6,6,6,NA,NA,NA,NA,2019-10-30 15:52:00,0
2019-10-30 17:00:00,WIND,600702,1,HCM,1,18974,1011,130,16,130,22,1600,6,6,6,6,6,NA,NA,NA,NA,2019-10-30 16:51:00,0
2019-10-30 18:00:00,WIND,600702,1,HCM,1,18974,1011,130,16,130,23,1742,6,6,6,6,6,NA,NA,NA,NA,2019-10-30 17:51:00,0
2019-10-30 19:00:00,WIND,600702,1,HCM,1,18974,1011,120,17,120,23,1821,6,6,6,6,6,NA,NA,NA,NA,2019-10-30 18:51:00,0
2019-10-30 20:00:00,WIND,600702,1,HCM,1,18974,1011,120,16,130,23,1944,6,6,6,6,6,NA,NA,NA,NA,2019-10-30 19:51:00,0
2019-10-30 21:00:00,WIND,600702,1,HCM,1,18974,1011,130,18,130,24,2037,6,6,6,6,6,NA,NA,NA,NA,2019-10-30 20:55:00,0
2019-10-30 22:00:00,WIND,600702,1,HCM,1,18974,1011,130,18,120,25,2111,6,6,6,6,6,NA,NA,NA,NA,2019-10-30 21:51:00,0
2019-10-30 23:00:00,WIND,600702,1,HCM,1,18974,1011,130,19,120,26,2211,6,6,6,6,6,NA,NA,NA,NA,2019-10-30 22:51:00,0
2019-10-31 00:00:00,WIND,600702,1,HCM,1,18974,1011,130,18,130,25,2314,6,6,6,6,6,NA,NA,NA,NA,2019-10-30 23:51:00,0
2019-10-31 01:00:00,WIND,600702,1,HCM,1,18974,1011,130,18,130,26,11,6,6,6,6,6,NA,NA,NA,NA,2019-10-31 00:51:00,0
2019-10-31 02:00:00,WIND,600702,1,HCM,1,18974,1011,130,17,130,23,127,6,6,6,6,6,NA,NA,NA,NA,2019-10-31 01:51:00,0
2019-10-31 03:00:00,WIND,600702,1,HCM,1,18974,1011,130,15,130,21,216,6,6,6,6,6,NA,NA,NA,NA,2019-10-31 02:51:00,0
2019-10-31 04:00:00,WIND,600702,1,HCM,1,18974,1011,130,15,130,21,332,6,6,6,6,6,NA,NA,NA,NA,2019-10-31 03:51:00,0
2019-10-31 05:00:00,WIND,600702,1,HCM,1,18974,1011,130,15,130,21,434,6,6,6,6,6,NA,NA,NA,NA,2019-10-31 04:51:00,0
2019-10-31 06:00:00,WIND,600702,1,HCM,1,18974,1011,140,15,140,21,510,6,6,6,6,6,NA,NA,NA,NA,2019-10-31 05:51:00,0
2019-10-31 07:00:00,WIND,600702,1,HCM,1,18974,1011,140,17,140,24,640,6,6,6,6,6,NA,NA,NA,NA,2019-10-31 06:51:00,0
2019-10-31 08:00:00,WIND,600702,1,HCM,1,18974,1011,140,17,130,25,653,6,6,6,6,6,NA,NA,NA,NA,2019-10-31 07:51:00,0
2019-10-31 09:00:00,WIND,600702,1,HCM,1,18974,1011,130,19,120,27,816,6,6,6,6,6,NA,NA,NA,NA,2019-10-31 08:55:00,0
2019-10-31 10:00:00,WIND,600702,1,HCM,1,18974,1011,130,19,120,25,935,6,6,6,6,6,NA,NA,NA,NA,2019-10-31 09:51:00,0
2019-10-31 11:00:00,WIND,600702,1,HCM,1,18974,1011,130,19,140,25,1039,6,6,6,6,6,NA,NA,NA,NA,2019-10-31 10:51:00,0
2019-10-31 12:00:00,WIND,600702,1,HCM,1,18974,1011,140,20,140,27,1131,6,6,6,6,6,NA,NA,NA,NA,2019-10-31 11:51:00,0
2019-10-31 13:00:00,WIND,600702,1,HCM,1,18974,1011,130,21,140,27,1202,6,6,6,6,6,NA,NA,NA,NA,2019-10-31 12:51:00,0
2019-10-31 14:00:00,WIND,600702,1,HCM,1,18974,1011,130,19,140,26,1321,6,6,6,6,6,NA,NA,NA,NA,2019-10-31 13:51:00,0
2019-10-31 15:00:00,WIND,600702,1,HCM,1,18974,1011,140,19,130,25,1401,6,6,6,6,6,NA,NA,NA,NA,2019-10-31 14:51:00,0
2019-10-31 16:00:00,WIND,600702,1,HCM,1,18974,1011,140,19,140,26,1509,6,6,6,6,6,NA,NA,NA,NA,2019-10-31 15:51:00,0
2019-10-31 17:00:00,WIND,600702,1,HCM,1,18974,1011,140,20,140,27,1609,6,6,6,6,6,NA,NA,NA,NA,2019-10-31 16:51:00,0
2019-10-31 18:00:00,WIND,600702,1,HCM,1,18974,1011,150,20,140,26,1720,6,6,6,6,6,NA,NA,NA,NA,2019-10-31 17:51:00,0
2019-10-31 19:00:00,WIND,600702,1,HCM,1,18974,1011,140,20,140,27,1849,6,6,6,6,6,NA,NA,NA,NA,2019-10-31 18:51:00,0
2019-10-31 20:00:00,WIND,600702,1,HCM,1,18974,1011,140,21,140,28,1859,6,6,6,6,6,NA,NA,NA,NA,2019-10-31 19:51:00,0
2019-10-31 21:00:00,WIND,600702,1,HCM,1,18974,1011,140,21,140,27,2040,6,6,6,6,6,NA,NA,NA,NA,2019-10-31 20:55:00,0
2019-10-31 22:00:00,WIND,600702,1,HCM,1,18974,1011,140,22,130,27,2056,6,6,6,6,6,NA,NA,NA,NA,2019-10-31 21:51:00,0
2019-10-31 23:00:00,WIND,600702,1,HCM,1,18974,1011,130,22,130,29,2247,6,6,6,6,6,NA,NA,NA,NA,2019-10-31 22:51:00,0
2019-11-01 00:00:00,WIND,600702,1,HCM,1,18974,1011,130,21,130,28,2257,6,6,6,6,6,NA,NA,NA,NA,2019-10-31 23:52:00,0
2019-11-01 01:00:00,WIND,600702,1,HCM,1,18974,1011,130,20,130,26,16,6,6,6,6,6,NA,NA,NA,NA,2019-11-01 00:51:00,0
2019-11-01 02:00:00,WIND,600702,1,HCM,1,18974,1011,130,19,130,26,106,6,6,6,6,6,NA,NA,NA,NA,2019-11-01 01:51:00,0
2019-11-01 03:00:00,WIND,600702,1,HCM,1,18974,1011,120,18,130,24,202,6,6,6,6,6,NA,NA,NA,NA,2019-11-01 02:51:00,0
2019-11-01 04:00:00,WIND,600702,1,HCM,1,18974,1011,120,18,120,24,303,6,6,6,6,6,NA,NA,NA,NA,2019-11-01 03:51:00,0
2019-11-01 05:00:00,WIND,600702,1,HCM,1,18974,1011,110,13,120,20,358,6,6,6,6,6,NA,NA,NA,NA,2019-11-01 04:51:00,0
2019-11-01 06:00:00,WIND,600702,1,HCM,1,18974,1011,100,12,100,17,514,6,6,6,6,6,NA,NA,NA,NA,2019-11-01 05:51:00,0
2019-11-01 07:00:00,WIND,600702,1,HCM,1,18974,1011,100,10,100,15,553,6,6,6,6,6,NA,NA,NA,NA,2019-11-01 06:51:00,0
2019-11-01 08:00:00,WIND,600702,1,HCM,1,18974,1011,90,8,90,12,658,6,6,6,6,6,NA,NA,NA,NA,2019-11-01 07:52:00,0
2019-11-01 09:00:00,WIND,600702,1,HCM,1,18974,1011,70,6,70,8,756,6,6,6,6,6,NA,NA,NA,NA,2019-11-01 08:55:00,0
2019-11-01 10:00:00,WIND,600702,1,HCM,1,18974,1011,70,7,70,12,933,6,6,6,6,6,NA,NA,NA,NA,2019-11-01 09:51:00,0
2019-11-01 11:00:00,WIND,600702,1,HCM,1,18974,1011,70,11,80,15,1040,6,6,6,6,6,NA,NA,NA,NA,2019-11-01 10:51:00,0
2019-11-01 12:00:00,WIND,600702,1,HCM,1,18974,1011,80,11,90,16,1142,6,6,6,6,6,NA,NA,NA,NA,2019-11-01 11:51:00,0
2019-11-01 13:00:00,WIND,600702,1,HCM,1,18974,1011,80,12,90,16,1151,6,6,6,6,6,NA,NA,NA,NA,2019-11-01 12:51:00,0
2019-11-01 14:00:00,WIND,600702,1,HCM,1,18974,1011,80,12,80,16,1254,6,6,6,6,6,NA,NA,NA,NA,2019-11-01 13:52:00,0
2019-11-01 15:00:00,WIND,600702,1,HCM,1,18974,1011,70,11,70,14,1431,6,6,6,6,6,NA,NA,NA,NA,2019-11-01 14:52:00,0
2019-11-01 16:00:00,WIND,600702,1,HCM,1,18974,1011,70,10,70,15,1518,6,6,6,6,6,NA,NA,NA,NA,2019-11-01 15:52:00,0
2019-11-01 17:00:00,WIND,600702,1,HCM,1,18974,1011,80,11,80,15,1630,6,6,6,6,6,NA,NA,NA,NA,2019-11-01 16:51:00,0
2019-11-01 18:00:00,WIND,600702,1,HCM,1,18974,1011,80,10,90,14,1720,6,6,6,6,6,NA,NA,NA,NA,2019-11-01 17:51:00,0
2019-11-01 19:00:00,WIND,600702,1,HCM,1,18974,1011,80,10,80,13,1801,6,6,6,6,6,NA,NA,NA,NA,2019-11-01 18:51:00,0
2019-11-01 20:00:00,WIND,600702,1,HCM,1,18974,1011,80,9,80,14,1856,6,6,6,6,6,NA,NA,NA,NA,2019-11-01 19:51:00,0
2019-11-01 21:00:00,WIND,600702,1,HCM,1,18974,1011,80,9,80,13,1958,6,6,6,6,6,NA,NA,NA,NA,2019-11-01 20:54:00,0
2019-11-01 22:00:00,WIND,600702,1,HCM,1,18974,1011,80,8,80,12,2132,6,6,6,6,6,NA,NA,NA,NA,2019-11-01 21:51:00,0
2019-11-01 23:00:00,WIND,600702,1,HCM,1,18974,1011,80,7,100,11,2204,6,6,6,6,6,NA,NA,NA,NA,2019-11-01 22:51:00,0
2019-11-02 00:00:00,WIND,600702,1,HCM,1,18974,1011,70,9,70,14,2345,6,6,6,6,6,NA,NA,NA,NA,2019-11-01 23:51:00,0
2019-11-02 01:00:00,WIND,600702,1,HCM,1,18974,1011,60,10,60,14,46,6,6,6,6,6,NA,NA,NA,NA,2019-11-02 00:51:00,0
2019-11-02 02:00:00,WIND,600702,1,HCM,1,18974,1011,60,11,60,15,134,6,6,6,6,6,NA,NA,NA,NA,2019-11-02 01:51:00,0
2019-11-02 03:00:00,WIND,600702,1,HCM,1,18974,1011,60,11,50,15,245,6,6,6,6,6,NA,NA,NA,NA,2019-11-02 02:51:00,0
2019-11-02 04:00:00,WIND,600702,1,HCM,1,18974,1011,60,11,50,16,322,6,6,6,6,6,NA,NA,NA,NA,2019-11-02 03:51:00,0
2019-11-02 05:00:00,WIND,600702,1,HCM,1,18974,1011,60,12,50,17,449,6,6,6,6,6,NA,NA,NA,NA,2019-11-02 04:51:00,0
2019-11-02 06:00:00,WIND,600702,1,HCM,1,18974,1011,60,13,60,17,509,6,6,6,6,6,NA,NA,NA,NA,2019-11-02 05:51:00,0
2019-11-02 07:00:00,WIND,600702,1,HCM,1,18974,1011,60,11,60,16,556,6,6,6,6,6,NA,NA,NA,NA,2019-11-02 06:53:00,0
2019-11-02 08:00:00,WIND,600702,1,HCM,1,18974,1011,100,12,80,19,723,6,6,6,6,6,NA,NA,NA,NA,2019-11-02 07:51:00,0
2019-11-02 09:00:00,WIND,600702,1,HCM,1,18974,1011,140,13,150,18,813,6,6,6,6,6,NA,NA,NA,NA,2019-11-02 08:54:00,0
2019-11-02 10:00:00,WIND,600702,1,HCM,1,18974,1011,140,15,140,22,927,6,6,6,6,6,NA,NA,NA,NA,2019-11-02 09:51:00,0
2019-11-02 11:00:00,WIND,600702,1,HCM,1,18974,1011,140,14,140,18,1023,6,6,6,6,6,NA,NA,NA,NA,2019-11-02 10:51:00,0
2019-11-02 12:00:00,WIND,600702,1,HCM,1,18974,1011,140,14,140,18,1119,6,6,6,6,6,NA,NA,NA,NA,2019-11-02 11:51:00,0
2019-11-02 13:00:00,WIND,600702,1,HCM,1,18974,1011,150,12,160,16,1205,6,6,6,6,6,NA,NA,NA,NA,2019-11-02 12:51:00,0
2019-11-02 14:00:00,WIND,600702,1,HCM,1,18974,1011,150,10,150,15,1309,6,6,6,6,6,NA,NA,NA,NA,2019-11-02 13:51:00,0
2019-11-02 15:00:00,WIND,600702,1,HCM,1,18974,1011,140,8,130,10,1417,6,6,6,6,6,NA,NA,NA,NA,2019-11-02 14:51:00,0
2019-11-02 16:00:00,WIND,600702,1,HCM,1,18974,1011,140,6,140,10,1453,6,6,6,6,6,NA,NA,NA,NA,2019-11-02 15:51:00,0
2019-11-02 17:00:00,WIND,600702,1,HCM,1,18974,1011,90,2,120,6,1550,6,6,6,6,6,NA,NA,NA,NA,2019-11-02 16:51:00,0
2019-11-02 18:00:00,WIND,600702,1,HCM,1,18974,1011,20,2,10,4,1718,6,6,6,6,6,NA,NA,NA,NA,2019-11-02 17:51:00,0
2019-11-02 19:00:00,WIND,600702,1,HCM,1,18974,1011,10,4,10,6,1832,6,6,6,6,6,NA,NA,NA,NA,2019-11-02 18:51:00,0
2019-11-02 20:00:00,WIND,600702,1,HCM,1,18974,1011,20,5,20,6,1949,6,6,6,6,6,NA,NA,NA,NA,2019-11-02 19:51:00,0
2019-11-02 21:00:00,WIND,600702,1,HCM,1,18974,1011,10,5,10,7,2022,6,6,6,6,6,NA,NA,NA,NA,2019-11-02 20:54:00,0
2019-11-02 22:00:00,WIND,600702,1,HCM,1,18974,1011,10,4,10,6,2106,6,6,6,6,6,NA,NA,NA,NA,2019-11-02 21:51:00,0
2019-11-02 23:00:00,WIND,600702,1,HCM,1,18974,1011,360,5,350,7,2221,6,6,6,6,6,NA,NA,NA,NA,2019-11-02 22:51:00,0
2019-11-03 00:00:00,WIND,600702,1,HCM,1,18974,1011,360,5,350,8,2311,6,6,6,6,6,NA,NA,NA,NA,2019-11-02 23:51:00,0
2019-11-03 01:00:00,WIND,600702,1,HCM,1,18974,1011,40,6,40,9,21,6,6,6,6,6,NA,NA,NA,NA,2019-11-03 00:51:00,0
2019-11-03 02:00:00,WIND,600702,1,HCM,1,18974,1011,60,4,70,6,131,6,6,6,6,6,NA,NA,NA,NA,2019-11-03 01:51:00,0
2019-11-03 03:00:00,WIND,600702,1,HCM,1,18974,1011,70,4,60,8,241,6,6,6,6,6,NA,NA,NA,NA,2019-11-03 02:51:00,0
2019-11-03 04:00:00,WIND,600702,1,HCM,1,18974,1011,40,5,70,8,331,6,6,6,6,6,NA,NA,NA,NA,2019-11-03 03:51:00,0
2019-11-03 05:00:00,WIND,600702,1,HCM,1,18974,1011,60,6,70,10,408,6,6,6,6,6,NA,NA,NA,NA,2019-11-03 04:51:00,0
2019-11-03 06:00:00,WIND,600702,1,HCM,1,18974,1011,60,7,60,10,523,6,6,6,6,6,NA,NA,NA,NA,2019-11-03 05:51:00,0
2019-11-03 07:00:00,WIND,600702,1,HCM,1,18974,1011,80,6,80,12,605,6,6,6,6,6,NA,NA,NA,NA,2019-11-03 06:51:00,0
2019-11-03 08:00:00,WIND,600702,1,HCM,1,18974,1011,70,9,70,14,723,6,6,6,6,6,NA,NA,NA,NA,2019-11-03 07:51:00,0
2019-11-03 09:00:00,WIND,600702,1,HCM,1,18974,1011,70,9,70,15,836,6,6,6,6,6,NA,NA,NA,NA,2019-11-03 08:55:00,0
2019-11-03 10:00:00,WIND,600702,1,HCM,1,18974,1011,60,10,60,13,910,6,6,6,6,6,NA,NA,NA,NA,2019-11-03 09:51:00,0
2019-11-03 11:00:00,WIND,600702,1,HCM,1,18974,1011,70,14,70,21,1041,6,6,6,6,6,NA,NA,NA,NA,2019-11-03 10:51:00,0
2019-11-03 12:00:00,WIND,600702,1,HCM,1,18974,1011,70,15,70,22,1103,6,6,6,6,6,NA,NA,NA,NA,2019-11-03 11:51:00,0
2019-11-03 13:00:00,WIND,600702,1,HCM,1,18974,1011,80,17,80,23,1158,6,6,6,6,6,NA,NA,NA,NA,2019-11-03 12:51:00,0
2019-11-03 14:00:00,WIND,600702,1,HCM,1,18974,1011,70,15,80,22,1259,6,6,6,6,6,NA,NA,NA,NA,2019-11-03 13:51:00,0
2019-11-03 15:00:00,WIND,600702,1,HCM,1,18974,1011,60,14,80,19,1352,6,6,6,6,6,NA,NA,NA,NA,2019-11-03 14:51:00,0
2019-11-03 16:00:00,WIND,600702,1,HCM,1,18974,1011,60,10,70,17,1455,6,6,6,6,6,NA,NA,NA,NA,2019-11-03 15:51:00,0
2019-11-03 17:00:00,WIND,600702,1,HCM,1,18974,1011,60,10,70,16,1622,6,6,6,6,6,NA,NA,NA,NA,2019-11-03 16:51:00,0
2019-11-03 18:00:00,WIND,600702,1,HCM,1,18974,1011,70,12,70,18,1736,6,6,6,6,6,NA,NA,NA,NA,2019-11-03 17:51:00,0
2019-11-03 19:00:00,WIND,600702,1,HCM,1,18974,1011,60,10,60,15,1842,6,6,6,6,6,NA,NA,NA,NA,2019-11-03 18:51:00,0
2019-11-03 20:00:00,WIND,600702,1,HCM,1,18974,1011,60,12,60,15,1934,6,6,6,6,6,NA,NA,NA,NA,2019-11-03 19:51:00,0
2019-11-03 21:00:00,WIND,600702,1,HCM,1,18974,1011,70,12,60,17,2021,6,6,6,6,6,NA,NA,NA,NA,2019-11-03 20:54:00,0
2019-11-03 22:00:00,WIND,600702,1,HCM,1,18974,1011,60,12,60,17,2111,6,6,6,6,6,NA,NA,NA,NA,2019-11-03 21:51:00,0
2019-11-03 23:00:00,WIND,600702,1,HCM,1,18974,1011,60,12,60,18,2217,6,6,6,6,6,NA,NA,NA,NA,2019-11-03 22:51:00,0
2019-11-04 00:00:00,WIND,600702,1,HCM,1,18974,1011,60,9,60,14,2348,6,6,6,6,6,NA,NA,NA,NA,2019-11-03 23:51:00,0
2019-11-04 01:00:00,WIND,600702,1,HCM,1,18974,1011,50,10,60,13,11,6,6,6,6,6,NA,NA,NA,NA,2019-11-04 00:51:00,0
2019-11-04 02:00:00,WIND,600702,1,HCM,1,18974,1011,60,11,60,16,117,6,6,6,6,6,NA,NA,NA,NA,2019-11-04 01:52:00,0
2019-11-04 03:00:00,WIND,600702,1,HCM,1,18974,1011,60,13,80,19,239,6,6,6,6,6,NA,NA,NA,NA,2019-11-04 02:51:00,0
2019-11-04 04:00:00,WIND,600702,1,HCM,1,18974,1011,60,12,60,19,302,6,6,6,6,6,NA,NA,NA,NA,2019-11-04 03:51:00,0
2019-11-04 05:00:00,WIND,600702,1,HCM,1,18974,1011,60,12,60,17,428,6,6,6,6,6,NA,NA,NA,NA,2019-11-04 04:51:00,0
2019-11-04 06:00:00,WIND,600702,1,HCM,1,18974,1011,50,12,50,17,521,6,6,6,6,6,NA,NA,NA,NA,2019-11-04 05:51:00,0
2019-11-04 07:00:00,WIND,600702,1,HCM,1,18974,1011,60,9,70,17,649,6,6,6,6,6,NA,NA,NA,NA,2019-11-04 06:51:00,0
2019-11-04 08:00:00,WIND,600702,1,HCM,1,18974,1011,60,19,50,29,728,6,6,6,6,6,NA,NA,NA,NA,2019-11-04 07:51:00,0
2019-11-04 09:00:00,WIND,600702,1,HCM,1,18974,1011,50,18,40,25,825,6,6,6,6,6,NA,NA,NA,NA,2019-11-04 08:53:00,0
2019-11-04 10:00:00,WIND,600702,1,HCM,1,18974,1011,50,20,50,26,936,6,6,6,6,6,NA,NA,NA,NA,2019-11-04 09:51:00,0
2019-11-04 11:00:00,WIND,600702,1,HCM,1,18974,1011,50,21,40,29,1047,6,6,6,6,6,NA,NA,NA,NA,2019-11-04 10:51:00,0
2019-11-04 12:00:00,WIND,600702,1,HCM,1,18974,1011,40,22,40,30,1129,6,6,6,6,6,NA,NA,NA,NA,2019-11-04 11:51:00,0
2019-11-04 13:00:00,WIND,600702,1,HCM,1,18974,1011,40,22,50,30,1237,6,6,6,6,6,NA,NA,NA,NA,2019-11-04 12:51:00,0
2019-11-04 14:00:00,WIND,600702,1,HCM,1,18974,1011,50,20,50,29,1307,6,6,6,6,6,NA,NA,NA,NA,2019-11-04 13:51:00,0
2019-11-04 15:00:00,WIND,600702,1,HCM,1,18974,1011,50,21,50,30,1433,6,6,6,6,6,NA,NA,NA,NA,2019-11-04 14:51:00,0
2019-11-04 16:00:00,WIND,600702,1,HCM,1,18974,1011,50,21,40,29,1535,6,6,6,6,6,NA,NA,NA,NA,2019-11-04 15:52:00,0
2019-11-04 17:00:00,WIND,600702,1,HCM,1,18974,1011,50,22,50,29,1615,6,6,6,6,6,NA,NA,NA,NA,2019-11-04 16:52:00,0
2019-11-04 18:00:00,WIND,600702,1,HCM,1,18974,1011,50,20,50,27,1716,6,6,6,6,6,NA,NA,NA,NA,2019-11-04 17:51:00,0
2019-11-04 19:00:00,WIND,600702,1,HCM,1,18974,1011,50,20,40,27,1817,6,6,6,6,6,NA,NA,NA,NA,2019-11-04 18:51:00,0
2019-11-04 20:00:00,WIND,600702,1,HCM,1,18974,1011,40,20,50,29,1922,6,6,6,6,6,NA,NA,NA,NA,2019-11-04 19:51:00,0
2019-11-04 21:00:00,WIND,600702,1,HCM,1,18974,1011,40,19,40,26,2029,6,6,6,6,6,NA,NA,NA,NA,2019-11-04 20:54:00,0
2019-11-04 22:00:00,WIND,600702,1,HCM,1,18974,1011,40,16,40,24,2055,6,6,6,6,6,NA,NA,NA,NA,2019-11-04 21:51:00,0
2019-11-04 23:00:00,WIND,600702,1,HCM,1,18974,1011,40,14,30,21,2154,6,6,6,6,6,NA,NA,NA,NA,2019-11-04 22:51:00,0
2019-11-05 00:00:00,WIND,600702,1,HCM,1,18974,1011,40,16,30,24,2346,6,6,6,6,6,NA,NA,NA,NA,2019-11-04 23:51:00,0
2019-11-05 01:00:00,WIND,600702,1,HCM,1,18974,1011,40,17,50,23,23,6,6,6,6,6,NA,NA,NA,NA,2019-11-05 00:51:00,0
2019-11-05 02:00:00,WIND,600702,1,HCM,1,18974,1011,40,14,20,21,104,6,6,6,6,6,NA,NA,NA,NA,2019-11-05 01:52:00,0
2019-11-05 03:00:00,WIND,600702,1,HCM,1,18974,1011,50,12,30,19,201,6,6,6,6,6,NA,NA,NA,NA,2019-11-05 02:52:00,0
2019-11-05 04:00:00,WIND,600702,1,HCM,1,18974,1011,40,10,30,16,309,6,6,6,6,6,NA,NA,NA,NA,2019-11-05 03:51:00,0
2019-11-05 05:00:00,WIND,600702,1,HCM,1,18974,1011,40,9,50,16,352,6,6,6,6,6,NA,NA,NA,NA,2019-11-05 04:51:00,0
2019-11-05 06:00:00,WIND,600702,1,HCM,1,18974,1011,40,11,50,15,515,6,6,6,6,6,NA,NA,NA,NA,2019-11-05 05:51:00,0
2019-11-05 07:00:00,WIND,600702,1,HCM,1,18974,1011,50,11,30,17,610,6,6,6,6,6,NA,NA,NA,NA,2019-11-05 06:51:00,0
2019-11-05 08:00:00,WIND,600702,1,HCM,1,18974,1011,50,10,50,16,712,6,6,6,6,6,NA,NA,NA,NA,2019-11-05 07:51:00,0
2019-11-05 09:00:00,WIND,600702,1,HCM,1,18974,1011,50,8,40,13,810,6,6,6,6,6,NA,NA,NA,NA,2019-11-05 08:55:00,0
2019-11-05 10:00:00,WIND,600702,1,HCM,1,18974,1011,60,6,70,10,933,6,6,6,6,6,NA,NA,NA,NA,2019-11-05 09:52:00,0
2019-11-05 11:00:00,WIND,600702,1,HCM,1,18974,1011,50,7,30,11,1045,6,6,6,6,6,NA,NA,NA,NA,2019-11-05 10:51:00,0
2019-11-05 12:00:00,WIND,600702,1,HCM,1,18974,1011,40,10,40,15,1130,6,6,6,6,6,NA,NA,NA,NA,2019-11-05 11:51:00,0
2019-11-05 13:00:00,WIND,600702,1,HCM,1,18974,1011,30,10,30,14,1217,6,6,6,6,6,NA,NA,NA,NA,2019-11-05 12:51:00,0
2019-11-05 14:00:00,WIND,600702,1,HCM,1,18974,1011,20,10,10,13,1322,6,6,6,6,6,NA,NA,NA,NA,2019-11-05 13:52:00,0
2019-11-05 15:00:00,WIND,600702,1,HCM,1,18974,1011,30,10,30,15,1357,6,6,6,6,6,NA,NA,NA,NA,2019-11-05 14:52:00,0
2019-11-05 16:00:00,WIND,600702,1,HCM,1,18974,1011,40,9,30,15,1457,6,6,6,6,6,NA,NA,NA,NA,2019-11-05 15:52:00,0
2019-11-05 17:00:00,WIND,600702,1,HCM,1,18974,1011,40,9,40,14,1600,6,6,6,6,6,NA,NA,NA,NA,2019-11-05 16:51:00,0
2019-11-05 18:00:00,WIND,600702,1,HCM,1,18974,1011,50,8,50,10,1654,6,6,6,6,6,NA,NA,NA,NA,2019-11-05 17:51:00,0
2019-11-05 19:00:00,WIND,600702,1,HCM,1,18974,1011,50,8,50,12,1830,6,6,6,6,6,NA,NA,NA,NA,2019-11-05 18:51:00,0
2019-11-05 20:00:00,WIND,600702,1,HCM,1,18974,1011,60,6,70,9,1927,6,6,6,6,6,NA,NA,NA,NA,2019-11-05 19:51:00,0
2019-11-05 21:00:00,WIND,600702,1,HCM,1,18974,1011,60,5,60,7,2017,6,6,6,6,6,NA,NA,NA,NA,2019-11-05 20:55:00,0
2019-11-05 22:00:00,WIND,600702,1,HCM,1,18974,1011,80,5,70,6,2146,6,6,6,6,6,NA,NA,NA,NA,2019-11-05 21:51:00,0
2019-11-05 23:00:00,WIND,600702,1,HCM,1,18974,1011,80,4,70,6,2150,6,6,6,6,6,NA,NA,NA,NA,2019-11-05 22:51:00,0
2019-11-06 00:00:00,WIND,600702,1,HCM,1,18974,1011,40,4,10,12,2334,6,6,6,6,6,NA,NA,NA,NA,2019-11-05 23:51:00,0
2019-11-06 01:00:00,WIND,600702,1,HCM,1,18974,1011,10,2,60,6,2350,6,6,6,6,6,NA,NA,NA,NA,2019-11-06 00:51:00,0
2019-11-06 02:00:00,WIND,600702,1,HCM,1,18974,1011,360,2,10,3,51,6,6,6,6,6,NA,NA,NA,NA,2019-11-06 01:51:00,0
2019-11-06 03:00:00,WIND,600702,1,HCM,1,18974,1011,30,2,60,3,234,6,6,6,6,6,NA,NA,NA,NA,2019-11-06 02:51:00,0
2019-11-06 04:00:00,WIND,600702,1,HCM,1,18974,1011,70,4,70,5,314,6,6,6,6,6,NA,NA,NA,NA,2019-11-06 03:51:00,0
2019-11-06 05:00:00,WIND,600702,1,HCM,1,18974,1011,70,3,60,5,413,6,6,6,6,6,NA,NA,NA,NA,2019-11-06 04:51:00,0
2019-11-06 06:00:00,WIND,600702,1,HCM,1,18974,1011,100,4,120,6,546,6,6,6,6,6,NA,NA,NA,NA,2019-11-06 05:51:00,0
2019-11-06 07:00:00,WIND,600702,1,HCM,1,18974,1011,140,7,130,10,601,6,6,6,6,6,NA,NA,NA,NA,2019-11-06 06:51:00,0
2019-11-06 08:00:00,WIND,600702,1,HCM,1,18974,1011,140,6,140,9,723,6,6,6,6,6,NA,NA,NA,NA,2019-11-06 07:52:00,0
2019-11-06 09:00:00,WIND,600702,1,HCM,1,18974,1011,130,6,150,10,846,6,6,6,6,6,NA,NA,NA,NA,2019-11-06 08:54:00,0
2019-11-06 10:00:00,WIND,600702,1,HCM,1,18974,1011,190,7,130,12,854,6,6,6,6,6,NA,NA,NA,NA,2019-11-06 10:20:00,0
2019-11-06 11:00:00,WIND,600702,1,HCM,1,18974,1011,200,6,170,12,1043,6,6,6,6,6,NA,NA,NA,NA,2019-11-06 10:51:00,0
2019-11-06 12:00:00,WIND,600702,1,HCM,1,18974,1011,190,7,190,11,1106,6,6,6,6,6,NA,NA,NA,NA,2019-11-06 11:51:00,0
2019-11-06 13:00:00,WIND,600702,1,HCM,1,18974,1011,160,7,130,12,1222,6,6,6,6,6,NA,NA,NA,NA,2019-11-06 12:51:00,0
2019-11-06 14:00:00,WIND,600702,1,HCM,1,18974,1011,350,3,360,8,1306,6,6,6,6,6,NA,NA,NA,NA,2019-11-06 13:51:00,0
2019-11-06 15:00:00,WIND,600702,1,HCM,1,18974,1011,30,3,120,13,1446,6,6,6,6,6,NA,NA,NA,NA,2019-11-06 14:52:00,0
2019-11-06 16:00:00,WIND,600702,1,HCM,1,18974,1011,120,12,140,15,1525,6,6,6,6,6,NA,NA,NA,NA,2019-11-06 15:51:00,0
2019-11-06 17:00:00,WIND,600702,1,HCM,1,18974,1011,120,11,120,15,1636,6,6,6,6,6,NA,NA,NA,NA,2019-11-06 16:51:00,0
2019-11-06 18:00:00,WIND,600702,1,HCM,1,18974,1011,130,13,130,19,1733,6,6,6,6,6,NA,NA,NA,NA,2019-11-06 17:51:00,0
2019-11-06 19:00:00,WIND,600702,1,HCM,1,18974,1011,130,14,130,19,1804,6,6,6,6,6,NA,NA,NA,NA,2019-11-06 18:51:00,0
2019-11-06 20:00:00,WIND,600702,1,HCM,1,18974,1011,120,12,130,17,1901,6,6,6,6,6,NA,NA,NA,NA,2019-11-06 19:51:00,0
2019-11-06 21:00:00,WIND,600702,1,HCM,1,18974,1011,110,10,120,16,1955,6,6,6,6,6,NA,NA,NA,NA,2019-11-06 20:55:00,0
2019-11-06 22:00:00,WIND,600702,1,HCM,1,18974,1011,100,9,100,14,2114,6,6,6,6,6,NA,NA,NA,NA,2019-11-06 21:51:00,0
2019-11-06 23:00:00,WIND,600702,1,HCM,1,18974,1011,80,9,90,15,2154,6,6,6,6,6,NA,NA,NA,NA,2019-11-06 22:51:00,0
2019-11-07 00:00:00,WIND,600702,1,HCM,1,18974,1011,60,9,70,11,2312,6,6,6,6,6,NA,NA,NA,NA,2019-11-06 23:51:00,0
2019-11-07 01:00:00,WIND,600702,1,HCM,1,18974,1011,60,8,70,11,48,6,6,6,6,6,NA,NA,NA,NA,2019-11-07 00:51:00,0
2019-11-07 02:00:00,WIND,600702,1,HCM,1,18974,1011,60,9,60,12,106,6,6,6,6,6,NA,NA,NA,NA,2019-11-07 01:51:00,0
2019-11-07 03:00:00,WIND,600702,1,HCM,1,18974,1011,60,9,60,12,233,6,6,6,6,6,NA,NA,NA,NA,2019-11-07 02:51:00,0
2019-11-07 04:00:00,WIND,600702,1,HCM,1,18974,1011,50,10,60,13,338,6,6,6,6,6,NA,NA,NA,NA,2019-11-07 03:52:00,0
2019-11-07 05:00:00,WIND,600702,1,HCM,1,18974,1011,60,10,70,17,441,6,6,6,6,6,NA,NA,NA,NA,2019-11-07 04:57:00,0
2019-11-07 06:00:00,WIND,600702,1,HCM,1,18974,1011,70,12,70,17,509,6,6,6,6,6,NA,NA,NA,NA,2019-11-07 05:51:00,0
2019-11-07 07:00:00,WIND,600702,1,HCM,1,18974,1011,60,10,60,14,556,6,6,6,6,6,NA,NA,NA,NA,2019-11-07 06:54:00,0
2019-11-07 08:00:00,WIND,600702,1,HCM,1,18974,1011,60,11,60,16,721,6,6,6,6,6,NA,NA,NA,NA,2019-11-07 09:11:00,0
2019-11-07 09:00:00,WIND,600702,1,HCM,1,18974,1011,60,12,70,17,800,6,6,6,6,6,NA,NA,NA,NA,2019-11-07 09:15:00,0
2019-11-07 10:00:00,WIND,600702,1,HCM,1,18974,1011,60,14,60,21,943,6,6,6,6,6,NA,NA,NA,NA,2019-11-07 09:51:00,0
2019-11-07 11:00:00,WIND,600702,1,HCM,1,18974,1011,60,16,60,22,1033,6,6,6,6,6,NA,NA,NA,NA,2019-11-07 10:51:00,0
2019-11-07 12:00:00,WIND,600702,1,HCM,1,18974,1011,60,14,60,20,1055,6,6,6,6,6,NA,NA,NA,NA,2019-11-07 11:51:00,0
2019-11-07 13:00:00,WIND,600702,1,HCM,1,18974,1011,60,14,70,22,1237,6,6,6,6,6,NA,NA,NA,NA,2019-11-07 13:11:00,0
2019-11-07 14:00:00,WIND,600702,1,HCM,1,18974,1011,70,15,60,24,1305,6,6,6,6,6,NA,NA,NA,NA,2019-11-07 13:51:00,0
2019-11-07 15:00:00,WIND,600702,1,HCM,1,18974,1011,60,14,70,22,1402,6,6,6,6,6,NA,NA,NA,NA,2019-11-07 15:07:00,0
2019-11-07 16:00:00,WIND,600702,1,HCM,1,18974,1011,60,15,60,23,1509,6,6,6,6,6,NA,NA,NA,NA,2019-11-07 15:52:00,0
2019-11-07 17:00:00,WIND,600702,1,HCM,1,18974,1011,60,16,50,21,1606,6,6,6,6,6,NA,NA,NA,NA,2019-11-07 17:14:00,0
2019-11-07 18:00:00,WIND,600702,1,HCM,1,18974,1011,60,15,60,22,1731,6,6,6,6,6,NA,NA,NA,NA,2019-11-07 18:05:00,0
2019-11-07 19:00:00,WIND,600702,1,HCM,1,18974,1011,60,16,60,23,1811,6,6,6,6,6,NA,NA,NA,NA,2019-11-07 19:00:00,0
2019-11-07 20:00:00,WIND,600702,1,HCM,1,18974,1011,70,16,80,23,1930,6,6,6,6,6,NA,NA,NA,NA,2019-11-07 19:51:00,0
2019-11-07 21:00:00,WIND,600702,1,HCM,1,18974,1011,70,15,60,22,2013,6,6,6,6,6,NA,NA,NA,NA,2019-11-07 20:56:00,0
2019-11-07 22:00:00,WIND,600702,1,HCM,1,18974,1011,60,11,70,15,2101,6,6,6,6,6,NA,NA,NA,NA,2019-11-07 21:51:00,0
2019-11-07 23:00:00,WIND,600702,1,HCM,1,18974,1011,60,11,60,15,2230,6,6,6,6,6,NA,NA,NA,NA,2019-11-07 22:53:00,0
2019-11-08 00:00:00,WIND,600702,1,HCM,1,18974,1011,60,10,60,13,2250,6,6,6,6,6,NA,NA,NA,NA,2019-11-07 23:51:00,0
2019-11-08 01:00:00,WIND,600702,1,HCM,1,18974,1011,70,7,70,10,44,6,6,6,6,6,NA,NA,NA,NA,2019-11-08 01:40:00,0
2019-11-08 02:00:00,WIND,600702,1,HCM,1,18974,1011,60,7,50,10,133,6,6,6,6,6,NA,NA,NA,NA,2019-11-08 01:54:00,0
2019-11-08 03:00:00,WIND,600702,1,HCM,1,18974,1011,60,7,70,11,228,6,6,6,6,6,NA,NA,NA,NA,2019-11-08 03:04:00,0
2019-11-08 04:00:00,WIND,600702,1,HCM,1,18974,1011,60,8,60,12,307,6,6,6,6,6,NA,NA,NA,NA,2019-11-08 03:58:00,0
2019-11-08 05:00:00,WIND,600702,1,HCM,1,18974,1011,70,8,70,11,407,6,6,6,6,6,NA,NA,NA,NA,2019-11-08 04:51:00,0
2019-11-08 06:00:00,WIND,600702,1,HCM,1,18974,1011,70,8,80,11,519,6,6,6,6,6,NA,NA,NA,NA,2019-11-08 05:51:00,0
2019-11-08 07:00:00,WIND,600702,1,HCM,1,18974,1011,70,7,80,10,645,6,6,6,6,6,NA,NA,NA,NA,2019-11-08 06:53:00,0
2019-11-08 08:00:00,WIND,600702,1,HCM,1,18974,1011,70,7,70,10,744,6,6,6,6,6,NA,NA,NA,NA,2019-11-08 07:52:00,0
2019-11-08 09:00:00,WIND,600702,1,HCM,1,18974,1011,70,7,70,9,756,6,6,6,6,6,NA,NA,NA,NA,2019-11-08 08:55:00,0
2019-11-08 10:00:00,WIND,600702,1,HCM,1,18974,1011,80,7,70,9,937,6,6,6,6,6,NA,NA,NA,NA,2019-11-08 10:04:00,0
2019-11-08 11:00:00,WIND,600702,1,HCM,1,18974,1011,70,7,60,11,1038,6,6,6,6,6,NA,NA,NA,NA,2019-11-08 10:51:00,0
2019-11-08 12:00:00,WIND,600702,1,HCM,1,18974,1011,70,8,70,11,1105,6,6,6,6,6,NA,NA,NA,NA,2019-11-08 11:55:00,0
2019-11-08 13:00:00,WIND,600702,1,HCM,1,18974,1011,90,8,100,11,1214,6,6,6,6,6,NA,NA,NA,NA,2019-11-08 13:14:00,0
2019-11-08 14:00:00,WIND,600702,1,HCM,1,18974,1011,110,6,80,11,1252,6,6,6,6,6,NA,NA,NA,NA,2019-11-08 13:51:00,0
2019-11-08 15:00:00,WIND,600702,1,HCM,1,18974,1011,130,5,130,8,1356,6,6,6,6,6,NA,NA,NA,NA,2019-11-08 14:51:00,0
2019-11-08 16:00:00,WIND,600702,1,HCM,1,18974,1011,140,5,140,10,1544,6,6,6,6,6,NA,NA,NA,NA,2019-11-08 15:51:00,0
2019-11-08 17:00:00,WIND,600702,1,HCM,1,18974,1011,160,8,170,13,1603,6,6,6,6,6,NA,NA,NA,NA,2019-11-08 16:51:00,0
2019-11-08 18:00:00,WIND,600702,1,HCM,1,18974,1011,150,11,130,16,1717,6,6,6,6,6,NA,NA,NA,NA,2019-11-08 17:53:00,0
2019-11-08 19:00:00,WIND,600702,1,HCM,1,18974,1011,160,13,160,20,1849,6,6,6,6,6,NA,NA,NA,NA,2019-11-08 18:51:00,0
2019-11-08 20:00:00,WIND,600702,1,HCM,1,18974,1011,160,18,160,25,1942,6,6,6,6,6,NA,NA,NA,NA,2019-11-08 19:51:00,0
2019-11-08 21:00:00,WIND,600702,1,HCM,1,18974,1011,160,20,150,28,2045,6,6,6,6,6,NA,NA,NA,NA,2019-11-08 20:53:00,0
2019-11-08 22:00:00,WIND,600702,1,HCM,1,18974,1011,160,22,170,32,2130,6,6,6,6,6,NA,NA,NA,NA,2019-11-08 21:51:00,0
2019-11-08 23:00:00,WIND,600702,1,HCM,1,18974,1011,160,24,160,32,2232,6,6,6,6,6,NA,NA,NA,NA,2019-11-08 22:51:00,0
2019-11-09 00:00:00,WIND,600702,1,HCM,1,18974,1011,150,26,160,36,2334,6,6,6,6,6,NA,NA,NA,NA,2019-11-08 23:51:00,0
2019-11-09 01:00:00,WIND,600702,1,HCM,1,18974,1011,150,27,160,35,2,6,6,6,6,6,NA,NA,NA,NA,2019-11-09 00:51:00,0
2019-11-09 02:00:00,WIND,600702,1,HCM,1,18974,1011,150,27,150,36,51,6,6,6,6,6,NA,NA,NA,NA,2019-11-09 01:51:00,0
2019-11-09 03:00:00,WIND,600702,1,HCM,1,18974,1011,160,26,150,36,200,6,6,6,6,6,NA,NA,NA,NA,2019-11-09 02:51:00,0
2019-11-09 04:00:00,WIND,600702,1,HCM,1,18974,1011,160,26,160,34,303,6,6,6,6,6,NA,NA,NA,NA,2019-11-09 03:51:00,0
2019-11-09 05:00:00,WIND,600702,1,HCM,1,18974,1011,140,26,140,34,425,6,6,6,6,6,NA,NA,NA,NA,2019-11-09 04:51:00,0
2019-11-09 06:00:00,WIND,600702,1,HCM,1,18974,1011,130,26,120,34,544,6,6,6,6,6,NA,NA,NA,NA,2019-11-09 05:51:00,0
2019-11-09 07:00:00,WIND,600702,1,HCM,1,18974,1011,130,25,130,34,600,6,6,6,6,6,NA,NA,NA,NA,2019-11-09 06:51:00,0
2019-11-09 08:00:00,WIND,600702,1,HCM,1,18974,1011,130,25,130,33,717,6,6,6,6,6,NA,NA,NA,NA,2019-11-09 07:51:00,0
2019-11-09 09:00:00,WIND,600702,1,HCM,1,18974,1011,130,24,130,34,756,6,6,6,6,6,NA,NA,NA,NA,2019-11-09 08:53:00,0
2019-11-09 10:00:00,WIND,600702,1,HCM,1,18974,1011,130,25,130,32,925,6,6,6,6,6,NA,NA,NA,NA,2019-11-09 09:51:00,0
2019-11-09 11:00:00,WIND,600702,1,HCM,1,18974,1011,130,26,120,34,1011,6,6,6,6,6,NA,NA,NA,NA,2019-11-09 10:51:00,0
2019-11-09 12:00:00,WIND,600702,1,HCM,1,18974,1011,130,23,120,30,1120,6,6,6,6,6,NA,NA,NA,NA,2019-11-09 11:51:00,0
2019-11-09 13:00:00,WIND,600702,1,HCM,1,18974,1011,130,22,120,31,1201,6,6,6,6,6,NA,NA,NA,NA,2019-11-09 12:51:00,0
2019-11-09 14:00:00,WIND,600702,1,HCM,1,18974,1011,140,21,150,28,1327,6,6,6,6,6,NA,NA,NA,NA,2019-11-09 13:51:00,0
2019-11-09 15:00:00,WIND,600702,1,HCM,1,18974,1011,150,18,150,26,1410,6,6,6,6,6,NA,NA,NA,NA,2019-11-09 14:51:00,0
2019-11-09 16:00:00,WIND,600702,1,HCM,1,18974,1011,140,15,150,22,1456,6,6,6,6,6,NA,NA,NA,NA,2019-11-09 15:51:00,0
2019-11-09 17:00:00,WIND,600702,1,HCM,1,18974,1011,130,12,140,19,1550,6,6,6,6,6,NA,NA,NA,NA,2019-11-09 16:51:00,0
2019-11-09 18:00:00,WIND,600702,1,HCM,1,18974,1011,120,11,130,16,1712,6,6,6,6,6,NA,NA,NA,NA,2019-11-09 17:51:00,0
2019-11-09 19:00:00,WIND,600702,1,HCM,1,18974,1011,120,11,140,15,1803,6,6,6,6,6,NA,NA,NA,NA,2019-11-09 18:51:00,0
2019-11-09 20:00:00,WIND,600702,1,HCM,1,18974,1011,120,10,130,14,1928,6,6,6,6,6,NA,NA,NA,NA,2019-11-09 19:51:00,0
2019-11-09 21:00:00,WIND,600702,1,HCM,1,18974,1011,110,9,120,13,2005,6,6,6,6,6,NA,NA,NA,NA,2019-11-09 20:54:00,0
2019-11-09 22:00:00,WIND,600702,1,HCM,1,18974,1011,90,7,90,10,2054,6,6,6,6,6,NA,NA,NA,NA,2019-11-09 21:51:00,0
2019-11-09 23:00:00,WIND,600702,1,HCM,1,18974,1011,100,7,100,10,2211,6,6,6,6,6,NA,NA,NA,NA,2019-11-09 22:51:00,0
2019-11-10 00:00:00,WIND,600702,1,HCM,1,18974,1011,90,6,90,9,2301,6,6,6,6,6,NA,NA,NA,NA,2019-11-09 23:51:00,0
2019-11-10 01:00:00,WIND,600702,1,HCM,1,18974,1011,100,7,110,10,25,6,6,6,6,6,NA,NA,NA,NA,2019-11-10 00:51:00,0
2019-11-10 02:00:00,WIND,600702,1,HCM,1,18974,1011,110,5,110,9,50,6,6,6,6,6,NA,NA,NA,NA,2019-11-10 01:51:00,0
2019-11-10 03:00:00,WIND,600702,1,HCM,1,18974,1011,80,6,90,9,223,6,6,6,6,6,NA,NA,NA,NA,2019-11-10 02:51:00,0
2019-11-10 04:00:00,WIND,600702,1,HCM,1,18974,1011,110,7,100,9,252,6,6,6,6,6,NA,NA,NA,NA,2019-11-10 03:51:00,0
2019-11-10 05:00:00,WIND,600702,1,HCM,1,18974,1011,110,8,110,11,431,6,6,6,6,6,NA,NA,NA,NA,2019-11-10 04:51:00,0
2019-11-10 06:00:00,WIND,600702,1,HCM,1,18974,1011,100,8,100,10,506,6,6,6,6,6,NA,NA,NA,NA,2019-11-10 05:51:00,0
2019-11-10 07:00:00,WIND,600702,1,HCM,1,18974,1011,110,7,110,9,622,6,6,6,6,6,NA,NA,NA,NA,2019-11-10 06:51:00,0
2019-11-10 08:00:00,WIND,600702,1,HCM,1,18974,1011,120,7,140,12,746,6,6,6,6,6,NA,NA,NA,NA,2019-11-10 07:51:00,0
2019-11-10 09:00:00,WIND,600702,1,HCM,1,18974,1011,130,11,130,17,843,6,6,6,6,6,NA,NA,NA,NA,2019-11-10 08:55:00,0
2019-11-10 10:00:00,WIND,600702,1,HCM,1,18974,1011,140,13,140,19,946,6,6,6,6,6,NA,NA,NA,NA,2019-11-10 09:51:00,0
2019-11-10 11:00:00,WIND,600702,1,HCM,1,18974,1011,140,15,140,20,954,6,6,6,6,6,NA,NA,NA,NA,2019-11-10 10:51:00,0
2019-11-10 12:00:00,WIND,600702,1,HCM,1,18974,1011,160,16,150,22,1121,6,6,6,6,6,NA,NA,NA,NA,2019-11-10 11:51:00,0
2019-11-10 13:00:00,WIND,600702,1,HCM,1,18974,1011,160,17,160,23,1228,6,6,6,6,6,NA,NA,NA,NA,2019-11-10 12:51:00,0
2019-11-10 14:00:00,WIND,600702,1,HCM,1,18974,1011,160,18,160,26,1336,6,6,6,6,6,NA,NA,NA,NA,2019-11-10 13:51:00,0
2019-11-10 15:00:00,WIND,600702,1,HCM,1,18974,1011,170,21,160,29,1436,6,6,6,6,6,NA,NA,NA,NA,2019-11-10 14:51:00,0
2019-11-10 16:00:00,WIND,600702,1,HCM,1,18974,1011,160,24,160,32,1549,6,6,6,6,6,NA,NA,NA,NA,2019-11-10 15:51:00,0
2019-11-10 17:00:00,WIND,600702,1,HCM,1,18974,1011,170,25,170,35,1610,6,6,6,6,6,NA,NA,NA,NA,2019-11-10 16:51:00,0
2019-11-10 18:00:00,WIND,600702,1,HCM,1,18974,1011,180,26,160,34,1728,6,6,6,6,6,NA,NA,NA,NA,2019-11-10 17:51:00,0
2019-11-10 19:00:00,WIND,600702,1,HCM,1,18974,1011,170,28,170,41,1841,6,6,6,6,6,NA,NA,NA,NA,2019-11-10 18:51:00,0
2019-11-10 20:00:00,WIND,600702,1,HCM,1,18974,1011,170,28,170,39,1925,6,6,6,6,6,NA,NA,NA,NA,2019-11-10 19:51:00,0
2019-11-10 21:00:00,WIND,600702,1,HCM,1,18974,1011,170,30,160,41,2041,6,6,6,6,6,NA,NA,NA,NA,2019-11-10 20:56:00,0
2019-11-10 22:00:00,WIND,600702,1,HCM,1,18974,1011,160,34,150,46,2144,6,6,6,6,6,NA,NA,NA,NA,2019-11-10 21:51:00,0
2019-11-10 23:00:00,WIND,600702,1,HCM,1,18974,1011,160,35,160,46,2231,6,6,6,6,6,NA,NA,NA,NA,2019-11-10 22:51:00,0
2019-11-11 00:00:00,WIND,600702,1,HCM,1,18974,1011,170,30,170,42,2317,6,6,6,6,6,NA,NA,NA,NA,2019-11-10 23:51:00,0
2019-11-11 01:00:00,WIND,600702,1,HCM,1,18974,1011,230,16,280,30,44,6,6,6,6,6,NA,NA,NA,NA,2019-11-11 00:51:00,0
2019-11-11 02:00:00,WIND,600702,1,HCM,1,18974,1011,290,21,270,36,146,6,6,6,6,6,NA,NA,NA,NA,2019-11-11 01:51:00,0
2019-11-11 03:00:00,WIND,600702,1,HCM,1,18974,1011,280,26,280,47,245,6,6,6,6,6,NA,NA,NA,NA,2019-11-11 02:51:00,0
2019-11-11 04:00:00,WIND,600702,1,HCM,1,18974,1011,280,32,290,47,347,6,6,6,6,6,NA,NA,NA,NA,2019-11-11 03:51:00,0
2019-11-11 05:00:00,WIND,600702,1,HCM,1,18974,1011,300,37,300,58,439,6,6,6,6,6,NA,NA,NA,NA,2019-11-11 04:51:00,0
2019-11-11 06:00:00,WIND,600702,1,HCM,1,18974,1011,300,40,300,60,518,6,6,6,6,6,NA,NA,NA,NA,2019-11-11 05:51:00,0
2019-11-11 07:00:00,WIND,600702,1,HCM,1,18974,1011,310,38,310,57,627,6,6,6,6,6,NA,NA,NA,NA,2019-11-11 06:51:00,0
2019-11-11 08:00:00,WIND,600702,1,HCM,1,18974,1011,320,32,320,51,711,6,6,6,6,6,NA,NA,NA,NA,2019-11-11 07:51:00,0
2019-11-11 09:00:00,WIND,600702,1,HCM,1,18974,1011,330,24,330,32,818,6,6,6,6,6,NA,NA,NA,NA,2019-11-11 08:55:00,0
2019-11-11 10:00:00,WIND,600702,1,HCM,1,18974,1011,330,23,320,36,855,6,6,6,6,6,NA,NA,NA,NA,2019-11-11 09:51:00,0
2019-11-11 11:00:00,WIND,600702,1,HCM,1,18974,1011,330,22,310,34,1045,6,6,6,6,6,NA,NA,NA,NA,2019-11-11 10:51:00,0
2019-11-11 12:00:00,WIND,600702,1,HCM,1,18974,1011,330,24,310,37,1148,6,6,6,6,6,NA,NA,NA,NA,2019-11-11 11:51:00,0
2019-11-11 13:00:00,WIND,600702,1,HCM,1,18974,1011,320,25,320,46,1213,6,6,6,6,6,NA,NA,NA,NA,2019-11-11 12:51:00,0
2019-11-11 14:00:00,WIND,600702,1,HCM,1,18974,1011,320,28,320,40,1257,6,6,6,6,6,NA,NA,NA,NA,2019-11-11 13:51:00,0
2019-11-11 15:00:00,WIND,600702,1,HCM,1,18974,1011,330,26,320,37,1411,6,6,6,6,6,NA,NA,NA,NA,2019-11-11 14:51:00,0
2019-11-11 16:00:00,WIND,600702,1,HCM,1,18974,1011,330,22,340,34,1522,6,6,6,6,6,NA,NA,NA,NA,2019-11-11 15:51:00,0
2019-11-11 17:00:00,WIND,600702,1,HCM,1,18974,1011,320,25,320,38,1640,6,6,6,6,6,NA,NA,NA,NA,2019-11-11 16:51:00,0
2019-11-11 18:00:00,WIND,600702,1,HCM,1,18974,1011,310,27,320,42,1740,6,6,6,6,6,NA,NA,NA,NA,2019-11-11 17:51:00,0
2019-11-11 19:00:00,WIND,600702,1,HCM,1,18974,1011,310,26,310,40,1843,6,6,6,6,6,NA,NA,NA,NA,2019-11-11 18:51:00,0
2019-11-11 20:00:00,WIND,600702,1,HCM,1,18974,1011,310,28,320,41,1911,6,6,6,6,6,NA,NA,NA,NA,2019-11-11 19:51:00,0
2019-11-11 21:00:00,WIND,600702,1,HCM,1,18974,1011,320,27,320,45,2026,6,6,6,6,6,NA,NA,NA,NA,2019-11-11 20:53:00,0
2019-11-11 22:00:00,WIND,600702,1,HCM,1,18974,1011,320,30,320,46,2137,6,6,6,6,6,NA,NA,NA,NA,2019-11-11 21:51:00,0
2019-11-11 23:00:00,WIND,600702,1,HCM,1,18974,1011,320,31,320,45,2217,6,6,6,6,6,NA,NA,NA,NA,2019-11-11 22:51:00,0
2019-11-12 00:00:00,WIND,600702,1,HCM,1,18974,1011,320,29,320,41,2341,6,6,6,6,6,NA,NA,NA,NA,2019-11-11 23:51:00,0
2019-11-12 01:00:00,WIND,600702,1,HCM,1,18974,1011,320,28,320,39,30,6,6,6,6,6,NA,NA,NA,NA,2019-11-12 00:51:00,0
2019-11-12 02:00:00,WIND,600702,1,HCM,1,18974,1011,330,28,330,38,143,6,6,6,6,6,NA,NA,NA,NA,2019-11-12 01:51:00,0
2019-11-12 03:00:00,WIND,600702,1,HCM,1,18974,1011,350,20,340,33,203,6,6,6,6,6,NA,NA,NA,NA,2019-11-12 02:51:00,0
2019-11-12 04:00:00,WIND,600702,1,HCM,1,18974,1011,350,27,340,42,331,6,6,6,6,6,NA,NA,NA,NA,2019-11-12 03:51:00,0
2019-11-12 05:00:00,WIND,600702,1,HCM,1,18974,1011,360,29,360,42,406,6,6,6,6,6,NA,NA,NA,NA,2019-11-12 04:51:00,0
2019-11-12 06:00:00,WIND,600702,1,HCM,1,18974,1011,10,27,360,41,514,6,6,6,6,6,NA,NA,NA,NA,2019-11-12 05:51:00,0
2019-11-12 07:00:00,WIND,600702,1,HCM,1,18974,1011,350,27,350,36,614,6,6,6,6,6,NA,NA,NA,NA,2019-11-12 06:51:00,0
2019-11-12 08:00:00,WIND,600702,1,HCM,1,18974,1011,350,26,350,36,711,6,6,6,6,6,NA,NA,NA,NA,2019-11-12 07:51:00,0
2019-11-12 09:00:00,WIND,600702,1,HCM,1,18974,1011,350,24,350,33,756,6,6,6,6,6,NA,NA,NA,NA,2019-11-12 08:53:00,0
2019-11-12 10:00:00,WIND,600702,1,HCM,1,18974,1011,360,23,360,31,857,6,6,6,6,6,NA,NA,NA,NA,2019-11-12 09:51:00,0
2019-11-12 11:00:00,WIND,600702,1,HCM,1,18974,1011,350,21,350,29,1031,6,6,6,6,6,NA,NA,NA,NA,2019-11-12 10:52:00,0
2019-11-12 12:00:00,WIND,600702,1,HCM,1,18974,1011,350,19,350,26,1130,6,6,6,6,6,NA,NA,NA,NA,2019-11-12 11:52:00,0
2019-11-12 13:00:00,WIND,600702,1,HCM,1,18974,1011,340,18,340,25,1217,6,6,6,6,6,NA,NA,NA,NA,2019-11-12 12:52:00,729
2019-11-12 14:00:00,WIND,600702,1,HCM,1,18974,1011,350,18,340,24,1309,6,6,6,6,6,NA,NA,NA,NA,2019-11-12 13:51:00,0
2019-11-12 15:00:00,WIND,600702,1,HCM,1,18974,1011,340,18,350,24,1353,6,6,6,6,6,NA,NA,NA,NA,2019-11-12 14:51:00,0
2019-11-12 16:00:00,WIND,600702,1,HCM,1,18974,1011,340,17,340,23,1500,6,6,6,6,6,NA,NA,NA,NA,2019-11-12 17:04:00,0
2019-11-12 17:00:00,WIND,600702,1,HCM,1,18974,1011,350,16,350,22,1617,6,6,6,6,6,NA,NA,NA,NA,2019-11-12 17:06:00,0
2019-11-12 18:00:00,WIND,600702,1,HCM,1,18974,1011,350,15,350,19,1715,6,6,6,6,6,NA,NA,NA,NA,2019-11-12 17:51:00,0
2019-11-12 19:00:00,WIND,600702,1,HCM,1,18974,1011,340,14,340,19,1844,6,6,6,6,6,NA,NA,NA,NA,2019-11-12 18:51:00,0
2019-11-12 20:00:00,WIND,600702,1,HCM,1,18974,1011,340,14,340,18,1904,6,6,6,6,6,NA,NA,NA,NA,2019-11-12 19:51:00,0
2019-11-12 21:00:00,WIND,600702,1,HCM,1,18974,1011,350,12,350,18,1950,6,6,6,6,6,NA,NA,NA,NA,2019-11-12 20:55:00,0
2019-11-12 22:00:00,WIND,600702,1,HCM,1,18974,1011,350,11,350,15,2130,6,6,6,6,6,NA,NA,NA,NA,2019-11-12 21:51:00,0
2019-11-12 23:00:00,WIND,600702,1,HCM,1,18974,1011,340,8,340,13,2202,6,6,6,6,6,NA,NA,NA,NA,2019-11-12 22:51:00,0
2019-11-13 00:00:00,WIND,600702,1,HCM,1,18974,1011,340,7,340,12,2256,6,6,6,6,6,NA,NA,NA,NA,2019-11-12 23:51:00,0
2019-11-13 01:00:00,WIND,600702,1,HCM,1,18974,1011,340,6,340,9,2350,6,6,6,6,6,NA,NA,NA,NA,2019-11-13 00:51:00,0
2019-11-13 02:00:00,WIND,600702,1,HCM,1,18974,1011,320,4,340,8,52,6,6,6,6,6,NA,NA,NA,NA,2019-11-13 01:51:00,0
2019-11-13 03:00:00,WIND,600702,1,HCM,1,18974,1011,310,4,290,11,241,6,6,6,6,6,NA,NA,NA,NA,2019-11-13 02:51:00,0
2019-11-13 04:00:00,WIND,600702,1,HCM,1,18974,1011,270,5,300,9,312,6,6,6,6,6,NA,NA,NA,NA,2019-11-13 03:51:00,0
2019-11-13 05:00:00,WIND,600702,1,HCM,1,18974,1011,220,4,210,5,436,6,6,6,6,6,NA,NA,NA,NA,2019-11-13 04:51:00,0
2019-11-13 06:00:00,WIND,600702,1,HCM,1,18974,1011,230,5,240,10,523,6,6,6,6,6,NA,NA,NA,NA,2019-11-13 05:51:00,0
2019-11-13 07:00:00,WIND,600702,1,HCM,1,18974,1011,160,3,120,6,647,6,6,6,6,6,NA,NA,NA,NA,2019-11-13 06:51:00,0
2019-11-13 08:00:00,WIND,600702,1,HCM,1,18974,1011,150,8,180,13,739,6,6,6,6,6,NA,NA,NA,NA,2019-11-13 07:51:00,0
2019-11-13 09:00:00,WIND,600702,1,HCM,1,18974,1011,150,9,150,14,849,6,6,6,6,6,NA,NA,NA,NA,2019-11-13 08:55:00,0
2019-11-13 10:00:00,WIND,600702,1,HCM,1,18974,1011,130,13,130,19,908,6,6,6,6,6,NA,NA,NA,NA,2019-11-13 09:51:00,0
2019-11-13 11:00:00,WIND,600702,1,HCM,1,18974,1011,130,14,130,19,1006,6,6,6,6,6,NA,NA,NA,NA,2019-11-13 11:10:00,0
2019-11-13 12:00:00,WIND,600702,1,HCM,1,18974,1011,130,15,130,20,1127,6,6,6,6,6,NA,NA,NA,NA,2019-11-13 11:51:00,0
2019-11-13 13:00:00,WIND,600702,1,HCM,1,18974,1011,140,13,160,20,1221,6,6,6,6,6,NA,NA,NA,NA,2019-11-13 12:51:00,0
2019-11-13 14:00:00,WIND,600702,1,HCM,1,18974,1011,110,13,110,19,1338,6,6,6,6,6,NA,NA,NA,NA,2019-11-13 13:51:00,0
2019-11-13 15:00:00,WIND,600702,1,HCM,1,18974,1011,120,13,120,18,1409,6,6,6,6,6,NA,NA,NA,NA,2019-11-13 14:51:00,0
2019-11-13 16:00:00,WIND,600702,1,HCM,1,18974,1011,110,11,130,16,1453,6,6,6,6,6,NA,NA,NA,NA,2019-11-13 15:51:00,0
2019-11-13 17:00:00,WIND,600702,1,HCM,1,18974,1011,80,8,80,11,1644,6,6,6,6,6,NA,NA,NA,NA,2019-11-13 16:51:00,0
2019-11-13 18:00:00,WIND,600702,1,HCM,1,18974,1011,70,8,70,12,1749,6,6,6,6,6,NA,NA,NA,NA,2019-11-13 17:51:00,0
2019-11-13 19:00:00,WIND,600702,1,HCM,1,18974,1011,70,10,70,16,1842,6,6,6,6,6,NA,NA,NA,NA,2019-11-13 18:51:00,0
2019-11-13 20:00:00,WIND,600702,1,HCM,1,18974,1011,70,10,60,13,1929,6,6,6,6,6,NA,NA,NA,NA,2019-11-13 19:51:00,0
2019-11-13 21:00:00,WIND,600702,1,HCM,1,18974,1011,60,8,70,10,1957,6,6,6,6,6,NA,NA,NA,NA,2019-11-13 20:53:00,0
2019-11-13 22:00:00,WIND,600702,1,HCM,1,18974,1011,60,8,50,12,2148,6,6,6,6,6,NA,NA,NA,NA,2019-11-13 21:51:00,0
2019-11-13 23:00:00,WIND,600702,1,HCM,1,18974,1011,60,9,50,12,2153,6,6,6,6,6,NA,NA,NA,NA,2019-11-13 22:51:00,0
2019-11-14 00:00:00,WIND,600702,1,HCM,1,18974,1011,60,8,60,10,2322,6,6,6,6,6,NA,NA,NA,NA,2019-11-13 23:51:00,0
2019-11-14 01:00:00,WIND,600702,1,HCM,1,18974,1011,60,9,70,12,19,6,6,6,6,6,NA,NA,NA,NA,2019-11-14 00:51:00,0
2019-11-14 02:00:00,WIND,600702,1,HCM,1,18974,1011,60,9,50,15,146,6,6,6,6,6,NA,NA,NA,NA,2019-11-14 01:51:00,0
2019-11-14 03:00:00,WIND,600702,1,HCM,1,18974,1011,50,13,60,19,217,6,6,6,6,6,NA,NA,NA,NA,2019-11-14 02:51:00,0
2019-11-14 04:00:00,WIND,600702,1,HCM,1,18974,1011,50,11,50,17,319,6,6,6,6,6,NA,NA,NA,NA,2019-11-14 03:51:00,0
2019-11-14 05:00:00,WIND,600702,1,HCM,1,18974,1011,30,14,30,22,448,6,6,6,6,6,NA,NA,NA,NA,2019-11-14 04:51:00,0
2019-11-14 06:00:00,WIND,600702,1,HCM,1,18974,1011,30,16,30,23,518,6,6,6,6,6,NA,NA,NA,NA,2019-11-14 05:51:00,0
2019-11-14 07:00:00,WIND,600702,1,HCM,1,18974,1011,20,19,20,27,648,6,6,6,6,6,NA,NA,NA,NA,2019-11-14 06:51:00,0
2019-11-14 08:00:00,WIND,600702,1,HCM,1,18974,1011,30,19,30,28,652,6,6,6,6,6,NA,NA,NA,NA,2019-11-14 07:51:00,0
2019-11-14 09:00:00,WIND,600702,1,HCM,1,18974,1011,20,21,30,29,816,6,6,6,6,6,NA,NA,NA,NA,2019-11-14 08:54:00,0
2019-11-14 10:00:00,WIND,600702,1,HCM,1,18974,1011,30,19,30,33,949,6,6,6,6,6,NA,NA,NA,NA,2019-11-14 09:51:00,0
2019-11-14 11:00:00,WIND,600702,1,HCM,1,18974,1011,20,21,30,32,955,6,6,6,6,6,NA,NA,NA,NA,2019-11-14 10:51:00,0
2019-11-14 12:00:00,WIND,600702,1,HCM,1,18974,1011,20,21,30,29,1112,6,6,6,6,6,NA,NA,NA,NA,2019-11-14 11:51:00,0
2019-11-14 13:00:00,WIND,600702,1,HCM,1,18974,1011,20,21,20,29,1210,6,6,6,6,6,NA,NA,NA,NA,2019-11-14 12:51:00,0
2019-11-14 14:00:00,WIND,600702,1,HCM,1,18974,1011,20,22,20,29,1349,6,6,6,6,6,NA,NA,NA,NA,2019-11-14 13:51:00,0
2019-11-14 15:00:00,WIND,600702,1,HCM,1,18974,1011,20,22,20,32,1445,6,6,6,6,6,NA,NA,NA,NA,2019-11-14 14:51:00,0
2019-11-14 16:00:00,WIND,600702,1,HCM,1,18974,1011,30,23,30,30,1512,6,6,6,6,6,NA,NA,NA,NA,2019-11-14 15:51:00,0
2019-11-14 17:00:00,WIND,600702,1,HCM,1,18974,1011,20,22,20,31,1602,6,6,6,6,6,NA,NA,NA,NA,2019-11-14 16:51:00,0
2019-11-14 18:00:00,WIND,600702,1,HCM,1,18974,1011,30,19,30,27,1726,6,6,6,6,6,NA,NA,NA,NA,2019-11-14 17:51:00,0
2019-11-14 19:00:00,WIND,600702,1,HCM,1,18974,1011,30,20,20,29,1828,6,6,6,6,6,NA,NA,NA,NA,2019-11-14 18:51:00,0
2019-11-14 20:00:00,WIND,600702,1,HCM,1,18974,1011,20,20,20,29,1852,6,6,6,6,6,NA,NA,NA,NA,2019-11-14 19:51:00,0
2019-11-14 21:00:00,WIND,600702,1,HCM,1,18974,1011,20,19,20,27,2011,6,6,6,6,6,NA,NA,NA,NA,2019-11-14 20:55:00,0
2019-11-14 22:00:00,WIND,600702,1,HCM,1,18974,1011,20,19,20,26,2119,6,6,6,6,6,NA,NA,NA,NA,2019-11-14 21:51:00,0
2019-11-14 23:00:00,WIND,600702,1,HCM,1,18974,1011,30,19,30,27,2240,6,6,6,6,6,NA,NA,NA,NA,2019-11-14 22:51:00,0
2019-11-15 00:00:00,WIND,600702,1,HCM,1,18974,1011,30,20,30,28,2326,6,6,6,6,6,NA,NA,NA,NA,2019-11-14 23:51:00,0
2019-11-15 01:00:00,WIND,600702,1,HCM,1,18974,1011,20,20,10,27,40,6,6,6,6,6,NA,NA,NA,NA,2019-11-15 00:51:00,0
2019-11-15 02:00:00,WIND,600702,1,HCM,1,18974,1011,20,20,30,28,117,6,6,6,6,6,NA,NA,NA,NA,2019-11-15 01:51:00,0
2019-11-15 03:00:00,WIND,600702,1,HCM,1,18974,1011,20,20,30,27,218,6,6,6,6,6,NA,NA,NA,NA,2019-11-15 02:51:00,0
2019-11-15 04:00:00,WIND,600702,1,HCM,1,18974,1011,20,20,20,28,334,6,6,6,6,6,NA,NA,NA,NA,2019-11-15 03:51:00,0
2019-11-15 05:00:00,WIND,600702,1,HCM,1,18974,1011,20,20,10,27,426,6,6,6,6,6,NA,NA,NA,NA,2019-11-15 04:51:00,0
2019-11-15 06:00:00,WIND,600702,1,HCM,1,18974,1011,30,18,30,27,451,6,6,6,6,6,NA,NA,NA,NA,2019-11-15 05:51:00,0
2019-11-15 07:00:00,WIND,600702,1,HCM,1,18974,1011,20,19,10,25,639,6,6,6,6,6,NA,NA,NA,NA,2019-11-15 06:51:00,0
2019-11-15 08:00:00,WIND,600702,1,HCM,1,18974,1011,20,17,10,26,654,6,6,6,6,6,NA,NA,NA,NA,2019-11-15 07:51:00,0
2019-11-15 09:00:00,WIND,600702,1,HCM,1,18974,1011,30,17,20,22,829,6,6,6,6,6,NA,NA,NA,NA,2019-11-15 08:55:00,0
2019-11-15 10:00:00,WIND,600702,1,HCM,1,18974,1011,30,14,20,20,852,6,6,6,6,6,NA,NA,NA,NA,2019-11-15 10:30:00,0
2019-11-15 11:00:00,WIND,600702,1,HCM,1,18974,1011,30,12,30,17,1011,6,6,6,6,6,NA,NA,NA,NA,2019-11-15 10:51:00,0
2019-11-15 12:00:00,WIND,600702,1,HCM,1,18974,1011,40,11,60,16,1148,6,6,6,6,6,NA,NA,NA,NA,2019-11-15 11:51:00,0
2019-11-15 13:00:00,WIND,600702,1,HCM,1,18974,1011,50,12,60,18,1228,6,6,6,6,6,NA,NA,NA,NA,2019-11-15 12:51:00,0
2019-11-15 14:00:00,WIND,600702,1,HCM,1,18974,1011,50,11,50,15,1324,6,6,6,6,6,NA,NA,NA,NA,2019-11-15 13:51:00,0
2019-11-15 15:00:00,WIND,600702,1,HCM,1,18974,1011,50,10,40,14,1355,6,6,6,6,6,NA,NA,NA,NA,2019-11-15 14:51:00,0
2019-11-15 16:00:00,WIND,600702,1,HCM,1,18974,1011,60,7,50,11,1450,6,6,6,6,6,NA,NA,NA,NA,2019-11-15 15:51:00,0
2019-11-15 17:00:00,WIND,600702,1,HCM,1,18974,1011,60,7,70,10,1629,6,6,6,6,6,NA,NA,NA,NA,2019-11-15 16:51:00,0
2019-11-15 18:00:00,WIND,600702,1,HCM,1,18974,1011,60,7,60,10,1656,6,6,6,6,6,NA,NA,NA,NA,2019-11-15 17:51:00,0
2019-11-15 19:00:00,WIND,600702,1,HCM,1,18974,1011,50,8,50,9,1811,6,6,6,6,6,NA,NA,NA,NA,2019-11-15 18:51:00,0
2019-11-15 20:00:00,WIND,600702,1,HCM,1,18974,1011,50,8,60,10,1926,6,6,6,6,6,NA,NA,NA,NA,2019-11-15 19:51:00,0
2019-11-15 21:00:00,WIND,600702,1,HCM,1,18974,1011,50,6,60,8,2048,6,6,6,6,6,NA,NA,NA,NA,2019-11-15 20:55:00,0
2019-11-15 22:00:00,WIND,600702,1,HCM,1,18974,1011,60,8,70,9,2132,6,6,6,6,6,NA,NA,NA,NA,2019-11-15 21:51:00,0
2019-11-15 23:00:00,WIND,600702,1,HCM,1,18974,1011,50,6,60,8,2150,6,6,6,6,6,NA,NA,NA,NA,2019-11-15 22:51:00,0
2019-11-16 00:00:00,WIND,600702,1,HCM,1,18974,1011,50,4,60,6,2301,6,6,6,6,6,NA,NA,NA,NA,2019-11-15 23:51:00,0
2019-11-16 01:00:00,WIND,600702,1,HCM,1,18974,1011,50,3,60,4,34,6,6,6,6,6,NA,NA,NA,NA,2019-11-16 00:51:00,0
2019-11-16 02:00:00,WIND,600702,1,HCM,1,18974,1011,80,2,80,4,118,6,6,6,6,6,NA,NA,NA,NA,2019-11-16 01:51:00,0
2019-11-16 03:00:00,WIND,600702,1,HCM,1,18974,1011,320,2,300,3,222,6,6,6,6,6,NA,NA,NA,NA,2019-11-16 02:51:00,0
2019-11-16 04:00:00,WIND,600702,1,HCM,1,18974,1011,0,0,300,1,347,6,6,6,6,6,NA,NA,NA,NA,2019-11-16 03:51:00,0
2019-11-16 05:00:00,WIND,600702,1,HCM,1,18974,1011,300,1,290,3,433,6,6,6,6,6,NA,NA,NA,NA,2019-11-16 04:51:00,0
2019-11-16 06:00:00,WIND,600702,1,HCM,1,18974,1011,0,0,290,1,512,6,6,6,6,6,NA,NA,NA,NA,2019-11-16 05:51:00,0
2019-11-16 07:00:00,WIND,600702,1,HCM,1,18974,1011,290,1,290,2,639,6,6,6,6,6,NA,NA,NA,NA,2019-11-16 06:51:00,0
2019-11-16 08:00:00,WIND,600702,1,HCM,1,18974,1011,290,1,290,2,725,6,6,6,6,6,NA,NA,NA,NA,2019-11-16 07:51:00,0
2019-11-16 09:00:00,WIND,600702,1,HCM,1,18974,1011,0,0,220,2,821,6,6,6,6,6,NA,NA,NA,NA,2019-11-16 08:55:00,0
2019-11-16 10:00:00,WIND,600702,1,HCM,1,18974,1011,280,1,280,2,919,6,6,6,6,6,NA,NA,NA,NA,2019-11-16 09:51:00,0
2019-11-16 11:00:00,WIND,600702,1,HCM,1,18974,1011,190,1,130,2,1017,6,6,6,6,6,NA,NA,NA,NA,2019-11-16 10:51:00,0
2019-11-16 12:00:00,WIND,600702,1,HCM,1,18974,1011,190,1,230,2,1133,6,6,6,6,6,NA,NA,NA,NA,2019-11-16 11:51:00,0
2019-11-16 13:00:00,WIND,600702,1,HCM,1,18974,1011,360,1,180,2,1200,6,6,6,6,6,NA,NA,NA,NA,2019-11-16 12:52:00,0
2019-11-16 14:00:00,WIND,600702,1,HCM,1,18974,1011,70,1,100,4,1349,6,6,6,6,6,NA,NA,NA,NA,2019-11-16 13:51:00,0
2019-11-16 15:00:00,WIND,600702,1,HCM,1,18974,1011,120,5,130,9,1415,6,6,6,6,6,NA,NA,NA,NA,2019-11-16 14:51:00,0
2019-11-16 16:00:00,WIND,600702,1,HCM,1,18974,1011,210,4,160,9,1457,6,6,6,6,6,NA,NA,NA,NA,2019-11-16 15:51:00,0
2019-11-16 17:00:00,WIND,600702,1,HCM,1,18974,1011,260,2,110,5,1649,6,6,6,6,6,NA,NA,NA,NA,2019-11-16 16:51:00,0
2019-11-16 18:00:00,WIND,600702,1,HCM,1,18974,1011,120,5,120,8,1742,6,6,6,6,6,NA,NA,NA,NA,2019-11-16 17:51:00,0
2019-11-16 19:00:00,WIND,600702,1,HCM,1,18974,1011,130,7,130,9,1825,6,6,6,6,6,NA,NA,NA,NA,2019-11-16 18:51:00,0
2019-11-16 20:00:00,WIND,600702,1,HCM,1,18974,1011,250,7,270,10,1925,6,6,6,6,6,NA,NA,NA,NA,2019-11-16 19:51:00,0
2019-11-16 21:00:00,WIND,600702,1,HCM,1,18974,1011,290,5,300,8,1956,6,6,6,6,6,NA,NA,NA,NA,2019-11-16 20:53:00,0
2019-11-16 22:00:00,WIND,600702,1,HCM,1,18974,1011,290,2,280,4,2059,6,6,6,6,6,NA,NA,NA,NA,2019-11-16 21:51:00,0
2019-11-16 23:00:00,WIND,600702,1,HCM,1,18974,1011,270,2,310,3,2153,6,6,6,6,6,NA,NA,NA,NA,2019-11-16 22:52:00,0
2019-11-17 00:00:00,WIND,600702,1,HCM,1,18974,1011,250,1,220,3,2336,6,6,6,6,6,NA,NA,NA,NA,2019-11-16 23:51:00,0
2019-11-17 01:00:00,WIND,600702,1,HCM,1,18974,1011,210,1,210,1,17,6,6,6,6,6,NA,NA,NA,NA,2019-11-17 00:51:00,0
2019-11-17 02:00:00,WIND,600702,1,HCM,1,18974,1011,230,1,250,4,123,6,6,6,6,6,NA,NA,NA,NA,2019-11-17 01:51:00,0
2019-11-17 03:00:00,WIND,600702,1,HCM,1,18974,1011,180,1,220,2,150,6,6,6,6,6,NA,NA,NA,NA,2019-11-17 02:51:00,0
2019-11-17 04:00:00,WIND,600702,1,HCM,1,18974,1011,160,1,130,2,346,6,6,6,6,6,NA,NA,NA,NA,2019-11-17 03:51:00,0
2019-11-17 05:00:00,WIND,600702,1,HCM,1,18974,1011,130,1,120,2,351,6,6,6,6,6,NA,NA,NA,NA,2019-11-17 04:51:00,0
2019-11-17 06:00:00,WIND,600702,1,HCM,1,18974,1011,30,3,340,12,544,6,6,6,6,6,NA,NA,NA,NA,2019-11-17 05:51:00,0
2019-11-17 07:00:00,WIND,600702,1,HCM,1,18974,1011,360,19,10,27,620,6,6,6,6,6,NA,NA,NA,NA,2019-11-17 06:51:00,0
2019-11-17 08:00:00,WIND,600702,1,HCM,1,18974,1011,10,21,10,28,724,6,6,6,6,6,NA,NA,NA,NA,2019-11-17 07:51:00,0
2019-11-17 09:00:00,WIND,600702,1,HCM,1,18974,1011,10,19,360,27,752,6,6,6,6,6,NA,NA,NA,NA,2019-11-17 08:54:00,0
2019-11-17 10:00:00,WIND,600702,1,HCM,1,18974,1011,20,15,360,26,940,6,6,6,6,6,NA,NA,NA,NA,2019-11-17 16:09:00,0
2019-11-17 11:00:00,WIND,600702,1,HCM,1,18974,1011,20,13,30,21,1027,6,6,6,6,6,NA,NA,NA,NA,2019-11-17 16:10:00,0
2019-11-17 12:00:00,WIND,600702,1,HCM,1,18974,1011,10,13,360,19,1141,6,6,6,6,6,NA,NA,NA,NA,2019-11-17 16:11:00,0
2019-11-17 13:00:00,WIND,600702,1,HCM,1,18974,1011,360,14,10,19,1152,6,6,6,6,6,NA,NA,NA,NA,2019-11-17 16:11:00,0
2019-11-17 14:00:00,WIND,600702,1,HCM,1,18974,1011,360,13,360,18,1306,6,6,6,6,6,NA,NA,NA,NA,2019-11-17 16:12:00,0
2019-11-17 15:00:00,WIND,600702,1,HCM,1,18974,1011,360,12,10,17,1351,6,6,6,6,6,NA,NA,NA,NA,2019-11-17 16:12:00,0
2019-11-17 16:00:00,WIND,600702,1,HCM,1,18974,1011,360,11,350,15,1520,6,6,6,6,6,NA,NA,NA,NA,2019-11-17 16:12:00,0
2019-11-17 17:00:00,WIND,600702,1,HCM,1,18974,1011,350,10,10,15,1645,6,6,6,6,6,NA,NA,NA,NA,2019-11-17 16:51:00,0
2019-11-17 18:00:00,WIND,600702,1,HCM,1,18974,1011,350,10,350,14,1655,6,6,6,6,6,NA,NA,NA,NA,2019-11-17 17:51:00,0
2019-11-17 19:00:00,WIND,600702,1,HCM,1,18974,1011,340,9,350,13,1758,6,6,6,6,6,NA,NA,NA,NA,2019-11-17 18:51:00,0
2019-11-17 20:00:00,WIND,600702,1,HCM,1,18974,1011,340,9,340,11,1900,6,6,6,6,6,NA,NA,NA,NA,2019-11-17 19:51:00,0
2019-11-17 21:00:00,WIND,600702,1,HCM,1,18974,1011,360,7,10,15,2014,6,6,6,6,6,NA,NA,NA,NA,2019-11-17 20:53:00,0
2019-11-17 22:00:00,WIND,600702,1,HCM,1,18974,1011,330,5,320,8,2120,6,6,6,6,6,NA,NA,NA,NA,2019-11-17 21:51:00,0
2019-11-17 23:00:00,WIND,600702,1,HCM,1,18974,1011,300,7,320,14,2155,6,6,6,6,6,NA,NA,NA,NA,2019-11-17 22:51:00,0
2019-11-18 00:00:00,WIND,600702,1,HCM,1,18974,1011,270,5,280,6,2250,6,6,6,6,6,NA,NA,NA,NA,2019-11-17 23:51:00,0
2019-11-18 01:00:00,WIND,600702,1,HCM,1,18974,1011,270,5,270,6,20,6,6,6,6,6,NA,NA,NA,NA,2019-11-18 00:51:00,0
2019-11-18 02:00:00,WIND,600702,1,HCM,1,18974,1011,290,4,280,5,52,6,6,6,6,6,NA,NA,NA,NA,2019-11-18 01:51:00,0
2019-11-18 03:00:00,WIND,600702,1,HCM,1,18974,1011,330,3,300,5,153,6,6,6,6,6,NA,NA,NA,NA,2019-11-18 02:51:00,0
2019-11-18 04:00:00,WIND,600702,1,HCM,1,18974,1011,350,1,360,4,311,6,6,6,6,6,NA,NA,NA,NA,2019-11-18 03:51:00,0
2019-11-18 05:00:00,WIND,600702,1,HCM,1,18974,1011,350,1,280,4,358,6,6,6,6,6,NA,NA,NA,NA,2019-11-18 04:51:00,0
2019-11-18 06:00:00,WIND,600702,1,HCM,1,18974,1011,60,2,70,3,547,6,6,6,6,6,NA,NA,NA,NA,2019-11-18 05:51:00,0
2019-11-18 07:00:00,WIND,600702,1,HCM,1,18974,1011,120,1,80,3,551,6,6,6,6,6,NA,NA,NA,NA,2019-11-18 06:51:00,0
2019-11-18 08:00:00,WIND,600702,1,HCM,1,18974,1011,0,0,150,1,712,6,6,6,6,6,NA,NA,NA,NA,2019-11-18 07:51:00,0
2019-11-18 09:00:00,WIND,600702,1,HCM,1,18974,1011,130,1,70,2,843,6,6,6,6,6,NA,NA,NA,NA,2019-11-18 08:56:00,0
2019-11-18 10:00:00,WIND,600702,1,HCM,1,18974,1011,120,4,150,8,949,6,6,6,6,6,NA,NA,NA,NA,2019-11-18 09:51:00,0
2019-11-18 11:00:00,WIND,600702,1,HCM,1,18974,1011,160,6,150,10,1033,6,6,6,6,6,NA,NA,NA,NA,2019-11-18 10:51:00,0
2019-11-18 12:00:00,WIND,600702,1,HCM,1,18974,1011,170,6,160,10,1149,6,6,6,6,6,NA,NA,NA,NA,2019-11-18 11:51:00,0
2019-11-18 13:00:00,WIND,600702,1,HCM,1,18974,1011,160,9,150,14,1237,6,6,6,6,6,NA,NA,NA,NA,2019-11-18 12:52:00,0
2019-11-18 14:00:00,WIND,600702,1,HCM,1,18974,1011,150,11,140,15,1324,6,6,6,6,6,NA,NA,NA,NA,2019-11-18 13:51:00,0
2019-11-18 15:00:00,WIND,600702,1,HCM,1,18974,1011,150,12,140,16,1416,6,6,6,6,6,NA,NA,NA,NA,2019-11-18 14:51:00,0
2019-11-18 16:00:00,WIND,600702,1,HCM,1,18974,1011,140,11,140,15,1549,6,6,6,6,6,NA,NA,NA,NA,2019-11-18 15:51:00,0
2019-11-18 17:00:00,WIND,600702,1,HCM,1,18974,1011,140,14,130,18,1637,6,6,6,6,6,NA,NA,NA,NA,2019-11-18 16:51:00,0
2019-11-18 18:00:00,WIND,600702,1,HCM,1,18974,1011,140,15,140,20,1730,6,6,6,6,6,NA,NA,NA,NA,2019-11-18 17:51:00,0
2019-11-18 19:00:00,WIND,600702,1,HCM,1,18974,1011,140,16,140,23,1845,6,6,6,6,6,NA,NA,NA,NA,2019-11-18 18:51:00,0
2019-11-18 20:00:00,WIND,600702,1,HCM,1,18974,1011,140,18,130,24,1901,6,6,6,6,6,NA,NA,NA,NA,2019-11-18 19:51:00,0
2019-11-18 21:00:00,WIND,600702,1,HCM,1,18974,1011,150,17,140,23,1956,6,6,6,6,6,NA,NA,NA,NA,2019-11-18 20:56:00,0
2019-11-18 22:00:00,WIND,600702,1,HCM,1,18974,1011,160,18,160,25,2145,6,6,6,6,6,NA,NA,NA,NA,2019-11-18 21:51:00,0
2019-11-18 23:00:00,WIND,600702,1,HCM,1,18974,1011,160,21,150,29,2247,6,6,6,6,6,NA,NA,NA,NA,2019-11-18 22:51:00,0
2019-11-19 00:00:00,WIND,600702,1,HCM,1,18974,1011,150,22,160,29,2333,6,6,6,6,6,NA,NA,NA,NA,2019-11-18 23:51:00,0
2019-11-19 01:00:00,WIND,600702,1,HCM,1,18974,1011,150,23,140,29,19,6,6,6,6,6,NA,NA,NA,NA,2019-11-19 00:51:00,0
2019-11-19 02:00:00,WIND,600702,1,HCM,1,18974,1011,150,23,150,30,147,6,6,6,6,6,NA,NA,NA,NA,2019-11-19 01:51:00,0
2019-11-19 03:00:00,WIND,600702,1,HCM,1,18974,1011,150,23,150,30,212,6,6,6,6,6,NA,NA,NA,NA,2019-11-19 02:51:00,0
2019-11-19 04:00:00,WIND,600702,1,HCM,1,18974,1011,150,23,150,30,333,6,6,6,6,6,NA,NA,NA,NA,2019-11-19 03:51:00,0
2019-11-19 05:00:00,WIND,600702,1,HCM,1,18974,1011,150,23,150,29,359,6,6,6,6,6,NA,NA,NA,NA,2019-11-19 04:51:00,0
2019-11-19 06:00:00,WIND,600702,1,HCM,1,18974,1011,140,24,150,32,506,6,6,6,6,6,NA,NA,NA,NA,2019-11-19 05:51:00,0
2019-11-19 07:00:00,WIND,600702,1,HCM,1,18974,1011,130,25,130,34,635,6,6,6,6,6,NA,NA,NA,NA,2019-11-19 06:51:00,0
2019-11-19 08:00:00,WIND,600702,1,HCM,1,18974,1011,140,25,140,33,730,6,6,6,6,6,NA,NA,NA,NA,2019-11-19 07:51:00,0
2019-11-19 09:00:00,WIND,600702,1,HCM,1,18974,1011,150,26,150,34,805,6,6,6,6,6,NA,NA,NA,NA,2019-11-19 08:54:00,0
2019-11-19 10:00:00,WIND,600702,1,HCM,1,18974,1011,150,27,140,35,949,6,6,6,6,6,NA,NA,NA,NA,2019-11-19 09:51:00,0
2019-11-19 11:00:00,WIND,600702,1,HCM,1,18974,1011,140,27,140,36,1046,6,6,6,6,6,NA,NA,NA,NA,2019-11-19 10:51:00,0
2019-11-19 12:00:00,WIND,600702,1,HCM,1,18974,1011,140,27,140,36,1054,6,6,6,6,6,NA,NA,NA,NA,2019-11-19 11:51:00,0
2019-11-19 13:00:00,WIND,600702,1,HCM,1,18974,1011,140,28,140,38,1221,6,6,6,6,6,NA,NA,NA,NA,2019-11-19 12:51:00,0
2019-11-19 14:00:00,WIND,600702,1,HCM,1,18974,1011,140,29,140,37,1327,6,6,6,6,6,NA,NA,NA,NA,2019-11-19 13:51:00,0
2019-11-19 15:00:00,WIND,600702,1,HCM,1,18974,1011,140,29,140,38,1434,6,6,6,6,6,NA,NA,NA,NA,2019-11-19 14:51:00,0
2019-11-19 16:00:00,WIND,600702,1,HCM,1,18974,1011,140,30,150,38,1540,6,6,6,6,6,NA,NA,NA,NA,2019-11-19 15:51:00,0
2019-11-19 17:00:00,WIND,600702,1,HCM,1,18974,1011,150,29,150,40,1603,6,6,6,6,6,NA,NA,NA,NA,2019-11-19 16:51:00,0
2019-11-19 18:00:00,WIND,600702,1,HCM,1,18974,1011,150,29,150,37,1651,6,6,6,6,6,NA,NA,NA,NA,2019-11-19 17:51:00,0
2019-11-19 19:00:00,WIND,600702,1,HCM,1,18974,1011,150,26,150,37,1751,6,6,6,6,6,NA,NA,NA,NA,2019-11-19 18:51:00,0
2019-11-19 20:00:00,WIND,600702,1,HCM,1,18974,1011,140,25,140,35,1918,6,6,6,6,6,NA,NA,NA,NA,2019-11-19 19:51:00,0
2019-11-19 21:00:00,WIND,600702,1,HCM,1,18974,1011,140,24,150,32,1950,6,6,6,6,6,NA,NA,NA,NA,2019-11-19 20:54:00,0
2019-11-19 22:00:00,WIND,600702,1,HCM,1,18974,1011,140,23,140,30,2104,6,6,6,6,6,NA,NA,NA,NA,2019-11-19 21:51:00,0
2019-11-19 23:00:00,WIND,600702,1,HCM,1,18974,1011,150,23,150,29,2236,6,6,6,6,6,NA,NA,NA,NA,2019-11-19 22:51:00,0
2019-11-20 00:00:00,WIND,600702,1,HCM,1,18974,1011,140,22,140,29,2327,6,6,6,6,6,NA,NA,NA,NA,2019-11-19 23:51:00,0
2019-11-20 01:00:00,WIND,600702,1,HCM,1,18974,1011,140,21,130,28,16,6,6,6,6,6,NA,NA,NA,NA,2019-11-20 00:51:00,0
2019-11-20 02:00:00,WIND,600702,1,HCM,1,18974,1011,130,20,130,27,133,6,6,6,6,6,NA,NA,NA,NA,2019-11-20 01:51:00,0
2019-11-20 03:00:00,WIND,600702,1,HCM,1,18974,1011,130,21,130,30,246,6,6,6,6,6,NA,NA,NA,NA,2019-11-20 02:51:00,0
2019-11-20 04:00:00,WIND,600702,1,HCM,1,18974,1011,130,23,130,30,322,6,6,6,6,6,NA,NA,NA,NA,2019-11-20 03:51:00,0
2019-11-20 05:00:00,WIND,600702,1,HCM,1,18974,1011,130,24,130,31,445,6,6,6,6,6,NA,NA,NA,NA,2019-11-20 04:51:00,0
2019-11-20 06:00:00,WIND,600702,1,HCM,1,18974,1011,130,24,130,33,526,6,6,6,6,6,NA,NA,NA,NA,2019-11-20 05:51:00,0
2019-11-20 07:00:00,WIND,600702,1,HCM,1,18974,1011,140,25,130,34,643,6,6,6,6,6,NA,NA,NA,NA,2019-11-20 06:51:00,0
2019-11-20 08:00:00,WIND,600702,1,HCM,1,18974,1011,130,27,140,36,739,6,6,6,6,6,NA,NA,NA,NA,2019-11-20 07:51:00,0
2019-11-20 09:00:00,WIND,600702,1,HCM,1,18974,1011,150,24,140,33,758,6,6,6,6,6,NA,NA,NA,NA,2019-11-20 08:54:00,0
2019-11-20 10:00:00,WIND,600702,1,HCM,1,18974,1011,140,26,140,36,943,6,6,6,6,6,NA,NA,NA,NA,2019-11-20 09:51:00,0
2019-11-20 11:00:00,WIND,600702,1,HCM,1,18974,1011,130,28,130,36,1024,6,6,6,6,6,NA,NA,NA,NA,2019-11-20 10:51:00,0
2019-11-20 12:00:00,WIND,600702,1,HCM,1,18974,1011,140,29,140,39,1142,6,6,6,6,6,NA,NA,NA,NA,2019-11-20 11:51:00,0
2019-11-20 13:00:00,WIND,600702,1,HCM,1,18974,1011,140,27,140,38,1152,6,6,6,6,6,NA,NA,NA,NA,2019-11-20 12:51:00,0
2019-11-20 14:00:00,WIND,600702,1,HCM,1,18974,1011,140,26,140,34,1341,6,6,6,6,6,NA,NA,NA,NA,2019-11-20 13:51:00,0
2019-11-20 15:00:00,WIND,600702,1,HCM,1,18974,1011,140,27,140,35,1417,6,6,6,6,6,NA,NA,NA,NA,2019-11-20 14:51:00,0
2019-11-20 16:00:00,WIND,600702,1,HCM,1,18974,1011,140,27,150,36,1508,6,6,6,6,6,NA,NA,NA,NA,2019-11-20 15:51:00,0
2019-11-20 17:00:00,WIND,600702,1,HCM,1,18974,1011,140,26,140,33,1606,6,6,6,6,6,NA,NA,NA,NA,2019-11-20 16:51:00,0
2019-11-20 18:00:00,WIND,600702,1,HCM,1,18974,1011,140,28,150,37,1748,6,6,6,6,6,NA,NA,NA,NA,2019-11-20 17:51:00,0
2019-11-20 19:00:00,WIND,600702,1,HCM,1,18974,1011,140,30,140,38,1827,6,6,6,6,6,NA,NA,NA,NA,2019-11-20 18:51:00,0
2019-11-20 20:00:00,WIND,600702,1,HCM,1,18974,1011,150,29,140,38,1942,6,6,6,6,6,NA,NA,NA,NA,2019-11-20 19:51:00,0
2019-11-20 21:00:00,WIND,600702,1,HCM,1,18974,1011,150,27,150,37,2013,6,6,6,6,6,NA,NA,NA,NA,2019-11-20 20:55:00,0
2019-11-20 22:00:00,WIND,600702,1,HCM,1,18974,1011,140,26,130,33,2132,6,6,6,6,6,NA,NA,NA,NA,2019-11-20 21:51:00,0
2019-11-20 23:00:00,WIND,600702,1,HCM,1,18974,1011,140,26,140,36,2205,6,6,6,6,6,NA,NA,NA,NA,2019-11-20 22:51:00,0
2019-11-21 00:00:00,WIND,600702,1,HCM,1,18974,1011,140,24,140,34,2346,6,6,6,6,6,NA,NA,NA,NA,2019-11-20 23:51:00,0
2019-11-21 01:00:00,WIND,600702,1,HCM,1,18974,1011,140,25,140,33,18,6,6,6,6,6,NA,NA,NA,NA,2019-11-21 00:51:00,0
2019-11-21 02:00:00,WIND,600702,1,HCM,1,18974,1011,140,23,130,31,103,6,6,6,6,6,NA,NA,NA,NA,2019-11-21 01:51:00,0
2019-11-21 03:00:00,WIND,600702,1,HCM,1,18974,1011,130,22,130,30,213,6,6,6,6,6,NA,NA,NA,NA,2019-11-21 02:51:00,0
2019-11-21 04:00:00,WIND,600702,1,HCM,1,18974,1011,130,25,130,32,345,6,6,6,6,6,NA,NA,NA,NA,2019-11-21 03:51:00,0
2019-11-21 05:00:00,WIND,600702,1,HCM,1,18974,1011,130,24,140,32,354,6,6,6,6,6,NA,NA,NA,NA,2019-11-21 04:51:00,0
2019-11-21 06:00:00,WIND,600702,1,HCM,1,18974,1011,130,25,130,34,504,6,6,6,6,6,NA,NA,NA,NA,2019-11-21 05:51:00,0
2019-11-21 07:00:00,WIND,600702,1,HCM,1,18974,1011,130,23,130,32,559,6,6,6,6,6,NA,NA,NA,NA,2019-11-21 06:51:00,0
2019-11-21 08:00:00,WIND,600702,1,HCM,1,18974,1011,130,23,130,32,652,6,6,6,6,6,NA,NA,NA,NA,2019-11-21 07:51:00,0
2019-11-21 09:00:00,WIND,600702,1,HCM,1,18974,1011,130,23,140,32,819,6,6,6,6,6,NA,NA,NA,NA,2019-11-21 08:54:00,0
2019-11-21 10:00:00,WIND,600702,1,HCM,1,18974,1011,130,26,130,35,916,6,6,6,6,6,NA,NA,NA,NA,2019-11-21 09:51:00,0
2019-11-21 11:00:00,WIND,600702,1,HCM,1,18974,1011,130,24,140,33,1009,6,6,6,6,6,NA,NA,NA,NA,2019-11-21 10:51:00,0
2019-11-21 12:00:00,WIND,600702,1,HCM,1,18974,1011,130,24,130,32,1143,6,6,6,6,6,NA,NA,NA,NA,2019-11-21 11:51:00,0
2019-11-21 13:00:00,WIND,600702,1,HCM,1,18974,1011,130,25,130,35,1212,6,6,6,6,6,NA,NA,NA,NA,2019-11-21 12:51:00,0
2019-11-21 14:00:00,WIND,600702,1,HCM,1,18974,1011,140,27,130,37,1311,6,6,6,6,6,NA,NA,NA,NA,2019-11-21 13:51:00,0
2019-11-21 15:00:00,WIND,600702,1,HCM,1,18974,1011,130,24,130,31,1406,6,6,6,6,6,NA,NA,NA,NA,2019-11-21 14:51:00,0
2019-11-21 16:00:00,WIND,600702,1,HCM,1,18974,1011,130,23,130,33,1454,6,6,6,6,6,NA,NA,NA,NA,2019-11-21 15:51:00,0
2019-11-21 17:00:00,WIND,600702,1,HCM,1,18974,1011,120,18,130,27,1628,6,6,6,6,6,NA,NA,NA,NA,2019-11-21 16:51:00,0
2019-11-21 18:00:00,WIND,600702,1,HCM,1,18974,1011,130,25,130,35,1718,6,6,6,6,6,NA,NA,NA,NA,2019-11-21 17:51:00,0
2019-11-21 19:00:00,WIND,600702,1,HCM,1,18974,1011,120,24,120,33,1830,6,6,6,6,6,NA,NA,NA,NA,2019-11-21 18:51:00,0
2019-11-21 20:00:00,WIND,600702,1,HCM,1,18974,1011,130,23,140,33,1911,6,6,6,6,6,NA,NA,NA,NA,2019-11-21 19:51:00,0
2019-11-21 21:00:00,WIND,600702,1,HCM,1,18974,1011,120,23,130,32,2047,6,6,6,6,6,NA,NA,NA,NA,2019-11-21 20:54:00,0
2019-11-21 22:00:00,WIND,600702,1,HCM,1,18974,1011,120,24,130,34,2106,6,6,6,6,6,NA,NA,NA,NA,2019-11-21 21:51:00,0
2019-11-21 23:00:00,WIND,600702,1,HCM,1,18974,1011,130,24,130,35,2245,6,6,6,6,6,NA,NA,NA,NA,2019-11-21 22:51:00,0
2019-11-22 00:00:00,WIND,600702,1,HCM,1,18974,1011,130,21,130,30,2253,6,6,6,6,6,NA,NA,NA,NA,2019-11-21 23:51:00,0
2019-11-22 01:00:00,WIND,600702,1,HCM,1,18974,1011,120,16,120,27,38,6,6,6,6,6,NA,NA,NA,NA,2019-11-22 00:51:00,0
2019-11-22 02:00:00,WIND,600702,1,HCM,1,18974,1011,120,16,110,27,50,6,6,6,6,6,NA,NA,NA,NA,2019-11-22 01:51:00,0
2019-11-22 03:00:00,WIND,600702,1,HCM,1,18974,1011,110,16,120,27,158,6,6,6,6,6,NA,NA,NA,NA,2019-11-22 02:51:00,0
2019-11-22 04:00:00,WIND,600702,1,HCM,1,18974,1011,100,16,100,22,345,6,6,6,6,6,NA,NA,NA,NA,2019-11-22 03:51:00,0
2019-11-22 05:00:00,WIND,600702,1,HCM,1,18974,1011,90,15,100,23,412,6,6,6,6,6,NA,NA,NA,NA,2019-11-22 04:51:00,0
2019-11-22 06:00:00,WIND,600702,1,HCM,1,18974,1011,90,13,90,20,544,6,6,6,6,6,NA,NA,NA,NA,2019-11-22 05:51:00,0
2019-11-22 07:00:00,WIND,600702,1,HCM,1,18974,1011,90,13,90,21,559,6,6,6,6,6,NA,NA,NA,NA,2019-11-22 06:51:00,0
2019-11-22 08:00:00,WIND,600702,1,HCM,1,18974,1011,90,11,80,17,716,6,6,6,6,6,NA,NA,NA,NA,2019-11-22 07:51:00,0
2019-11-22 09:00:00,WIND,600702,1,HCM,1,18974,1011,90,13,90,18,836,6,6,6,6,6,NA,NA,NA,NA,2019-11-22 08:55:00,0
2019-11-22 10:00:00,WIND,600702,1,HCM,1,18974,1011,80,12,90,18,852,6,6,6,6,6,NA,NA,NA,NA,2019-11-22 09:51:00,0
2019-11-22 11:00:00,WIND,600702,1,HCM,1,18974,1011,80,12,80,17,1046,6,6,6,6,6,NA,NA,NA,NA,2019-11-22 10:51:00,0
2019-11-22 12:00:00,WIND,600702,1,HCM,1,18974,1011,90,11,90,16,1103,6,6,6,6,6,NA,NA,NA,NA,2019-11-22 11:51:00,0
2019-11-22 13:00:00,WIND,600702,1,HCM,1,18974,1011,90,13,80,18,1211,6,6,6,6,6,NA,NA,NA,NA,2019-11-22 12:51:00,0
2019-11-22 14:00:00,WIND,600702,1,HCM,1,18974,1011,100,10,110,19,1300,6,6,6,6,6,NA,NA,NA,NA,2019-11-22 13:51:00,0
2019-11-22 15:00:00,WIND,600702,1,HCM,1,18974,1011,90,9,90,12,1409,6,6,6,6,6,NA,NA,NA,NA,2019-11-22 14:51:00,0
2019-11-22 16:00:00,WIND,600702,1,HCM,1,18974,1011,80,10,80,13,1526,6,6,6,6,6,NA,NA,NA,NA,2019-11-22 15:51:00,0
2019-11-22 17:00:00,WIND,600702,1,HCM,1,18974,1011,70,8,70,11,1637,6,6,6,6,6,NA,NA,NA,NA,2019-11-22 16:51:00,0
2019-11-22 18:00:00,WIND,600702,1,HCM,1,18974,1011,70,9,70,13,1656,6,6,6,6,6,NA,NA,NA,NA,2019-11-22 17:51:00,0
2019-11-22 19:00:00,WIND,600702,1,HCM,1,18974,1011,60,9,90,14,1849,6,6,6,6,6,NA,NA,NA,NA,2019-11-22 18:51:00,0
2019-11-22 20:00:00,WIND,600702,1,HCM,1,18974,1011,80,11,80,16,1927,6,6,6,6,6,NA,NA,NA,NA,2019-11-22 19:51:00,0
2019-11-22 21:00:00,WIND,600702,1,HCM,1,18974,1011,90,11,90,16,2018,6,6,6,6,6,NA,NA,NA,NA,2019-11-22 20:55:00,0
2019-11-22 22:00:00,WIND,600702,1,HCM,1,18974,1011,90,12,100,16,2139,6,6,6,6,6,NA,NA,NA,NA,2019-11-22 21:51:00,0
2019-11-22 23:00:00,WIND,600702,1,HCM,1,18974,1011,90,11,100,17,2209,6,6,6,6,6,NA,NA,NA,NA,2019-11-22 22:51:00,0
2019-11-23 00:00:00,WIND,600702,1,HCM,1,18974,1011,90,11,100,15,2344,6,6,6,6,6,NA,NA,NA,NA,2019-11-22 23:51:00,0
2019-11-23 01:00:00,WIND,600702,1,HCM,1,18974,1011,90,10,90,14,36,6,6,6,6,6,NA,NA,NA,NA,2019-11-23 00:51:00,0
2019-11-23 02:00:00,WIND,600702,1,HCM,1,18974,1011,80,9,90,14,142,6,6,6,6,6,NA,NA,NA,NA,2019-11-23 01:51:00,0
2019-11-23 03:00:00,WIND,600702,1,HCM,1,18974,1011,90,11,80,16,225,6,6,6,6,6,NA,NA,NA,NA,2019-11-23 02:52:00,0
2019-11-23 04:00:00,WIND,600702,1,HCM,1,18974,1011,90,10,90,14,318,6,6,6,6,6,NA,NA,NA,NA,2019-11-23 03:51:00,0
2019-11-23 05:00:00,WIND,600702,1,HCM,1,18974,1011,90,10,90,15,441,6,6,6,6,6,NA,NA,NA,NA,2019-11-23 04:51:00,0
2019-11-23 06:00:00,WIND,600702,1,HCM,1,18974,1011,100,10,110,14,454,6,6,6,6,6,NA,NA,NA,NA,2019-11-23 05:51:00,0
2019-11-23 07:00:00,WIND,600702,1,HCM,1,18974,1011,90,8,100,11,551,6,6,6,6,6,NA,NA,NA,NA,2019-11-23 06:51:00,0
2019-11-23 08:00:00,WIND,600702,1,HCM,1,18974,1011,70,7,90,12,740,6,6,6,6,6,NA,NA,NA,NA,2019-11-23 07:51:00,0
2019-11-23 09:00:00,WIND,600702,1,HCM,1,18974,1011,80,9,80,13,822,6,6,6,6,6,NA,NA,NA,NA,2019-11-23 08:54:00,0
2019-11-23 10:00:00,WIND,600702,1,HCM,1,18974,1011,70,11,80,15,925,6,6,6,6,6,NA,NA,NA,NA,2019-11-23 09:51:00,0
2019-11-23 11:00:00,WIND,600702,1,HCM,1,18974,1011,60,8,70,12,1035,6,6,6,6,6,NA,NA,NA,NA,2019-11-23 10:51:00,0
2019-11-23 12:00:00,WIND,600702,1,HCM,1,18974,1011,70,8,80,11,1122,6,6,6,6,6,NA,NA,NA,NA,2019-11-23 11:51:00,0
2019-11-23 13:00:00,WIND,600702,1,HCM,1,18974,1011,60,9,70,13,1219,6,6,6,6,6,NA,NA,NA,NA,2019-11-23 12:51:00,0
2019-11-23 14:00:00,WIND,600702,1,HCM,1,18974,1011,60,10,70,15,1346,6,6,6,6,6,NA,NA,NA,NA,2019-11-23 13:51:00,0
2019-11-23 15:00:00,WIND,600702,1,HCM,1,18974,1011,60,10,60,14,1412,6,6,6,6,6,NA,NA,NA,NA,2019-11-23 14:51:00,0
2019-11-23 16:00:00,WIND,600702,1,HCM,1,18974,1011,60,10,60,13,1459,6,6,6,6,6,NA,NA,NA,NA,2019-11-23 15:51:00,0
2019-11-23 17:00:00,WIND,600702,1,HCM,1,18974,1011,60,8,60,11,1648,6,6,6,6,6,NA,NA,NA,NA,2019-11-23 16:51:00,0
2019-11-23 18:00:00,WIND,600702,1,HCM,1,18974,1011,60,8,70,11,1655,6,6,6,6,6,NA,NA,NA,NA,2019-11-23 17:51:00,0
2019-11-23 19:00:00,WIND,600702,1,HCM,1,18974,1011,60,6,60,8,1754,6,6,6,6,6,NA,NA,NA,NA,2019-11-23 18:51:00,0
2019-11-23 20:00:00,WIND,600702,1,HCM,1,18974,1011,60,8,60,13,1931,6,6,6,6,6,NA,NA,NA,NA,2019-11-23 19:51:00,0
2019-11-23 21:00:00,WIND,600702,1,HCM,1,18974,1011,50,7,60,10,1950,6,6,6,6,6,NA,NA,NA,NA,2019-11-23 20:56:00,0
2019-11-23 22:00:00,WIND,600702,1,HCM,1,18974,1011,50,7,60,9,2136,6,6,6,6,6,NA,NA,NA,NA,2019-11-23 21:51:00,0
2019-11-23 23:00:00,WIND,600702,1,HCM,1,18974,1011,50,7,50,9,2228,6,6,6,6,6,NA,NA,NA,NA,2019-11-23 22:51:00,0
2019-11-24 00:00:00,WIND,600702,1,HCM,1,18974,1011,50,6,50,8,2252,6,6,6,6,6,NA,NA,NA,NA,2019-11-23 23:51:00,0
2019-11-24 01:00:00,WIND,600702,1,HCM,1,18974,1011,60,6,70,8,28,6,6,6,6,6,NA,NA,NA,NA,2019-11-24 00:51:00,0
2019-11-24 02:00:00,WIND,600702,1,HCM,1,18974,1011,40,4,50,6,138,6,6,6,6,6,NA,NA,NA,NA,2019-11-24 01:51:00,0
2019-11-24 03:00:00,WIND,600702,1,HCM,1,18974,1011,50,4,50,6,220,6,6,6,6,6,NA,NA,NA,NA,2019-11-24 02:51:00,0
2019-11-24 04:00:00,WIND,600702,1,HCM,1,18974,1011,70,2,110,3,340,6,6,6,6,6,NA,NA,NA,NA,2019-11-24 03:51:00,0
2019-11-24 05:00:00,WIND,600702,1,HCM,1,18974,1011,120,2,120,4,446,6,6,6,6,6,NA,NA,NA,NA,2019-11-24 04:51:00,0
2019-11-24 06:00:00,WIND,600702,1,HCM,1,18974,1011,120,5,120,7,544,6,6,6,6,6,NA,NA,NA,NA,2019-11-24 05:51:00,0
2019-11-24 07:00:00,WIND,600702,1,HCM,1,18974,1011,130,6,130,9,604,6,6,6,6,6,NA,NA,NA,NA,2019-11-24 06:51:00,0
2019-11-24 08:00:00,WIND,600702,1,HCM,1,18974,1011,130,5,120,6,650,6,6,6,6,6,NA,NA,NA,NA,2019-11-24 07:52:00,0
2019-11-24 09:00:00,WIND,600702,1,HCM,1,18974,1011,120,4,150,8,848,6,6,6,6,6,NA,NA,NA,NA,2019-11-24 08:55:00,0
2019-11-24 10:00:00,WIND,600702,1,HCM,1,18974,1011,150,7,140,10,942,6,6,6,6,6,NA,NA,NA,NA,2019-11-24 09:51:00,0
2019-11-24 11:00:00,WIND,600702,1,HCM,1,18974,1011,150,8,150,11,1049,6,6,6,6,6,NA,NA,NA,NA,2019-11-24 10:51:00,0
2019-11-24 12:00:00,WIND,600702,1,HCM,1,18974,1011,150,9,150,14,1143,6,6,6,6,6,NA,NA,NA,NA,2019-11-24 11:51:00,0
2019-11-24 13:00:00,WIND,600702,1,HCM,1,18974,1011,150,10,140,14,1159,6,6,6,6,6,NA,NA,NA,NA,2019-11-24 12:51:00,0
2019-11-24 14:00:00,WIND,600702,1,HCM,1,18974,1011,150,9,150,12,1344,6,6,6,6,6,NA,NA,NA,NA,2019-11-24 13:51:00,0
2019-11-24 15:00:00,WIND,600702,1,HCM,1,18974,1011,150,11,140,14,1420,6,6,6,6,6,NA,NA,NA,NA,2019-11-24 14:51:00,0
2019-11-24 16:00:00,WIND,600702,1,HCM,1,18974,1011,140,9,150,13,1549,6,6,6,6,6,NA,NA,NA,NA,2019-11-24 15:51:00,0
2019-11-24 17:00:00,WIND,600702,1,HCM,1,18974,1011,130,11,140,15,1647,6,6,6,6,6,NA,NA,NA,NA,2019-11-24 16:51:00,0
2019-11-24 18:00:00,WIND,600702,1,HCM,1,18974,1011,130,11,140,16,1701,6,6,6,6,6,NA,NA,NA,NA,2019-11-24 17:51:00,0
2019-11-24 19:00:00,WIND,600702,1,HCM,1,18974,1011,130,11,130,14,1830,6,6,6,6,6,NA,NA,NA,NA,2019-11-24 18:51:00,0
2019-11-24 20:00:00,WIND,600702,1,HCM,1,18974,1011,130,11,130,14,1924,6,6,6,6,6,NA,NA,NA,NA,2019-11-24 19:51:00,0
2019-11-24 21:00:00,WIND,600702,1,HCM,1,18974,1011,130,11,130,15,2044,6,6,6,6,6,NA,NA,NA,NA,2019-11-24 20:54:00,0
2019-11-24 22:00:00,WIND,600702,1,HCM,1,18974,1011,120,11,120,14,2051,6,6,6,6,6,NA,NA,NA,NA,2019-11-24 21:51:00,0
2019-11-24 23:00:00,WIND,600702,1,HCM,1,18974,1011,120,13,130,19,2238,6,6,6,6,6,NA,NA,NA,NA,2019-11-24 22:51:00,0
2019-11-25 00:00:00,WIND,600702,1,HCM,1,18974,1011,130,14,130,20,2252,6,6,6,6,6,NA,NA,NA,NA,2019-11-24 23:51:00,0
2019-11-25 01:00:00,WIND,600702,1,HCM,1,18974,1011,130,14,130,19,48,6,6,6,6,6,NA,NA,NA,NA,2019-11-25 00:51:00,0
2019-11-25 02:00:00,WIND,600702,1,HCM,1,18974,1011,130,15,130,20,149,6,6,6,6,6,NA,NA,NA,NA,2019-11-25 01:51:00,0
2019-11-25 03:00:00,WIND,600702,1,HCM,1,18974,1011,130,16,130,22,213,6,6,6,6,6,NA,NA,NA,NA,2019-11-25 02:51:00,0
2019-11-25 04:00:00,WIND,600702,1,HCM,1,18974,1011,120,15,120,20,314,6,6,6,6,6,NA,NA,NA,NA,2019-11-25 03:51:00,0
2019-11-25 05:00:00,WIND,600702,1,HCM,1,18974,1011,120,16,130,21,427,6,6,6,6,6,NA,NA,NA,NA,2019-11-25 04:51:00,0
2019-11-25 06:00:00,WIND,600702,1,HCM,1,18974,1011,130,15,130,20,507,6,6,6,6,6,NA,NA,NA,NA,2019-11-25 05:51:00,0
2019-11-25 07:00:00,WIND,600702,1,HCM,1,18974,1011,120,15,130,20,550,6,6,6,6,6,NA,NA,NA,NA,2019-11-25 06:51:00,0
2019-11-25 08:00:00,WIND,600702,1,HCM,1,18974,1011,130,15,130,21,706,6,6,6,6,6,NA,NA,NA,NA,2019-11-25 07:51:00,0
2019-11-25 09:00:00,WIND,600702,1,HCM,1,18974,1011,120,14,120,19,801,6,6,6,6,6,NA,NA,NA,NA,2019-11-25 08:56:00,0
2019-11-25 10:00:00,WIND,600702,1,HCM,1,18974,1011,120,14,120,19,900,6,6,6,6,6,NA,NA,NA,NA,2019-11-25 09:51:00,0
2019-11-25 11:00:00,WIND,600702,1,HCM,1,18974,1011,120,14,110,19,1026,6,6,6,6,6,NA,NA,NA,NA,2019-11-25 10:51:00,0
2019-11-25 12:00:00,WIND,600702,1,HCM,1,18974,1011,120,15,120,20,1133,6,6,6,6,6,NA,NA,NA,NA,2019-11-25 11:51:00,0
2019-11-25 13:00:00,WIND,600702,1,HCM,1,18974,1011,110,12,110,18,1214,6,6,6,6,6,NA,NA,NA,NA,2019-11-25 12:51:00,0
2019-11-25 14:00:00,WIND,600702,1,HCM,1,18974,1011,110,13,110,18,1324,6,6,6,6,6,NA,NA,NA,NA,2019-11-25 13:52:00,0
2019-11-25 15:00:00,WIND,600702,1,HCM,1,18974,1011,100,11,100,16,1404,6,6,6,6,6,NA,NA,NA,NA,2019-11-25 14:51:00,0
2019-11-25 16:00:00,WIND,600702,1,HCM,1,18974,1011,100,10,110,14,1459,6,6,6,6,6,NA,NA,NA,NA,2019-11-25 15:51:00,0
2019-11-25 17:00:00,WIND,600702,1,HCM,1,18974,1011,100,11,100,15,1610,6,6,6,6,6,NA,NA,NA,NA,2019-11-25 16:51:00,0
2019-11-25 18:00:00,WIND,600702,1,HCM,1,18974,1011,100,9,110,14,1704,6,6,6,6,6,NA,NA,NA,NA,2019-11-25 17:51:00,0
2019-11-25 19:00:00,WIND,600702,1,HCM,1,18974,1011,100,9,100,12,1750,6,6,6,6,6,NA,NA,NA,NA,2019-11-25 18:51:00,0
2019-11-25 20:00:00,WIND,600702,1,HCM,1,18974,1011,110,10,110,15,1916,6,6,6,6,6,NA,NA,NA,NA,2019-11-25 19:51:00,0
2019-11-25 21:00:00,WIND,600702,1,HCM,1,18974,1011,100,10,110,14,2027,6,6,6,6,6,NA,NA,NA,NA,2019-11-25 20:55:00,0
2019-11-25 22:00:00,WIND,600702,1,HCM,1,18974,1011,110,9,110,13,2050,6,6,6,6,6,NA,NA,NA,NA,2019-11-25 21:51:00,0
2019-11-25 23:00:00,WIND,600702,1,HCM,1,18974,1011,120,12,120,16,2155,6,6,6,6,6,NA,NA,NA,NA,2019-11-25 22:51:00,0
2019-11-26 00:00:00,WIND,600702,1,HCM,1,18974,1011,120,10,120,15,2315,6,6,6,6,6,NA,NA,NA,NA,2019-11-25 23:51:00,0
2019-11-26 01:00:00,WIND,600702,1,HCM,1,18974,1011,120,9,120,15,2350,6,6,6,6,6,NA,NA,NA,NA,2019-11-26 00:51:00,0
2019-11-26 02:00:00,WIND,600702,1,HCM,1,18974,1011,120,7,130,12,122,6,6,6,6,6,NA,NA,NA,NA,2019-11-26 01:51:00,0
2019-11-26 03:00:00,WIND,600702,1,HCM,1,18974,1011,90,5,110,7,151,6,6,6,6,6,NA,NA,NA,NA,2019-11-26 02:51:00,0
2019-11-26 04:00:00,WIND,600702,1,HCM,1,18974,1011,60,6,70,9,333,6,6,6,6,6,NA,NA,NA,NA,2019-11-26 03:51:00,0
2019-11-26 05:00:00,WIND,600702,1,HCM,1,18974,1011,70,8,80,12,410,6,6,6,6,6,NA,NA,NA,NA,2019-11-26 04:51:00,0
2019-11-26 06:00:00,WIND,600702,1,HCM,1,18974,1011,80,8,80,11,459,6,6,6,6,6,NA,NA,NA,NA,2019-11-26 05:51:00,0
2019-11-26 07:00:00,WIND,600702,1,HCM,1,18974,1011,80,7,90,10,633,6,6,6,6,6,NA,NA,NA,NA,2019-11-26 06:51:00,0
2019-11-26 08:00:00,WIND,600702,1,HCM,1,18974,1011,60,7,60,9,749,6,6,6,6,6,NA,NA,NA,NA,2019-11-26 07:51:00,0
2019-11-26 09:00:00,WIND,600702,1,HCM,1,18974,1011,60,8,70,12,811,6,6,6,6,6,NA,NA,NA,NA,2019-11-26 08:55:00,0
2019-11-26 10:00:00,WIND,600702,1,HCM,1,18974,1011,80,10,70,14,937,6,6,6,6,6,NA,NA,NA,NA,2019-11-26 09:51:00,0
2019-11-26 11:00:00,WIND,600702,1,HCM,1,18974,1011,80,10,80,15,1045,6,6,6,6,6,NA,NA,NA,NA,2019-11-26 10:51:00,0
2019-11-26 12:00:00,WIND,600702,1,HCM,1,18974,1011,80,12,80,17,1120,6,6,6,6,6,NA,NA,NA,NA,2019-11-26 11:51:00,0
2019-11-26 13:00:00,WIND,600702,1,HCM,1,18974,1011,80,12,80,15,1153,6,6,6,6,6,NA,NA,NA,NA,2019-11-26 12:51:00,0
2019-11-26 14:00:00,WIND,600702,1,HCM,1,18974,1011,80,11,80,15,1315,6,6,6,6,6,NA,NA,NA,NA,2019-11-26 13:51:00,0
2019-11-26 15:00:00,WIND,600702,1,HCM,1,18974,1011,70,11,70,14,1422,6,6,6,6,6,NA,NA,NA,NA,2019-11-26 14:51:00,0
2019-11-26 16:00:00,WIND,600702,1,HCM,1,18974,1011,70,10,80,13,1455,6,6,6,6,6,NA,NA,NA,NA,2019-11-26 15:51:00,0
2019-11-26 17:00:00,WIND,600702,1,HCM,1,18974,1011,70,11,70,17,1649,6,6,6,6,6,NA,NA,NA,NA,2019-11-26 16:51:00,0
2019-11-26 18:00:00,WIND,600702,1,HCM,1,18974,1011,70,14,60,19,1734,6,6,6,6,6,NA,NA,NA,NA,2019-11-26 17:51:00,0
2019-11-26 19:00:00,WIND,600702,1,HCM,1,18974,1011,60,14,60,19,1750,6,6,6,6,6,NA,NA,NA,NA,2019-11-26 18:51:00,0
2019-11-26 20:00:00,WIND,600702,1,HCM,1,18974,1011,60,13,60,19,1949,6,6,6,6,6,NA,NA,NA,NA,2019-11-26 19:51:00,0
2019-11-26 21:00:00,WIND,600702,1,HCM,1,18974,1011,70,13,60,18,1959,6,6,6,6,6,NA,NA,NA,NA,2019-11-26 20:53:00,0
2019-11-26 22:00:00,WIND,600702,1,HCM,1,18974,1011,90,13,90,19,2137,6,6,6,6,6,NA,NA,NA,NA,2019-11-26 21:51:00,0
2019-11-26 23:00:00,WIND,600702,1,HCM,1,18974,1011,90,13,100,19,2217,6,6,6,6,6,NA,NA,NA,NA,2019-11-26 22:51:00,0
2019-11-27 00:00:00,WIND,600702,1,HCM,1,18974,1011,90,13,80,17,2317,6,6,6,6,6,NA,NA,NA,NA,2019-11-26 23:51:00,0
2019-11-27 01:00:00,WIND,600702,1,HCM,1,18974,1011,80,11,80,15,2353,6,6,6,6,6,NA,NA,NA,NA,2019-11-27 00:51:00,0
2019-11-27 02:00:00,WIND,600702,1,HCM,1,18974,1011,70,9,70,12,121,6,6,6,6,6,NA,NA,NA,NA,2019-11-27 01:51:00,0
2019-11-27 03:00:00,WIND,600702,1,HCM,1,18974,1011,60,8,70,12,154,6,6,6,6,6,NA,NA,NA,NA,2019-11-27 02:51:00,0
2019-11-27 04:00:00,WIND,600702,1,HCM,1,18974,1011,60,8,60,11,347,6,6,6,6,6,NA,NA,NA,NA,2019-11-27 03:51:00,0
2019-11-27 05:00:00,WIND,600702,1,HCM,1,18974,1011,60,9,60,12,351,6,6,6,6,6,NA,NA,NA,NA,2019-11-27 04:51:00,0
2019-11-27 06:00:00,WIND,600702,1,HCM,1,18974,1011,60,9,50,12,457,6,6,6,6,6,NA,NA,NA,NA,2019-11-27 05:51:00,0
2019-11-27 07:00:00,WIND,600702,1,HCM,1,18974,1011,60,8,60,11,555,6,6,6,6,6,NA,NA,NA,NA,2019-11-27 06:51:00,0
2019-11-27 08:00:00,WIND,600702,1,HCM,1,18974,1011,60,9,60,14,743,6,6,6,6,6,NA,NA,NA,NA,2019-11-27 07:51:00,0
2019-11-27 09:00:00,WIND,600702,1,HCM,1,18974,1011,50,10,60,15,820,6,6,6,6,6,NA,NA,NA,NA,2019-11-27 08:55:00,0
2019-11-27 10:00:00,WIND,600702,1,HCM,1,18974,1011,50,10,50,14,914,6,6,6,6,6,NA,NA,NA,NA,2019-11-27 09:51:00,0
2019-11-27 11:00:00,WIND,600702,1,HCM,1,18974,1011,50,12,50,18,1048,6,6,6,6,6,NA,NA,NA,NA,2019-11-27 10:51:00,0
2019-11-27 12:00:00,WIND,600702,1,HCM,1,18974,1011,50,15,40,20,1132,6,6,6,6,6,NA,NA,NA,NA,2019-11-27 11:51:00,0
2019-11-27 13:00:00,WIND,600702,1,HCM,1,18974,1011,40,15,40,22,1248,6,6,6,6,6,NA,NA,NA,NA,2019-11-27 12:51:00,0
2019-11-27 14:00:00,WIND,600702,1,HCM,1,18974,1011,50,17,50,24,1311,6,6,6,6,6,NA,NA,NA,NA,2019-11-27 13:51:00,0
2019-11-27 15:00:00,WIND,600702,1,HCM,1,18974,1011,50,16,50,23,1419,6,6,6,6,6,NA,NA,NA,NA,2019-11-27 14:51:00,0
2019-11-27 16:00:00,WIND,600702,1,HCM,1,18974,1011,40,15,50,24,1451,6,6,6,6,6,NA,NA,NA,NA,2019-11-27 15:51:00,0
2019-11-27 17:00:00,WIND,600702,1,HCM,1,18974,1011,40,15,50,22,1553,6,6,6,6,6,NA,NA,NA,NA,2019-11-27 16:51:00,0
2019-11-27 18:00:00,WIND,600702,1,HCM,1,18974,1011,30,15,30,21,1715,6,6,6,6,6,NA,NA,NA,NA,2019-11-27 17:51:00,0
2019-11-27 19:00:00,WIND,600702,1,HCM,1,18974,1011,30,15,40,21,1816,6,6,6,6,6,NA,NA,NA,NA,2019-11-27 18:51:00,0
2019-11-27 20:00:00,WIND,600702,1,HCM,1,18974,1011,30,17,30,24,1859,6,6,6,6,6,NA,NA,NA,NA,2019-11-27 19:51:00,0
2019-11-27 21:00:00,WIND,600702,1,HCM,1,18974,1011,40,18,40,25,2016,6,6,6,6,6,NA,NA,NA,NA,2019-11-27 20:55:00,0
2019-11-27 22:00:00,WIND,600702,1,HCM,1,18974,1011,40,18,40,24,2054,6,6,6,6,6,NA,NA,NA,NA,2019-11-27 21:51:00,0
2019-11-27 23:00:00,WIND,600702,1,HCM,1,18974,1011,40,18,40,26,2225,6,6,6,6,6,NA,NA,NA,NA,2019-11-27 22:51:00,0
2019-11-28 00:00:00,WIND,600702,1,HCM,1,18974,1011,40,17,30,25,2321,6,6,6,6,6,NA,NA,NA,NA,2019-11-27 23:51:00,0
2019-11-28 01:00:00,WIND,600702,1,HCM,1,18974,1011,40,18,40,24,2357,6,6,6,6,6,NA,NA,NA,NA,2019-11-28 00:51:00,0
2019-11-28 02:00:00,WIND,600702,1,HCM,1,18974,1011,40,18,50,26,141,6,6,6,6,6,NA,NA,NA,NA,2019-11-28 01:51:00,0
2019-11-28 03:00:00,WIND,600702,1,HCM,1,18974,1011,30,18,30,27,242,6,6,6,6,6,NA,NA,NA,NA,2019-11-28 02:51:00,0
2019-11-28 04:00:00,WIND,600702,1,HCM,1,18974,1011,40,19,40,27,329,6,6,6,6,6,NA,NA,NA,NA,2019-11-28 03:51:00,0
2019-11-28 05:00:00,WIND,600702,1,HCM,1,18974,1011,40,21,50,30,443,6,6,6,6,6,NA,NA,NA,NA,2019-11-28 04:51:00,0
2019-11-28 06:00:00,WIND,600702,1,HCM,1,18974,1011,40,23,40,31,515,6,6,6,6,6,NA,NA,NA,NA,2019-11-28 05:51:00,0
2019-11-28 07:00:00,WIND,600702,1,HCM,1,18974,1011,50,21,50,29,606,6,6,6,6,6,NA,NA,NA,NA,2019-11-28 06:51:00,0
2019-11-28 08:00:00,WIND,600702,1,HCM,1,18974,1011,50,22,60,29,705,6,6,6,6,6,NA,NA,NA,NA,2019-11-28 07:51:00,0
2019-11-28 09:00:00,WIND,600702,1,HCM,1,18974,1011,50,19,60,26,754,6,6,6,6,6,NA,NA,NA,NA,2019-11-28 08:53:00,0
2019-11-28 10:00:00,WIND,600702,1,HCM,1,18974,1011,60,15,50,25,851,6,6,6,6,6,NA,NA,NA,NA,2019-11-28 09:52:00,0
2019-11-28 11:00:00,WIND,600702,1,HCM,1,18974,1011,70,14,70,19,1001,6,6,6,6,6,NA,NA,NA,NA,2019-11-28 10:51:00,0
2019-11-28 12:00:00,WIND,600702,1,HCM,1,18974,1011,60,14,50,22,1147,6,6,6,6,6,NA,NA,NA,NA,2019-11-28 11:51:00,0
2019-11-28 13:00:00,WIND,600702,1,HCM,1,18974,1011,60,14,40,24,1241,6,6,6,6,6,NA,NA,NA,NA,2019-11-28 12:51:00,0
2019-11-28 14:00:00,WIND,600702,1,HCM,1,18974,1011,60,12,50,19,1349,6,6,6,6,6,NA,NA,NA,NA,2019-11-28 13:51:00,0
2019-11-28 15:00:00,WIND,600702,1,HCM,1,18974,1011,60,13,40,21,1355,6,6,6,6,6,NA,NA,NA,NA,2019-11-28 14:51:00,0
2019-11-28 16:00:00,WIND,600702,1,HCM,1,18974,1011,60,11,60,20,1539,6,6,6,6,6,NA,NA,NA,NA,2019-11-28 15:51:00,0
2019-11-28 17:00:00,WIND,600702,1,HCM,1,18974,1011,60,10,40,18,1556,6,6,6,6,6,NA,NA,NA,NA,2019-11-28 16:51:00,0
2019-11-28 18:00:00,WIND,600702,1,HCM,1,18974,1011,60,10,50,17,1656,6,6,6,6,6,NA,NA,NA,NA,2019-11-28 17:51:00,0
2019-11-28 19:00:00,WIND,600702,1,HCM,1,18974,1011,60,8,60,13,1750,6,6,6,6,6,NA,NA,NA,NA,2019-11-28 18:51:00,0
2019-11-28 20:00:00,WIND,600702,1,HCM,1,18974,1011,60,8,50,14,1921,6,6,6,6,6,NA,NA,NA,NA,2019-11-28 19:51:00,0
2019-11-28 21:00:00,WIND,600702,1,HCM,1,18974,1011,60,8,70,11,2033,6,6,6,6,6,NA,NA,NA,NA,2019-11-28 20:54:00,0
2019-11-28 22:00:00,WIND,600702,1,HCM,1,18974,1011,60,8,60,11,2052,6,6,6,6,6,NA,NA,NA,NA,2019-11-28 21:51:00,0
2019-11-28 23:00:00,WIND,600702,1,HCM,1,18974,1011,70,8,70,9,2221,6,6,6,6,6,NA,NA,NA,NA,2019-11-28 22:51:00,0
2019-11-29 00:00:00,WIND,600702,1,HCM,1,18974,1011,60,6,70,8,2349,6,6,6,6,6,NA,NA,NA,NA,2019-11-28 23:51:00,0
2019-11-29 01:00:00,WIND,600702,1,HCM,1,18974,1011,70,8,70,10,27,6,6,6,6,6,NA,NA,NA,NA,2019-11-29 00:51:00,0
2019-11-29 02:00:00,WIND,600702,1,HCM,1,18974,1011,80,7,80,9,103,6,6,6,6,6,NA,NA,NA,NA,2019-11-29 01:51:00,0
2019-11-29 03:00:00,WIND,600702,1,HCM,1,18974,1011,80,5,90,8,155,6,6,6,6,6,NA,NA,NA,NA,2019-11-29 02:51:00,0
2019-11-29 04:00:00,WIND,600702,1,HCM,1,18974,1011,70,4,40,14,303,6,6,6,6,6,NA,NA,NA,NA,2019-11-29 03:51:00,0
2019-11-29 05:00:00,WIND,600702,1,HCM,1,18974,1011,110,3,40,12,442,6,6,6,6,6,NA,NA,NA,NA,2019-11-29 04:51:00,0
2019-11-29 06:00:00,WIND,600702,1,HCM,1,18974,1011,100,6,80,19,456,6,6,6,6,6,NA,NA,NA,NA,2019-11-29 05:51:00,0
2019-11-29 07:00:00,WIND,600702,1,HCM,1,18974,1011,60,7,60,10,646,6,6,6,6,6,NA,NA,NA,NA,2019-11-29 06:51:00,0
2019-11-29 08:00:00,WIND,600702,1,HCM,1,18974,1011,60,6,80,10,745,6,6,6,6,6,NA,NA,NA,NA,2019-11-29 07:51:00,0
2019-11-29 09:00:00,WIND,600702,1,HCM,1,18974,1011,80,8,70,11,828,6,6,6,6,6,NA,NA,NA,NA,2019-11-29 08:54:00,0
2019-11-29 10:00:00,WIND,600702,1,HCM,1,18974,1011,70,7,80,12,913,6,6,6,6,6,NA,NA,NA,NA,2019-11-29 09:51:00,0
2019-11-29 11:00:00,WIND,600702,1,HCM,1,18974,1011,90,7,90,10,1018,6,6,6,6,6,NA,NA,NA,NA,2019-11-29 10:51:00,0
2019-11-29 12:00:00,WIND,600702,1,HCM,1,18974,1011,80,7,80,14,1057,6,6,6,6,6,NA,NA,NA,NA,2019-11-29 11:51:00,0
2019-11-29 13:00:00,WIND,600702,1,HCM,1,18974,1011,100,6,100,9,1212,6,6,6,6,6,NA,NA,NA,NA,2019-11-29 12:51:00,0
2019-11-29 14:00:00,WIND,600702,1,HCM,1,18974,1011,100,6,90,8,1321,6,6,6,6,6,NA,NA,NA,NA,2019-11-29 13:51:00,0
2019-11-29 15:00:00,WIND,600702,1,HCM,1,18974,1011,70,5,90,8,1416,6,6,6,6,6,NA,NA,NA,NA,2019-11-29 14:51:00,0
2019-11-29 16:00:00,WIND,600702,1,HCM,1,18974,1011,70,6,60,9,1542,6,6,6,6,6,NA,NA,NA,NA,2019-11-29 15:51:00,0
2019-11-29 17:00:00,WIND,600702,1,HCM,1,18974,1011,80,8,80,11,1642,6,6,6,6,6,NA,NA,NA,NA,2019-11-29 16:51:00,0
2019-11-29 18:00:00,WIND,600702,1,HCM,1,18974,1011,100,8,100,13,1735,6,6,6,6,6,NA,NA,NA,NA,2019-11-29 17:51:00,0
2019-11-29 19:00:00,WIND,600702,1,HCM,1,18974,1011,100,8,100,13,1813,6,6,6,6,6,NA,NA,NA,NA,2019-11-29 18:51:00,0
2019-11-29 20:00:00,WIND,600702,1,HCM,1,18974,1011,100,8,110,11,1905,6,6,6,6,6,NA,NA,NA,NA,2019-11-29 19:51:00,0
2019-11-29 21:00:00,WIND,600702,1,HCM,1,18974,1011,100,8,100,11,1958,6,6,6,6,6,NA,NA,NA,NA,2019-11-29 20:55:00,0
2019-11-29 22:00:00,WIND,600702,1,HCM,1,18974,1011,90,6,90,10,2057,6,6,6,6,6,NA,NA,NA,NA,2019-11-29 21:51:00,0
2019-11-29 23:00:00,WIND,600702,1,HCM,1,18974,1011,100,7,110,10,2248,6,6,6,6,6,NA,NA,NA,NA,2019-11-29 22:51:00,0
2019-11-30 00:00:00,WIND,600702,1,HCM,1,18974,1011,110,7,130,14,2346,6,6,6,6,6,NA,NA,NA,NA,2019-11-29 23:51:00,0
2019-11-30 01:00:00,WIND,600702,1,HCM,1,18974,1011,120,10,130,14,6,6,6,6,6,6,NA,NA,NA,NA,2019-11-30 00:51:00,0
2019-11-30 02:00:00,WIND,600702,1,HCM,1,18974,1011,120,10,130,15,131,6,6,6,6,6,NA,NA,NA,NA,2019-11-30 01:51:00,0
2019-11-30 03:00:00,WIND,600702,1,HCM,1,18974,1011,120,11,130,15,224,6,6,6,6,6,NA,NA,NA,NA,2019-11-30 02:51:00,0
2019-11-30 04:00:00,WIND,600702,1,HCM,1,18974,1011,120,10,130,14,340,6,6,6,6,6,NA,NA,NA,NA,2019-11-30 03:51:00,0
2019-11-30 05:00:00,WIND,600702,1,HCM,1,18974,1011,140,11,140,16,402,6,6,6,6,6,NA,NA,NA,NA,2019-11-30 04:51:00,0
2019-11-30 06:00:00,WIND,600702,1,HCM,1,18974,1011,140,10,130,14,537,6,6,6,6,6,NA,NA,NA,NA,2019-11-30 05:51:00,0
2019-11-30 07:00:00,WIND,600702,1,HCM,1,18974,1011,130,8,140,13,559,6,6,6,6,6,NA,NA,NA,NA,2019-11-30 06:51:00,0
2019-11-30 08:00:00,WIND,600702,1,HCM,1,18974,1011,130,8,140,13,747,6,6,6,6,6,NA,NA,NA,NA,2019-11-30 07:51:00,0
2019-11-30 09:00:00,WIND,600702,1,HCM,1,18974,1011,130,11,140,14,835,6,6,6,6,6,NA,NA,NA,NA,2019-11-30 08:54:00,0
2019-11-30 10:00:00,WIND,600702,1,HCM,1,18974,1011,130,11,120,14,919,6,6,6,6,6,NA,NA,NA,NA,2019-11-30 09:51:00,0
2019-11-30 11:00:00,WIND,600702,1,HCM,1,18974,1011,130,10,130,14,1036,6,6,6,6,6,NA,NA,NA,NA,2019-11-30 10:51:00,0
2019-11-30 12:00:00,WIND,600702,1,HCM,1,18974,1011,130,11,130,15,1136,6,6,6,6,6,NA,NA,NA,NA,2019-11-30 11:51:00,0
2019-11-30 13:00:00,WIND,600702,1,HCM,1,18974,1011,130,10,150,15,1205,6,6,6,6,6,NA,NA,NA,NA,2019-11-30 12:51:00,0
2019-11-30 14:00:00,WIND,600702,1,HCM,1,18974,1011,140,10,140,14,1335,6,6,6,6,6,NA,NA,NA,NA,2019-11-30 13:51:00,0
2019-11-30 15:00:00,WIND,600702,1,HCM,1,18974,1011,150,10,140,14,1418,6,6,6,6,6,NA,NA,NA,NA,2019-11-30 14:51:00,0
2019-11-30 16:00:00,WIND,600702,1,HCM,1,18974,1011,150,10,150,14,1508,6,6,6,6,6,NA,NA,NA,NA,2019-11-30 15:51:00,0
2019-11-30 17:00:00,WIND,600702,1,HCM,1,18974,1011,170,6,180,10,1603,6,6,6,6,6,NA,NA,NA,NA,2019-11-30 16:51:00,0
2019-11-30 18:00:00,WIND,600702,1,HCM,1,18974,1011,140,5,130,8,1703,6,6,6,6,6,NA,NA,NA,NA,2019-11-30 17:51:00,0
2019-11-30 19:00:00,WIND,600702,1,HCM,1,18974,1011,100,3,100,6,1834,6,6,6,6,6,NA,NA,NA,NA,2019-11-30 18:51:00,0
2019-11-30 20:00:00,WIND,600702,1,HCM,1,18974,1011,70,5,60,8,1928,6,6,6,6,6,NA,NA,NA,NA,2019-11-30 19:51:00,0
2019-11-30 21:00:00,WIND,600702,1,HCM,1,18974,1011,70,3,70,6,1950,6,6,6,6,6,NA,NA,NA,NA,2019-11-30 20:56:00,0
2019-11-30 22:00:00,WIND,600702,1,HCM,1,18974,1011,60,2,20,6,2124,6,6,6,6,6,NA,NA,NA,NA,2019-11-30 21:51:00,0
2019-11-30 23:00:00,WIND,600702,1,HCM,1,18974,1011,140,4,130,7,2215,6,6,6,6,6,NA,NA,NA,NA,2019-11-30 22:51:00,0
2019-12-01 00:00:00,WIND,600702,1,HCM,1,18974,1011,190,6,180,13,2329,6,6,6,6,6,NA,NA,NA,NA,2019-11-30 23:51:00,0
2019-12-01 01:00:00,WIND,600702,1,HCM,1,18974,1011,170,4,170,7,2353,6,6,6,6,6,NA,NA,NA,NA,2019-12-01 00:51:00,0
2019-12-01 02:00:00,WIND,600702,1,HCM,1,18974,1011,210,6,200,8,130,6,6,6,6,6,NA,NA,NA,NA,2019-12-01 01:51:00,0
2019-12-01 03:00:00,WIND,600702,1,HCM,1,18974,1011,230,3,190,7,150,6,6,6,6,6,NA,NA,NA,NA,2019-12-01 02:51:00,0
2019-12-01 04:00:00,WIND,600702,1,HCM,1,18974,1011,230,3,60,9,348,6,6,6,6,6,NA,NA,NA,NA,2019-12-01 03:51:00,0
2019-12-01 05:00:00,WIND,600702,1,HCM,1,18974,1011,100,2,60,7,350,6,6,6,6,6,NA,NA,NA,NA,2019-12-01 04:51:00,0
2019-12-01 06:00:00,WIND,600702,1,HCM,1,18974,1011,70,2,60,6,506,6,6,6,6,6,NA,NA,NA,NA,2019-12-01 05:51:00,0
2019-12-01 07:00:00,WIND,600702,1,HCM,1,18974,1011,40,2,320,5,636,6,6,6,6,6,NA,NA,NA,NA,2019-12-01 06:51:00,0
2019-12-01 08:00:00,WIND,600702,1,HCM,1,18974,1011,30,2,50,5,650,6,6,6,6,6,NA,NA,NA,NA,2019-12-01 07:51:00,0
2019-12-01 09:00:00,WIND,600702,1,HCM,1,18974,1011,10,5,10,10,821,6,6,6,6,6,NA,NA,NA,NA,2019-12-01 08:54:00,0
2019-12-01 10:00:00,WIND,600702,1,HCM,1,18974,1011,350,7,350,10,910,6,6,6,6,6,NA,NA,NA,NA,2019-12-01 09:51:00,0
2019-12-01 11:00:00,WIND,600702,1,HCM,1,18974,1011,330,5,340,7,959,6,6,6,6,6,NA,NA,NA,NA,2019-12-01 10:51:00,0
2019-12-01 12:00:00,WIND,600702,1,HCM,1,18974,1011,320,6,320,8,1147,6,6,6,6,6,NA,NA,NA,NA,2019-12-01 11:51:00,0
2019-12-01 13:00:00,WIND,600702,1,HCM,1,18974,1011,320,8,330,12,1207,6,6,6,6,6,NA,NA,NA,NA,2019-12-01 12:51:00,0
2019-12-01 14:00:00,WIND,600702,1,HCM,1,18974,1011,320,7,320,11,1250,6,6,6,6,6,NA,NA,NA,NA,2019-12-01 13:51:00,0
2019-12-01 15:00:00,WIND,600702,1,HCM,1,18974,1011,330,9,330,18,1438,6,6,6,6,6,NA,NA,NA,NA,2019-12-01 14:51:00,0
2019-12-01 16:00:00,WIND,600702,1,HCM,1,18974,1011,320,9,310,17,1529,6,6,6,6,6,NA,NA,NA,NA,2019-12-01 15:51:00,0
2019-12-01 17:00:00,WIND,600702,1,HCM,1,18974,1011,310,8,300,13,1550,6,6,6,6,6,NA,NA,NA,NA,2019-12-01 16:51:00,0
2019-12-01 18:00:00,WIND,600702,1,HCM,1,18974,1011,320,9,320,14,1714,6,6,6,6,6,NA,NA,NA,NA,2019-12-01 17:51:00,0
2019-12-01 19:00:00,WIND,600702,1,HCM,1,18974,1011,310,8,310,12,1849,6,6,6,6,6,NA,NA,NA,NA,2019-12-01 18:51:00,0
2019-12-01 20:00:00,WIND,600702,1,HCM,1,18974,1011,310,8,310,12,1850,6,6,6,6,6,NA,NA,NA,NA,2019-12-01 19:51:00,0
2019-12-01 21:00:00,WIND,600702,1,HCM,1,18974,1011,310,9,310,19,2048,6,6,6,6,6,NA,NA,NA,NA,2019-12-01 20:53:00,0
2019-12-01 22:00:00,WIND,600702,1,HCM,1,18974,1011,300,7,300,17,2050,6,6,6,6,6,NA,NA,NA,NA,2019-12-01 21:51:00,0
2019-12-01 23:00:00,WIND,600702,1,HCM,1,18974,1011,310,11,310,19,2239,6,6,6,6,6,NA,NA,NA,NA,2019-12-01 22:51:00,0
2019-12-02 00:00:00,WIND,600702,1,HCM,1,18974,1011,290,9,320,14,2255,6,6,6,6,6,NA,NA,NA,NA,2019-12-01 23:51:00,0
2019-12-02 01:00:00,WIND,600702,1,HCM,1,18974,1011,290,8,300,13,4,6,6,6,6,6,NA,NA,NA,NA,2019-12-02 00:51:00,0
2019-12-02 02:00:00,WIND,600702,1,HCM,1,18974,1011,290,9,280,14,148,6,6,6,6,6,NA,NA,NA,NA,2019-12-02 01:51:00,0
2019-12-02 03:00:00,WIND,600702,1,HCM,1,18974,1011,280,9,290,15,209,6,6,6,6,6,NA,NA,NA,NA,2019-12-02 02:51:00,0
2019-12-02 04:00:00,WIND,600702,1,HCM,1,18974,1011,280,9,270,15,349,6,6,6,6,6,NA,NA,NA,NA,2019-12-02 03:51:00,0
2019-12-02 05:00:00,WIND,600702,1,HCM,1,18974,1011,270,10,280,14,350,6,6,6,6,6,NA,NA,NA,NA,2019-12-02 04:51:00,0
2019-12-02 06:00:00,WIND,600702,1,HCM,1,18974,1011,270,10,270,15,526,6,6,6,6,6,NA,NA,NA,NA,2019-12-02 05:51:00,0
2019-12-02 07:00:00,WIND,600702,1,HCM,1,18974,1011,260,9,270,13,649,6,6,6,6,6,NA,NA,NA,NA,2019-12-02 06:51:00,0
2019-12-02 08:00:00,WIND,600702,1,HCM,1,18974,1011,260,10,270,15,653,6,6,6,6,6,NA,NA,NA,NA,2019-12-02 07:51:00,0
2019-12-02 09:00:00,WIND,600702,1,HCM,1,18974,1011,250,10,250,17,840,6,6,6,6,6,NA,NA,NA,NA,2019-12-02 08:54:00,0
2019-12-02 10:00:00,WIND,600702,1,HCM,1,18974,1011,250,13,250,21,942,6,6,6,6,6,NA,NA,NA,NA,2019-12-02 09:51:00,0
2019-12-02 11:00:00,WIND,600702,1,HCM,1,18974,1011,250,14,250,21,1030,6,6,6,6,6,NA,NA,NA,NA,2019-12-02 10:51:00,0
2019-12-02 12:00:00,WIND,600702,1,HCM,1,18974,1011,250,15,250,25,1143,6,6,6,6,6,NA,NA,NA,NA,2019-12-02 11:51:00,0
2019-12-02 13:00:00,WIND,600702,1,HCM,1,18974,1011,250,17,250,24,1240,6,6,6,6,6,NA,NA,NA,NA,2019-12-02 12:51:00,0
2019-12-02 14:00:00,WIND,600702,1,HCM,1,18974,1011,250,16,260,25,1323,6,6,6,6,6,NA,NA,NA,NA,2019-12-02 13:51:00,0
2019-12-02 15:00:00,WIND,600702,1,HCM,1,18974,1011,250,16,250,25,1414,6,6,6,6,6,NA,NA,NA,NA,2019-12-02 14:51:00,0
2019-12-02 16:00:00,WIND,600702,1,HCM,1,18974,1011,260,17,260,26,1524,6,6,6,6,6,NA,NA,NA,NA,2019-12-02 15:51:00,0
2019-12-02 17:00:00,WIND,600702,1,HCM,1,18974,1011,260,15,260,25,1601,6,6,6,6,6,NA,NA,NA,NA,2019-12-02 16:51:00,0
2019-12-02 18:00:00,WIND,600702,1,HCM,1,18974,1011,270,15,260,26,1725,6,6,6,6,6,NA,NA,NA,NA,2019-12-02 17:51:00,0
2019-12-02 19:00:00,WIND,600702,1,HCM,1,18974,1011,260,15,270,24,1832,6,6,6,6,6,NA,NA,NA,NA,2019-12-02 18:51:00,0
2019-12-02 20:00:00,WIND,600702,1,HCM,1,18974,1011,260,15,270,24,1909,6,6,6,6,6,NA,NA,NA,NA,2019-12-02 19:51:00,0
2019-12-02 21:00:00,WIND,600702,1,HCM,1,18974,1011,260,14,260,21,1951,6,6,6,6,6,NA,NA,NA,NA,2019-12-02 20:54:00,0
2019-12-02 22:00:00,WIND,600702,1,HCM,1,18974,1011,250,14,260,23,2118,6,6,6,6,6,NA,NA,NA,NA,2019-12-02 21:51:00,0
2019-12-02 23:00:00,WIND,600702,1,HCM,1,18974,1011,250,14,240,21,2233,6,6,6,6,6,NA,NA,NA,NA,2019-12-02 22:51:00,0
2019-12-03 00:00:00,WIND,600702,1,HCM,1,18974,1011,250,15,240,25,2315,6,6,6,6,6,NA,NA,NA,NA,2019-12-02 23:51:00,0
2019-12-03 01:00:00,WIND,600702,1,HCM,1,18974,1011,250,14,250,21,25,6,6,6,6,6,NA,NA,NA,NA,2019-12-03 00:51:00,0
2019-12-03 02:00:00,WIND,600702,1,HCM,1,18974,1011,240,13,240,19,105,6,6,6,6,6,NA,NA,NA,NA,2019-12-03 01:51:00,0
2019-12-03 03:00:00,WIND,600702,1,HCM,1,18974,1011,240,15,230,22,202,6,6,6,6,6,NA,NA,NA,NA,2019-12-03 02:51:00,0
2019-12-03 04:00:00,WIND,600702,1,HCM,1,18974,1011,240,14,240,22,340,6,6,6,6,6,NA,NA,NA,NA,2019-12-03 03:51:00,0
2019-12-03 05:00:00,WIND,600702,1,HCM,1,18974,1011,240,15,250,22,411,6,6,6,6,6,NA,NA,NA,NA,2019-12-03 04:51:00,0
2019-12-03 06:00:00,WIND,600702,1,HCM,1,18974,1011,230,15,230,23,544,6,6,6,6,6,NA,NA,NA,NA,2019-12-03 05:51:00,0
2019-12-03 07:00:00,WIND,600702,1,HCM,1,18974,1011,230,13,240,22,643,6,6,6,6,6,NA,NA,NA,NA,2019-12-03 06:51:00,0
2019-12-03 08:00:00,WIND,600702,1,HCM,1,18974,1011,220,15,220,23,652,6,6,6,6,6,NA,NA,NA,NA,2019-12-03 07:51:00,0
2019-12-03 09:00:00,WIND,600702,1,HCM,1,18974,1011,220,16,210,24,814,6,6,6,6,6,NA,NA,NA,NA,2019-12-03 08:55:00,0
2019-12-03 10:00:00,WIND,600702,1,HCM,1,18974,1011,210,16,210,25,927,6,6,6,6,6,NA,NA,NA,NA,2019-12-03 09:51:00,0
2019-12-03 11:00:00,WIND,600702,1,HCM,1,18974,1011,200,18,190,25,1042,6,6,6,6,6,NA,NA,NA,NA,2019-12-03 10:51:00,0
2019-12-03 12:00:00,WIND,600702,1,HCM,1,18974,1011,200,18,200,26,1131,6,6,6,6,6,NA,NA,NA,NA,2019-12-03 11:51:00,0
2019-12-03 13:00:00,WIND,600702,1,HCM,1,18974,1011,200,18,200,25,1225,6,6,6,6,6,NA,NA,NA,NA,2019-12-03 12:51:00,0
2019-12-03 14:00:00,WIND,600702,1,HCM,1,18974,1011,200,18,200,26,1319,6,6,6,6,6,NA,NA,NA,NA,2019-12-03 13:51:00,0
2019-12-03 15:00:00,WIND,600702,1,HCM,1,18974,1011,200,17,210,25,1424,6,6,6,6,6,NA,NA,NA,NA,2019-12-03 14:52:00,0
2019-12-03 16:00:00,WIND,600702,1,HCM,1,18974,1011,190,19,200,27,1458,6,6,6,6,6,NA,NA,NA,NA,2019-12-03 15:51:00,0
2019-12-03 17:00:00,WIND,600702,1,HCM,1,18974,1011,190,19,180,26,1603,6,6,6,6,6,NA,NA,NA,NA,2019-12-03 16:51:00,0
2019-12-03 18:00:00,WIND,600702,1,HCM,1,18974,1011,190,19,190,27,1739,6,6,6,6,6,NA,NA,NA,NA,2019-12-03 17:51:00,0
2019-12-03 19:00:00,WIND,600702,1,HCM,1,18974,1011,190,20,190,28,1801,6,6,6,6,6,NA,NA,NA,NA,2019-12-03 18:51:00,0
2019-12-03 20:00:00,WIND,600702,1,HCM,1,18974,1011,190,22,190,30,1935,6,6,6,6,6,NA,NA,NA,NA,2019-12-03 19:51:00,0
2019-12-03 21:00:00,WIND,600702,1,HCM,1,18974,1011,190,24,190,36,2048,6,6,6,6,6,NA,NA,NA,NA,2019-12-03 20:54:00,0
2019-12-03 22:00:00,WIND,600702,1,HCM,1,18974,1011,190,26,200,35,2102,6,6,6,6,6,NA,NA,NA,NA,2019-12-03 21:51:00,0
2019-12-03 23:00:00,WIND,600702,1,HCM,1,18974,1011,190,27,190,35,2240,6,6,6,6,6,NA,NA,NA,NA,2019-12-03 22:51:00,0
2019-12-04 00:00:00,WIND,600702,1,HCM,1,18974,1011,190,26,190,37,2309,6,6,6,6,6,NA,NA,NA,NA,2019-12-03 23:51:00,0
2019-12-04 01:00:00,WIND,600702,1,HCM,1,18974,1011,190,25,190,34,2,6,6,6,6,6,NA,NA,NA,NA,2019-12-04 00:51:00,0
2019-12-04 02:00:00,WIND,600702,1,HCM,1,18974,1011,190,24,190,32,110,6,6,6,6,6,NA,NA,NA,NA,2019-12-04 01:51:00,0
2019-12-04 03:00:00,WIND,600702,1,HCM,1,18974,1011,200,23,190,32,154,6,6,6,6,6,NA,NA,NA,NA,2019-12-04 02:51:00,0
2019-12-04 04:00:00,WIND,600702,1,HCM,1,18974,1011,200,23,210,32,318,6,6,6,6,6,NA,NA,NA,NA,2019-12-04 03:51:00,0
2019-12-04 05:00:00,WIND,600702,1,HCM,1,18974,1011,200,22,210,33,432,6,6,6,6,6,NA,NA,NA,NA,2019-12-04 04:51:00,0
2019-12-04 06:00:00,WIND,600702,1,HCM,1,18974,1011,210,22,210,33,451,6,6,6,6,6,NA,NA,NA,NA,2019-12-04 05:51:00,0
2019-12-04 07:00:00,WIND,600702,1,HCM,1,18974,1011,210,23,210,32,649,6,6,6,6,6,NA,NA,NA,NA,2019-12-04 06:51:00,0
2019-12-04 08:00:00,WIND,600702,1,HCM,1,18974,1011,210,23,220,33,736,6,6,6,6,6,NA,NA,NA,NA,2019-12-04 07:51:00,0
2019-12-04 09:00:00,WIND,600702,1,HCM,1,18974,1011,230,21,220,33,804,6,6,6,6,6,NA,NA,NA,NA,2019-12-04 08:54:00,0
2019-12-04 10:00:00,WIND,600702,1,HCM,1,18974,1011,260,14,280,25,855,6,6,6,6,6,NA,NA,NA,NA,2019-12-04 09:51:00,0
2019-12-04 11:00:00,WIND,600702,1,HCM,1,18974,1011,260,17,260,27,1046,6,6,6,6,6,NA,NA,NA,NA,2019-12-04 10:51:00,0
2019-12-04 12:00:00,WIND,600702,1,HCM,1,18974,1011,250,19,250,26,1138,6,6,6,6,6,NA,NA,NA,NA,2019-12-04 11:51:00,0
2019-12-04 13:00:00,WIND,600702,1,HCM,1,18974,1011,250,20,250,34,1204,6,6,6,6,6,NA,NA,NA,NA,2019-12-04 12:51:00,0
2019-12-04 14:00:00,WIND,600702,1,HCM,1,18974,1011,250,21,250,36,1324,6,6,6,6,6,NA,NA,NA,NA,2019-12-04 13:51:00,0
2019-12-04 15:00:00,WIND,600702,1,HCM,1,18974,1011,240,21,240,31,1430,6,6,6,6,6,NA,NA,NA,NA,2019-12-04 14:51:00,0
2019-12-04 16:00:00,WIND,600702,1,HCM,1,18974,1011,250,22,250,34,1503,6,6,6,6,6,NA,NA,NA,NA,2019-12-04 15:51:00,0
2019-12-04 17:00:00,WIND,600702,1,HCM,1,18974,1011,250,22,250,33,1635,6,6,6,6,6,NA,NA,NA,NA,2019-12-04 16:51:00,0
2019-12-04 18:00:00,WIND,600702,1,HCM,1,18974,1011,260,20,250,32,1658,6,6,6,6,6,NA,NA,NA,NA,2019-12-04 17:51:00,0
2019-12-04 19:00:00,WIND,600702,1,HCM,1,18974,1011,250,19,250,34,1836,6,6,6,6,6,NA,NA,NA,NA,2019-12-04 18:51:00,0
2019-12-04 20:00:00,WIND,600702,1,HCM,1,18974,1011,250,18,250,28,1850,6,6,6,6,6,NA,NA,NA,NA,2019-12-04 19:51:00,0
2019-12-04 21:00:00,WIND,600702,1,HCM,1,18974,1011,240,19,250,34,2023,6,6,6,6,6,NA,NA,NA,NA,2019-12-04 20:53:00,0
2019-12-04 22:00:00,WIND,600702,1,HCM,1,18974,1011,250,20,260,34,2055,6,6,6,6,6,NA,NA,NA,NA,2019-12-04 21:51:00,0
2019-12-04 23:00:00,WIND,600702,1,HCM,1,18974,1011,250,19,250,33,2242,6,6,6,6,6,NA,NA,NA,NA,2019-12-04 22:51:00,0
2019-12-05 00:00:00,WIND,600702,1,HCM,1,18974,1011,250,23,250,34,2252,6,6,6,6,6,NA,NA,NA,NA,2019-12-04 23:51:00,0
2019-12-05 01:00:00,WIND,600702,1,HCM,1,18974,1011,250,22,250,32,21,6,6,6,6,6,NA,NA,NA,NA,2019-12-05 00:51:00,0
2019-12-05 02:00:00,WIND,600702,1,HCM,1,18974,1011,250,22,250,35,105,6,6,6,6,6,NA,NA,NA,NA,2019-12-05 01:51:00,0
2019-12-05 03:00:00,WIND,600702,1,HCM,1,18974,1011,250,22,250,36,234,6,6,6,6,6,NA,NA,NA,NA,2019-12-05 02:51:00,0
2019-12-05 04:00:00,WIND,600702,1,HCM,1,18974,1011,250,21,250,31,323,6,6,6,6,6,NA,NA,NA,NA,2019-12-05 03:51:00,0
2019-12-05 05:00:00,WIND,600702,1,HCM,1,18974,1011,250,20,240,33,413,6,6,6,6,6,NA,NA,NA,NA,2019-12-05 04:51:00,0
2019-12-05 06:00:00,WIND,600702,1,HCM,1,18974,1011,240,22,230,34,544,6,6,6,6,6,NA,NA,NA,NA,2019-12-05 05:51:00,0
2019-12-05 07:00:00,WIND,600702,1,HCM,1,18974,1011,240,23,230,34,607,6,6,6,6,6,NA,NA,NA,NA,2019-12-05 06:52:00,0
2019-12-05 08:00:00,WIND,600702,1,HCM,1,18974,1011,230,20,230,30,749,6,6,6,6,6,NA,NA,NA,NA,2019-12-05 07:51:00,0
2019-12-05 09:00:00,WIND,600702,1,HCM,1,18974,1011,230,23,230,39,809,6,6,6,6,6,NA,NA,NA,NA,2019-12-05 08:55:00,0
2019-12-05 10:00:00,WIND,600702,1,HCM,1,18974,1011,220,25,210,37,942,6,6,6,6,6,NA,NA,NA,NA,2019-12-05 09:51:00,0
2019-12-05 11:00:00,WIND,600702,1,HCM,1,18974,1011,200,25,190,38,1038,6,6,6,6,6,NA,NA,NA,NA,2019-12-05 10:51:00,0
2019-12-05 12:00:00,WIND,600702,1,HCM,1,18974,1011,210,26,210,37,1135,6,6,6,6,6,NA,NA,NA,NA,2019-12-05 11:51:00,0
2019-12-05 13:00:00,WIND,600702,1,HCM,1,18974,1011,220,25,220,38,1223,6,6,6,6,6,NA,NA,NA,NA,2019-12-05 12:51:00,0
2019-12-05 14:00:00,WIND,600702,1,HCM,1,18974,1011,230,26,240,39,1332,6,6,6,6,6,NA,NA,NA,NA,2019-12-05 13:51:00,0
2019-12-05 15:00:00,WIND,600702,1,HCM,1,18974,1011,240,26,240,37,1359,6,6,6,6,6,NA,NA,NA,NA,2019-12-05 14:51:00,0
2019-12-05 16:00:00,WIND,600702,1,HCM,1,18974,1011,240,27,250,36,1527,6,6,6,6,6,NA,NA,NA,NA,2019-12-05 15:51:00,0
2019-12-05 17:00:00,WIND,600702,1,HCM,1,18974,1011,250,28,250,39,1645,6,6,6,6,6,NA,NA,NA,NA,2019-12-05 16:51:00,0
2019-12-05 18:00:00,WIND,600702,1,HCM,1,18974,1011,260,29,270,42,1740,6,6,6,6,6,NA,NA,NA,NA,2019-12-05 17:51:00,0
2019-12-05 19:00:00,WIND,600702,1,HCM,1,18974,1011,270,25,270,39,1751,6,6,6,6,6,NA,NA,NA,NA,2019-12-05 18:51:00,0
2019-12-05 20:00:00,WIND,600702,1,HCM,1,18974,1011,270,22,270,34,1927,6,6,6,6,6,NA,NA,NA,NA,2019-12-05 19:51:00,0
2019-12-05 21:00:00,WIND,600702,1,HCM,1,18974,1011,270,20,270,29,2032,6,6,6,6,6,NA,NA,NA,NA,2019-12-05 20:53:00,0
2019-12-05 22:00:00,WIND,600702,1,HCM,1,18974,1011,260,18,270,25,2056,6,6,6,6,6,NA,NA,NA,NA,2019-12-05 21:51:00,0
2019-12-05 23:00:00,WIND,600702,1,HCM,1,18974,1011,250,18,260,27,2228,6,6,6,6,6,NA,NA,NA,NA,2019-12-05 22:51:00,0
2019-12-06 00:00:00,WIND,600702,1,HCM,1,18974,1011,250,18,260,26,2253,6,6,6,6,6,NA,NA,NA,NA,2019-12-05 23:51:00,0
2019-12-06 01:00:00,WIND,600702,1,HCM,1,18974,1011,250,17,260,25,5,6,6,6,6,6,NA,NA,NA,NA,2019-12-06 00:51:00,0
2019-12-06 02:00:00,WIND,600702,1,HCM,1,18974,1011,250,15,260,23,132,6,6,6,6,6,NA,NA,NA,NA,2019-12-06 01:51:00,0
2019-12-06 03:00:00,WIND,600702,1,HCM,1,18974,1011,240,16,250,23,234,6,6,6,6,6,NA,NA,NA,NA,2019-12-06 02:51:00,0
2019-12-06 04:00:00,WIND,600702,1,HCM,1,18974,1011,250,16,250,22,307,6,6,6,6,6,NA,NA,NA,NA,2019-12-06 03:51:00,0
2019-12-06 05:00:00,WIND,600702,1,HCM,1,18974,1011,250,17,260,26,437,6,6,6,6,6,NA,NA,NA,NA,2019-12-06 04:51:00,0
2019-12-06 06:00:00,WIND,600702,1,HCM,1,18974,1011,270,16,270,23,527,6,6,6,6,6,NA,NA,NA,NA,2019-12-06 05:51:00,0
2019-12-06 07:00:00,WIND,600702,1,HCM,1,18974,1011,280,13,270,21,553,6,6,6,6,6,NA,NA,NA,NA,2019-12-06 06:51:00,0
2019-12-06 08:00:00,WIND,600702,1,HCM,1,18974,1011,280,12,270,23,653,6,6,6,6,6,NA,NA,NA,NA,2019-12-06 07:51:00,0
2019-12-06 09:00:00,WIND,600702,1,HCM,1,18974,1011,280,10,290,18,755,6,6,6,6,6,NA,NA,NA,NA,2019-12-06 08:54:00,0
2019-12-06 10:00:00,WIND,600702,1,HCM,1,18974,1011,290,12,290,18,859,6,6,6,6,6,NA,NA,NA,NA,2019-12-06 09:51:00,0
2019-12-06 11:00:00,WIND,600702,1,HCM,1,18974,1011,290,13,300,20,1041,6,6,6,6,6,NA,NA,NA,NA,2019-12-06 10:51:00,0
2019-12-06 12:00:00,WIND,600702,1,HCM,1,18974,1011,290,15,290,22,1149,6,6,6,6,6,NA,NA,NA,NA,2019-12-06 11:51:00,0
2019-12-06 13:00:00,WIND,600702,1,HCM,1,18974,1011,300,16,290,24,1242,6,6,6,6,6,NA,NA,NA,NA,2019-12-06 12:51:00,0
2019-12-06 14:00:00,WIND,600702,1,HCM,1,18974,1011,300,17,300,25,1337,6,6,6,6,6,NA,NA,NA,NA,2019-12-06 13:51:00,0
2019-12-06 15:00:00,WIND,600702,1,HCM,1,18974,1011,300,17,300,26,1442,6,6,6,6,6,NA,NA,NA,NA,2019-12-06 15:00:00,0
2019-12-06 16:00:00,WIND,600702,1,HCM,1,18974,1011,300,16,300,23,1548,6,6,6,6,6,NA,NA,NA,NA,2019-12-06 15:51:00,0
2019-12-06 17:00:00,WIND,600702,1,HCM,1,18974,1011,300,16,300,28,1613,6,6,6,6,6,NA,NA,NA,NA,2019-12-06 16:51:00,0
2019-12-06 18:00:00,WIND,600702,1,HCM,1,18974,1011,300,17,310,28,1711,6,6,6,6,6,NA,NA,NA,NA,2019-12-06 17:51:00,0
2019-12-06 19:00:00,WIND,600702,1,HCM,1,18974,1011,300,14,300,22,1812,6,6,6,6,6,NA,NA,NA,NA,2019-12-06 18:51:00,0
2019-12-06 20:00:00,WIND,600702,1,HCM,1,18974,1011,300,12,300,18,1910,6,6,6,6,6,NA,NA,NA,NA,2019-12-06 19:51:00,0
2019-12-06 21:00:00,WIND,600702,1,HCM,1,18974,1011,310,11,310,20,2029,6,6,6,6,6,NA,NA,NA,NA,2019-12-06 20:55:00,0
2019-12-06 22:00:00,WIND,600702,1,HCM,1,18974,1011,300,7,290,10,2143,6,6,6,6,6,NA,NA,NA,NA,2019-12-06 21:51:00,0
2019-12-06 23:00:00,WIND,600702,1,HCM,1,18974,1011,290,8,300,15,2249,6,6,6,6,6,NA,NA,NA,NA,2019-12-06 22:51:00,0
2019-12-07 00:00:00,WIND,600702,1,HCM,1,18974,1011,300,10,310,15,2327,6,6,6,6,6,NA,NA,NA,NA,2019-12-06 23:51:00,0
2019-12-07 01:00:00,WIND,600702,1,HCM,1,18974,1011,300,8,310,13,29,6,6,6,6,6,NA,NA,NA,NA,2019-12-07 00:51:00,0
2019-12-07 02:00:00,WIND,600702,1,HCM,1,18974,1011,280,9,280,14,145,6,6,6,6,6,NA,NA,NA,NA,2019-12-07 01:51:00,0
2019-12-07 03:00:00,WIND,600702,1,HCM,1,18974,1011,270,9,280,12,236,6,6,6,6,6,NA,NA,NA,NA,2019-12-07 02:51:00,0
2019-12-07 04:00:00,WIND,600702,1,HCM,1,18974,1011,260,10,270,16,305,6,6,6,6,6,NA,NA,NA,NA,2019-12-07 03:51:00,0
2019-12-07 05:00:00,WIND,600702,1,HCM,1,18974,1011,260,11,270,18,411,6,6,6,6,6,NA,NA,NA,NA,2019-12-07 04:51:00,0
2019-12-07 06:00:00,WIND,600702,1,HCM,1,18974,1011,260,9,250,15,547,6,6,6,6,6,NA,NA,NA,NA,2019-12-07 05:51:00,0
2019-12-07 07:00:00,WIND,600702,1,HCM,1,18974,1011,240,10,250,14,552,6,6,6,6,6,NA,NA,NA,NA,2019-12-07 06:51:00,0
2019-12-07 08:00:00,WIND,600702,1,HCM,1,18974,1011,240,11,250,18,719,6,6,6,6,6,NA,NA,NA,NA,2019-12-07 07:51:00,0
2019-12-07 09:00:00,WIND,600702,1,HCM,1,18974,1011,230,13,230,19,814,6,6,6,6,6,NA,NA,NA,NA,2019-12-07 08:53:00,0
2019-12-07 10:00:00,WIND,600702,1,HCM,1,18974,1011,220,14,230,22,859,6,6,6,6,6,NA,NA,NA,NA,2019-12-07 09:51:00,0
2019-12-07 11:00:00,WIND,600702,1,HCM,1,18974,1011,210,15,210,25,1040,6,6,6,6,6,NA,NA,NA,NA,2019-12-07 10:51:00,0
2019-12-07 12:00:00,WIND,600702,1,HCM,1,18974,1011,210,18,220,27,1146,6,6,6,6,6,NA,NA,NA,NA,2019-12-07 11:51:00,0
2019-12-07 13:00:00,WIND,600702,1,HCM,1,18974,1011,210,19,210,29,1150,6,6,6,6,6,NA,NA,NA,NA,2019-12-07 12:51:00,0
2019-12-07 14:00:00,WIND,600702,1,HCM,1,18974,1011,220,22,220,35,1347,6,6,6,6,6,NA,NA,NA,NA,2019-12-07 13:51:00,0
2019-12-07 15:00:00,WIND,600702,1,HCM,1,18974,1011,220,25,220,35,1446,6,6,6,6,6,NA,NA,NA,NA,2019-12-07 14:51:00,0
2019-12-07 16:00:00,WIND,600702,1,HCM,1,18974,1011,220,26,230,41,1512,6,6,6,6,6,NA,NA,NA,NA,2019-12-07 15:51:00,0
2019-12-07 17:00:00,WIND,600702,1,HCM,1,18974,1011,220,26,220,38,1617,6,6,6,6,6,NA,NA,NA,NA,2019-12-07 16:51:00,0
2019-12-07 18:00:00,WIND,600702,1,HCM,1,18974,1011,210,26,220,39,1652,6,6,6,6,6,NA,NA,NA,NA,2019-12-07 17:51:00,0
2019-12-07 19:00:00,WIND,600702,1,HCM,1,18974,1011,200,24,200,34,1824,6,6,6,6,6,NA,NA,NA,NA,2019-12-07 18:51:00,0
2019-12-07 20:00:00,WIND,600702,1,HCM,1,18974,1011,210,24,220,37,1945,6,6,6,6,6,NA,NA,NA,NA,2019-12-07 19:51:00,0
2019-12-07 21:00:00,WIND,600702,1,HCM,1,18974,1011,220,27,220,39,2005,6,6,6,6,6,NA,NA,NA,NA,2019-12-07 20:53:00,0
2019-12-07 22:00:00,WIND,600702,1,HCM,1,18974,1011,220,26,230,37,2105,6,6,6,6,6,NA,NA,NA,NA,2019-12-07 21:51:00,0
2019-12-07 23:00:00,WIND,600702,1,HCM,1,18974,1011,250,27,250,43,2214,6,6,6,6,6,NA,NA,NA,NA,2019-12-07 22:51:00,0
2019-12-08 00:00:00,WIND,600702,1,HCM,1,18974,1011,270,24,270,35,2327,6,6,6,6,6,NA,NA,NA,NA,2019-12-07 23:51:00,0
2019-12-08 01:00:00,WIND,600702,1,HCM,1,18974,1011,280,26,280,39,32,6,6,6,6,6,NA,NA,NA,NA,2019-12-08 00:51:00,0
2019-12-08 02:00:00,WIND,600702,1,HCM,1,18974,1011,280,27,270,43,104,6,6,6,6,6,NA,NA,NA,NA,2019-12-08 01:51:00,0
2019-12-08 03:00:00,WIND,600702,1,HCM,1,18974,1011,280,25,280,38,218,6,6,6,6,6,NA,NA,NA,NA,2019-12-08 02:51:00,0
2019-12-08 04:00:00,WIND,600702,1,HCM,1,18974,1011,270,26,260,43,338,6,6,6,6,6,NA,NA,NA,NA,2019-12-08 03:51:00,0
2019-12-08 05:00:00,WIND,600702,1,HCM,1,18974,1011,260,27,270,45,443,6,6,6,6,6,NA,NA,NA,NA,2019-12-08 04:51:00,0
2019-12-08 06:00:00,WIND,600702,1,HCM,1,18974,1011,260,25,260,44,450,6,6,6,6,6,NA,NA,NA,NA,2019-12-08 05:51:00,0
2019-12-08 07:00:00,WIND,600702,1,HCM,1,18974,1011,260,26,250,38,624,6,6,6,6,6,NA,NA,NA,NA,2019-12-08 06:52:00,0
2019-12-08 08:00:00,WIND,600702,1,HCM,1,18974,1011,250,28,260,51,727,6,6,6,6,6,NA,NA,NA,NA,2019-12-08 07:51:00,0
2019-12-08 09:00:00,WIND,600702,1,HCM,1,18974,1011,260,28,250,42,830,6,6,6,6,6,NA,NA,NA,NA,2019-12-08 08:55:00,0
2019-12-08 10:00:00,WIND,600702,1,HCM,1,18974,1011,250,26,270,45,921,6,6,6,6,6,NA,NA,NA,NA,2019-12-08 09:51:00,0
2019-12-08 11:00:00,WIND,600702,1,HCM,1,18974,1011,250,27,260,47,1034,6,6,6,6,6,NA,NA,NA,NA,2019-12-08 10:51:00,0
2019-12-08 12:00:00,WIND,600702,1,HCM,1,18974,1011,250,30,250,43,1141,6,6,6,6,6,NA,NA,NA,NA,2019-12-08 11:52:00,0
2019-12-08 13:00:00,WIND,600702,1,HCM,1,18974,1011,250,30,250,45,1227,6,6,6,6,6,NA,NA,NA,NA,2019-12-08 12:51:00,0
2019-12-08 14:00:00,WIND,600702,1,HCM,1,18974,1011,250,29,260,42,1333,6,6,6,6,6,NA,NA,NA,NA,2019-12-08 13:51:00,0
2019-12-08 15:00:00,WIND,600702,1,HCM,1,18974,1011,260,24,260,38,1350,6,6,6,6,6,NA,NA,NA,NA,2019-12-08 14:51:00,0
2019-12-08 16:00:00,WIND,600702,1,HCM,1,18974,1011,270,22,270,37,1507,6,6,6,6,6,NA,NA,NA,NA,2019-12-08 15:51:00,0
2019-12-08 17:00:00,WIND,600702,1,HCM,1,18974,1011,270,22,280,32,1608,6,6,6,6,6,NA,NA,NA,NA,2019-12-08 16:51:00,0
2019-12-08 18:00:00,WIND,600702,1,HCM,1,18974,1011,270,19,280,35,1747,6,6,6,6,6,NA,NA,NA,NA,2019-12-08 17:51:00,0
2019-12-08 19:00:00,WIND,600702,1,HCM,1,18974,1011,270,14,290,29,1752,6,6,6,6,6,NA,NA,NA,NA,2019-12-08 18:51:00,0
2019-12-08 20:00:00,WIND,600702,1,HCM,1,18974,1011,280,5,280,12,1852,6,6,6,6,6,NA,NA,NA,NA,2019-12-08 19:51:00,0
2019-12-08 21:00:00,WIND,600702,1,HCM,1,18974,1011,10,12,20,17,2008,6,6,6,6,6,NA,NA,NA,NA,2019-12-08 20:54:00,0
2019-12-08 22:00:00,WIND,600702,1,HCM,1,18974,1011,360,19,360,29,2143,6,6,6,6,6,NA,NA,NA,NA,2019-12-08 21:51:00,0
2019-12-08 23:00:00,WIND,600702,1,HCM,1,18974,1011,360,27,350,37,2224,6,6,6,6,6,NA,NA,NA,NA,2019-12-08 22:51:00,0
2019-12-09 00:00:00,WIND,600702,1,HCM,1,18974,1011,360,27,350,38,2323,6,6,6,6,6,NA,NA,NA,NA,2019-12-08 23:51:00,0
2019-12-09 01:00:00,WIND,600702,1,HCM,1,18974,1011,360,30,20,44,20,6,6,6,6,6,NA,NA,NA,NA,2019-12-09 00:51:00,0
2019-12-09 02:00:00,WIND,600702,1,HCM,1,18974,1011,350,31,360,42,58,6,6,6,6,6,NA,NA,NA,NA,2019-12-09 01:51:00,0
2019-12-09 03:00:00,WIND,600702,1,HCM,1,18974,1011,350,27,350,40,212,6,6,6,6,6,NA,NA,NA,NA,2019-12-09 02:51:00,0
2019-12-09 04:00:00,WIND,600702,1,HCM,1,18974,1011,350,26,340,38,312,6,6,6,6,6,NA,NA,NA,NA,2019-12-09 03:51:00,0
2019-12-09 05:00:00,WIND,600702,1,HCM,1,18974,1011,340,26,340,35,433,6,6,6,6,6,NA,NA,NA,NA,2019-12-09 04:51:00,0
2019-12-09 06:00:00,WIND,600702,1,HCM,1,18974,1011,340,26,340,43,507,6,6,6,6,6,NA,NA,NA,NA,2019-12-09 05:51:00,0
2019-12-09 07:00:00,WIND,600702,1,HCM,1,18974,1011,350,23,350,32,601,6,6,6,6,6,NA,NA,NA,NA,2019-12-09 06:51:00,0
2019-12-09 08:00:00,WIND,600702,1,HCM,1,18974,1011,350,20,360,28,735,6,6,6,6,6,NA,NA,NA,NA,2019-12-09 07:51:00,0
2019-12-09 09:00:00,WIND,600702,1,HCM,1,18974,1011,350,17,350,24,827,6,6,6,6,6,NA,NA,NA,NA,2019-12-09 08:53:00,0
2019-12-09 10:00:00,WIND,600702,1,HCM,1,18974,1011,350,16,350,22,859,6,6,6,6,6,NA,NA,NA,NA,2019-12-09 09:51:00,0
2019-12-09 11:00:00,WIND,600702,1,HCM,1,18974,1011,340,12,350,18,1010,6,6,6,6,6,NA,NA,NA,NA,2019-12-09 10:51:00,0
2019-12-09 12:00:00,WIND,600702,1,HCM,1,18974,1011,320,8,330,13,1113,6,6,6,6,6,NA,NA,NA,NA,2019-12-09 11:51:00,0
2019-12-09 13:00:00,WIND,600702,1,HCM,1,18974,1011,300,9,300,15,1216,6,6,6,6,6,NA,NA,NA,NA,2019-12-09 12:51:00,0
2019-12-09 14:00:00,WIND,600702,1,HCM,1,18974,1011,290,7,310,12,1258,6,6,6,6,6,NA,NA,NA,NA,2019-12-09 13:51:00,0
2019-12-09 15:00:00,WIND,600702,1,HCM,1,18974,1011,250,5,280,7,1350,6,6,6,6,6,NA,NA,NA,NA,2019-12-09 14:51:00,0
2019-12-09 16:00:00,WIND,600702,1,HCM,1,18974,1011,230,6,230,11,1534,6,6,6,6,6,NA,NA,NA,NA,2019-12-09 15:51:00,0
2019-12-09 17:00:00,WIND,600702,1,HCM,1,18974,1011,220,9,240,19,1649,6,6,6,6,6,NA,NA,NA,NA,2019-12-09 16:51:00,0
2019-12-09 18:00:00,WIND,600702,1,HCM,1,18974,1011,220,13,220,23,1742,6,6,6,6,6,NA,NA,NA,NA,2019-12-09 17:51:00,0
2019-12-09 19:00:00,WIND,600702,1,HCM,1,18974,1011,210,14,220,24,1842,6,6,6,6,6,NA,NA,NA,NA,2019-12-09 18:51:00,0
2019-12-09 20:00:00,WIND,600702,1,HCM,1,18974,1011,210,16,210,26,1929,6,6,6,6,6,NA,NA,NA,NA,2019-12-09 19:51:00,0
2019-12-09 21:00:00,WIND,600702,1,HCM,1,18974,1011,210,20,200,32,2017,6,6,6,6,6,NA,NA,NA,NA,2019-12-09 20:54:00,0
2019-12-09 22:00:00,WIND,600702,1,HCM,1,18974,1011,210,21,220,31,2131,6,6,6,6,6,NA,NA,NA,NA,2019-12-09 21:51:00,0
2019-12-09 23:00:00,WIND,600702,1,HCM,1,18974,1011,200,24,190,35,2232,6,6,6,6,6,NA,NA,NA,NA,2019-12-09 22:51:00,0
2019-12-10 00:00:00,WIND,600702,1,HCM,1,18974,1011,190,28,190,38,2343,6,6,6,6,6,NA,NA,NA,NA,2019-12-09 23:51:00,0
2019-12-10 01:00:00,WIND,600702,1,HCM,1,18974,1011,190,31,190,43,39,6,6,6,6,6,NA,NA,NA,NA,2019-12-10 00:51:00,0
2019-12-10 02:00:00,WIND,600702,1,HCM,1,18974,1011,180,33,190,44,116,6,6,6,6,6,NA,NA,NA,NA,2019-12-10 01:51:00,0
2019-12-10 03:00:00,WIND,600702,1,HCM,1,18974,1011,180,34,180,45,241,6,6,6,6,6,NA,NA,NA,NA,2019-12-10 02:51:00,0
2019-12-10 04:00:00,WIND,600702,1,HCM,1,18974,1011,180,35,180,46,318,6,6,6,6,6,NA,NA,NA,NA,2019-12-10 03:51:00,0
2019-12-10 05:00:00,WIND,600702,1,HCM,1,18974,1011,190,37,190,51,437,6,6,6,6,6,NA,NA,NA,NA,2019-12-10 04:51:00,0
2019-12-10 06:00:00,WIND,600702,1,HCM,1,18974,1011,190,38,190,50,528,6,6,6,6,6,NA,NA,NA,NA,2019-12-10 05:51:00,0
2019-12-10 07:00:00,WIND,600702,1,HCM,1,18974,1011,190,37,190,49,601,6,6,6,6,6,NA,NA,NA,NA,2019-12-10 06:51:00,0
2019-12-10 08:00:00,WIND,600702,1,HCM,1,18974,1011,190,36,190,49,650,6,6,6,6,6,NA,NA,NA,NA,2019-12-10 07:51:00,0
2019-12-10 09:00:00,WIND,600702,1,HCM,1,18974,1011,190,36,190,50,819,6,6,6,6,6,NA,NA,NA,NA,2019-12-10 08:54:00,0
2019-12-10 10:00:00,WIND,600702,1,HCM,1,18974,1011,190,32,190,45,904,6,6,6,6,6,NA,NA,NA,NA,2019-12-10 09:51:00,0
2019-12-10 11:00:00,WIND,600702,1,HCM,1,18974,1011,190,31,200,43,954,6,6,6,6,6,NA,NA,NA,NA,2019-12-10 10:51:00,0
2019-12-10 12:00:00,WIND,600702,1,HCM,1,18974,1011,220,29,200,42,1116,6,6,6,6,6,NA,NA,NA,NA,2019-12-10 11:51:00,0
2019-12-10 13:00:00,WIND,600702,1,HCM,1,18974,1011,280,22,290,35,1150,6,6,6,6,6,NA,NA,NA,NA,2019-12-10 12:51:00,0
2019-12-10 14:00:00,WIND,600702,1,HCM,1,18974,1011,270,23,270,34,1338,6,6,6,6,6,NA,NA,NA,NA,2019-12-10 13:51:00,0
2019-12-10 15:00:00,WIND,600702,1,HCM,1,18974,1011,270,22,280,37,1401,6,6,6,6,6,NA,NA,NA,NA,2019-12-10 14:59:00,0
2019-12-10 16:00:00,WIND,600702,1,HCM,1,18974,1011,260,25,260,40,1542,6,6,6,6,6,NA,NA,NA,NA,2019-12-10 15:52:00,0
2019-12-10 17:00:00,WIND,600702,1,HCM,1,18974,1011,270,25,260,36,1624,6,6,6,6,6,NA,NA,NA,NA,2019-12-10 16:51:00,0
2019-12-10 18:00:00,WIND,600702,1,HCM,1,18974,1011,280,22,290,36,1717,6,6,6,6,6,NA,NA,NA,NA,2019-12-10 17:51:00,0
2019-12-10 19:00:00,WIND,600702,1,HCM,1,18974,1011,270,26,270,42,1846,6,6,6,6,6,NA,NA,NA,NA,2019-12-10 18:51:00,0
2019-12-10 20:00:00,WIND,600702,1,HCM,1,18974,1011,270,26,270,41,1949,6,6,6,6,6,NA,NA,NA,NA,2019-12-10 19:51:00,0
2019-12-10 21:00:00,WIND,600702,1,HCM,1,18974,1011,270,29,280,41,2003,6,6,6,6,6,NA,NA,NA,NA,2019-12-10 20:53:00,0
2019-12-10 22:00:00,WIND,600702,1,HCM,1,18974,1011,280,24,280,43,2120,6,6,6,6,6,NA,NA,NA,NA,2019-12-10 21:51:00,0
2019-12-10 23:00:00,WIND,600702,1,HCM,1,18974,1011,270,29,260,49,2155,6,6,6,6,6,NA,NA,NA,NA,2019-12-10 22:51:00,0
2019-12-11 00:00:00,WIND,600702,1,HCM,1,18974,1011,280,22,270,37,2325,6,6,6,6,6,NA,NA,NA,NA,2019-12-10 23:51:00,0
2019-12-11 01:00:00,WIND,600702,1,HCM,1,18974,1011,260,26,250,41,40,6,6,6,6,6,NA,NA,NA,NA,2019-12-11 00:51:00,0
2019-12-11 02:00:00,WIND,600702,1,HCM,1,18974,1011,250,26,260,37,58,6,6,6,6,6,NA,NA,NA,NA,2019-12-11 01:51:00,0
2019-12-11 03:00:00,WIND,600702,1,HCM,1,18974,1011,240,25,240,39,231,6,6,6,6,6,NA,NA,NA,NA,2019-12-11 02:51:00,0
2019-12-11 04:00:00,WIND,600702,1,HCM,1,18974,1011,240,24,260,35,258,6,6,6,6,6,NA,NA,NA,NA,2019-12-11 03:51:00,0
2019-12-11 05:00:00,WIND,600702,1,HCM,1,18974,1011,240,25,230,37,401,6,6,6,6,6,NA,NA,NA,NA,2019-12-11 04:51:00,0
2019-12-11 06:00:00,WIND,600702,1,HCM,1,18974,1011,250,22,240,39,515,6,6,6,6,6,NA,NA,NA,NA,2019-12-11 05:51:00,0
2019-12-11 07:00:00,WIND,600702,1,HCM,1,18974,1011,260,19,270,41,557,6,6,6,6,6,NA,NA,NA,NA,2019-12-11 06:51:00,0
2019-12-11 08:00:00,WIND,600702,1,HCM,1,18974,1011,260,23,260,33,744,6,6,6,6,6,NA,NA,NA,NA,2019-12-11 07:51:00,0
2019-12-11 09:00:00,WIND,600702,1,HCM,1,18974,1011,250,20,280,33,812,6,6,6,6,6,NA,NA,NA,NA,2019-12-11 08:54:00,0
2019-12-11 10:00:00,WIND,600702,1,HCM,1,18974,1011,240,18,250,29,945,6,6,6,6,6,NA,NA,NA,NA,2019-12-11 09:51:00,0
2019-12-11 11:00:00,WIND,600702,1,HCM,1,18974,1011,260,24,250,34,1006,6,6,6,6,6,NA,NA,NA,NA,2019-12-11 10:51:00,0
2019-12-11 12:00:00,WIND,600702,1,HCM,1,18974,1011,260,24,260,34,1141,6,6,6,6,6,NA,NA,NA,NA,2019-12-11 15:34:00,0
2019-12-11 13:00:00,WIND,600702,1,HCM,1,18974,1011,250,23,240,33,1203,6,6,6,6,6,NA,NA,NA,NA,2019-12-11 15:36:00,0
2019-12-11 14:00:00,WIND,600702,1,HCM,1,18974,1011,250,23,240,36,1306,6,6,6,6,6,NA,NA,NA,NA,2019-12-11 15:37:00,0
2019-12-11 15:00:00,WIND,600702,1,HCM,1,18974,1011,270,24,270,38,1420,6,6,6,6,6,NA,NA,NA,NA,2019-12-11 15:37:00,0
2019-12-11 16:00:00,WIND,600702,1,HCM,1,18974,1011,280,24,280,37,1546,6,6,6,6,6,NA,NA,NA,NA,2019-12-11 15:51:00,0
2019-12-11 17:00:00,WIND,600702,1,HCM,1,18974,1011,270,24,270,44,1609,6,6,6,6,6,NA,NA,NA,NA,2019-12-11 16:52:00,0
2019-12-11 18:00:00,WIND,600702,1,HCM,1,18974,1011,270,23,270,35,1702,6,6,6,6,6,NA,NA,NA,NA,2019-12-11 17:51:00,0
2019-12-11 19:00:00,WIND,600702,1,HCM,1,18974,1011,270,22,280,35,1816,6,6,6,6,6,NA,NA,NA,NA,2019-12-11 18:51:00,0
2019-12-11 20:00:00,WIND,600702,1,HCM,1,18974,1011,270,22,270,35,1852,6,6,6,6,6,NA,NA,NA,NA,2019-12-11 19:51:00,0
2019-12-11 21:00:00,WIND,600702,1,HCM,1,18974,1011,270,23,270,32,1950,6,6,6,6,6,NA,NA,NA,NA,2019-12-11 20:55:00,0
2019-12-11 22:00:00,WIND,600702,1,HCM,1,18974,1011,260,18,270,28,2138,6,6,6,6,6,NA,NA,NA,NA,2019-12-11 21:51:00,0
2019-12-11 23:00:00,WIND,600702,1,HCM,1,18974,1011,270,18,270,32,2201,6,6,6,6,6,NA,NA,NA,NA,2019-12-11 22:51:00,0
2019-12-12 00:00:00,WIND,600702,1,HCM,1,18974,1011,250,16,270,28,2341,6,6,6,6,6,NA,NA,NA,NA,2019-12-11 23:51:00,0
2019-12-12 01:00:00,WIND,600702,1,HCM,1,18974,1011,250,11,270,29,1,6,6,6,6,6,NA,NA,NA,NA,2019-12-12 00:51:00,0
2019-12-12 02:00:00,WIND,600702,1,HCM,1,18974,1011,230,11,260,22,149,6,6,6,6,6,NA,NA,NA,NA,2019-12-12 01:51:00,0
2019-12-12 03:00:00,WIND,600702,1,HCM,1,18974,1011,240,13,250,24,152,6,6,6,6,6,NA,NA,NA,NA,2019-12-12 02:51:00,0
2019-12-12 04:00:00,WIND,600702,1,HCM,1,18974,1011,240,8,250,13,301,6,6,6,6,6,NA,NA,NA,NA,2019-12-12 03:51:00,0
2019-12-12 05:00:00,WIND,600702,1,HCM,1,18974,1011,230,7,220,11,449,6,6,6,6,6,NA,NA,NA,NA,2019-12-12 04:51:00,0
2019-12-12 06:00:00,WIND,600702,1,HCM,1,18974,1011,240,7,270,14,511,6,6,6,6,6,NA,NA,NA,NA,2019-12-12 05:51:00,0
2019-12-12 07:00:00,WIND,600702,1,HCM,1,18974,1011,190,6,180,11,609,6,6,6,6,6,NA,NA,NA,NA,2019-12-12 06:51:00,0
2019-12-12 08:00:00,WIND,600702,1,HCM,1,18974,1011,210,4,240,8,727,6,6,6,6,6,NA,NA,NA,NA,2019-12-12 07:51:00,0
2019-12-12 09:00:00,WIND,600702,1,HCM,1,18974,1011,200,12,200,19,807,6,6,6,6,6,NA,NA,NA,NA,2019-12-12 08:53:00,0
2019-12-12 10:00:00,WIND,600702,1,HCM,1,18974,1011,190,13,180,19,937,6,6,6,6,6,NA,NA,NA,NA,2019-12-12 09:51:00,0
2019-12-12 11:00:00,WIND,600702,1,HCM,1,18974,1011,190,15,180,23,1028,6,6,6,6,6,NA,NA,NA,NA,2019-12-12 10:51:00,0
2019-12-12 12:00:00,WIND,600702,1,HCM,1,18974,1011,170,15,160,21,1129,6,6,6,6,6,NA,NA,NA,NA,2019-12-12 11:51:00,0
2019-12-12 13:00:00,WIND,600702,1,HCM,1,18974,1011,170,16,160,22,1208,6,6,6,6,6,NA,NA,NA,NA,2019-12-12 12:51:00,0
2019-12-12 14:00:00,WIND,600702,1,HCM,1,18974,1011,170,17,160,25,1347,6,6,6,6,6,NA,NA,NA,NA,2019-12-12 13:51:00,0
2019-12-12 15:00:00,WIND,600702,1,HCM,1,18974,1011,160,19,140,25,1449,6,6,6,6,6,NA,NA,NA,NA,2019-12-12 14:51:00,0
2019-12-12 16:00:00,WIND,600702,1,HCM,1,18974,1011,140,21,150,28,1453,6,6,6,6,6,NA,NA,NA,NA,2019-12-12 15:51:00,0
2019-12-12 17:00:00,WIND,600702,1,HCM,1,18974,1011,160,18,150,27,1627,6,6,6,6,6,NA,NA,NA,NA,2019-12-12 16:51:00,0
2019-12-12 18:00:00,WIND,600702,1,HCM,1,18974,1011,140,23,150,32,1717,6,6,6,6,6,NA,NA,NA,NA,2019-12-12 17:51:00,0
2019-12-12 19:00:00,WIND,600702,1,HCM,1,18974,1011,140,23,130,29,1800,6,6,6,6,6,NA,NA,NA,NA,2019-12-12 18:51:00,0
2019-12-12 20:00:00,WIND,600702,1,HCM,1,18974,1011,130,23,140,29,1910,6,6,6,6,6,NA,NA,NA,NA,2019-12-12 19:51:00,0
2019-12-12 21:00:00,WIND,600702,1,HCM,1,18974,1011,130,22,130,28,2003,6,6,6,6,6,NA,NA,NA,NA,2019-12-12 20:55:00,0
2019-12-12 22:00:00,WIND,600702,1,HCM,1,18974,1011,130,21,130,28,2056,6,6,6,6,6,NA,NA,NA,NA,2019-12-12 21:51:00,0
2019-12-12 23:00:00,WIND,600702,1,HCM,1,18974,1011,130,19,130,26,2151,6,6,6,6,6,NA,NA,NA,NA,2019-12-12 22:51:00,0
2019-12-13 00:00:00,WIND,600702,1,HCM,1,18974,1011,130,17,130,22,2253,6,6,6,6,6,NA,NA,NA,NA,2019-12-12 23:51:00,0
2019-12-13 01:00:00,WIND,600702,1,HCM,1,18974,1011,130,15,130,20,28,6,6,6,6,6,NA,NA,NA,NA,2019-12-13 00:51:00,0
2019-12-13 02:00:00,WIND,600702,1,HCM,1,18974,1011,130,12,130,16,55,6,6,6,6,6,NA,NA,NA,NA,2019-12-13 01:51:00,0
2019-12-13 03:00:00,WIND,600702,1,HCM,1,18974,1011,120,8,130,14,150,6,6,6,6,6,NA,NA,NA,NA,2019-12-13 02:51:00,0
2019-12-13 04:00:00,WIND,600702,1,HCM,1,18974,1011,80,6,70,11,343,6,6,6,6,6,NA,NA,NA,NA,2019-12-13 03:51:00,0
2019-12-13 05:00:00,WIND,600702,1,HCM,1,18974,1011,70,8,60,11,406,6,6,6,6,6,NA,NA,NA,NA,2019-12-13 04:51:00,0
2019-12-13 06:00:00,WIND,600702,1,HCM,1,18974,1011,60,5,70,9,453,6,6,6,6,6,NA,NA,NA,NA,2019-12-13 05:51:00,0
2019-12-13 07:00:00,WIND,600702,1,HCM,1,18974,1011,30,7,40,10,634,6,6,6,6,6,NA,NA,NA,NA,2019-12-13 06:51:00,0
2019-12-13 08:00:00,WIND,600702,1,HCM,1,18974,1011,30,7,10,13,732,6,6,6,6,6,NA,NA,NA,NA,2019-12-13 07:51:00,0
2019-12-13 09:00:00,WIND,600702,1,HCM,1,18974,1011,20,7,10,12,751,6,6,6,6,6,NA,NA,NA,NA,2019-12-13 08:55:00,0
2019-12-13 10:00:00,WIND,600702,1,HCM,1,18974,1011,60,3,60,5,906,6,6,6,6,6,NA,NA,NA,NA,2019-12-13 09:51:00,0
2019-12-13 11:00:00,WIND,600702,1,HCM,1,18974,1011,350,4,360,6,1043,6,6,6,6,6,NA,NA,NA,NA,2019-12-13 10:51:00,0
2019-12-13 12:00:00,WIND,600702,1,HCM,1,18974,1011,320,4,340,8,1057,6,6,6,6,6,NA,NA,NA,NA,2019-12-13 11:51:00,0
2019-12-13 13:00:00,WIND,600702,1,HCM,1,18974,1011,330,5,350,9,1204,6,6,6,6,6,NA,NA,NA,NA,2019-12-13 12:51:00,0
2019-12-13 14:00:00,WIND,600702,1,HCM,1,18974,1011,330,3,330,6,1256,6,6,6,6,6,NA,NA,NA,NA,2019-12-13 13:52:00,0
2019-12-13 15:00:00,WIND,600702,1,HCM,1,18974,1011,250,1,140,2,1434,6,6,6,6,6,NA,NA,NA,NA,2019-12-13 14:52:00,0
2019-12-13 16:00:00,WIND,600702,1,HCM,1,18974,1011,170,1,110,3,1545,6,6,6,6,6,NA,NA,NA,NA,2019-12-13 15:51:00,0
2019-12-13 17:00:00,WIND,600702,1,HCM,1,18974,1011,130,4,140,7,1647,6,6,6,6,6,NA,NA,NA,NA,2019-12-13 16:51:00,0
2019-12-13 18:00:00,WIND,600702,1,HCM,1,18974,1011,110,3,150,8,1656,6,6,6,6,6,NA,NA,NA,NA,2019-12-13 17:51:00,0
2019-12-13 19:00:00,WIND,600702,1,HCM,1,18974,1011,60,2,80,4,1811,6,6,6,6,6,NA,NA,NA,NA,2019-12-13 18:51:00,0
2019-12-13 20:00:00,WIND,600702,1,HCM,1,18974,1011,360,1,110,4,1947,6,6,6,6,6,NA,NA,NA,NA,2019-12-13 19:51:00,0
2019-12-13 21:00:00,WIND,600702,1,HCM,1,18974,1011,90,3,40,6,2014,6,6,6,6,6,NA,NA,NA,NA,2019-12-13 20:54:00,0
2019-12-13 22:00:00,WIND,600702,1,HCM,1,18974,1011,30,2,350,4,2133,6,6,6,6,6,NA,NA,NA,NA,2019-12-13 21:51:00,0
2019-12-13 23:00:00,WIND,600702,1,HCM,1,18974,1011,330,2,310,4,2158,6,6,6,6,6,NA,NA,NA,NA,2019-12-13 22:51:00,0
2019-12-14 00:00:00,WIND,600702,1,HCM,1,18974,1011,240,3,240,5,2321,6,6,6,6,6,NA,NA,NA,NA,2019-12-13 23:51:00,0
2019-12-14 01:00:00,WIND,600702,1,HCM,1,18974,1011,200,3,230,5,34,6,6,6,6,6,NA,NA,NA,NA,2019-12-14 00:51:00,0
2019-12-14 02:00:00,WIND,600702,1,HCM,1,18974,1011,290,6,290,15,135,6,6,6,6,6,NA,NA,NA,NA,2019-12-14 01:51:00,0
2019-12-14 03:00:00,WIND,600702,1,HCM,1,18974,1011,280,10,300,19,228,6,6,6,6,6,NA,NA,NA,NA,2019-12-14 02:51:00,0
2019-12-14 04:00:00,WIND,600702,1,HCM,1,18974,1011,280,8,290,13,316,6,6,6,6,6,NA,NA,NA,NA,2019-12-14 03:51:00,0
2019-12-14 05:00:00,WIND,600702,1,HCM,1,18974,1011,260,13,260,22,447,6,6,6,6,6,NA,NA,NA,NA,2019-12-14 04:52:00,0
2019-12-14 06:00:00,WIND,600702,1,HCM,1,18974,1011,260,14,260,22,514,6,6,6,6,6,NA,NA,NA,NA,2019-12-14 05:51:00,0
2019-12-14 07:00:00,WIND,600702,1,HCM,1,18974,1011,250,16,250,29,630,6,6,6,6,6,NA,NA,NA,NA,2019-12-14 06:51:00,0
2019-12-14 08:00:00,WIND,600702,1,HCM,1,18974,1011,250,18,250,31,748,6,6,6,6,6,NA,NA,NA,NA,2019-12-14 07:51:00,0
2019-12-14 09:00:00,WIND,600702,1,HCM,1,18974,1011,250,21,240,30,847,6,6,6,6,6,NA,NA,NA,NA,2019-12-14 08:54:00,0
2019-12-14 10:00:00,WIND,600702,1,HCM,1,18974,1011,240,22,240,35,945,6,6,6,6,6,NA,NA,NA,NA,2019-12-14 09:51:00,0
2019-12-14 11:00:00,WIND,600702,1,HCM,1,18974,1011,230,25,230,38,1003,6,6,6,6,6,NA,NA,NA,NA,2019-12-14 10:51:00,0
2019-12-14 12:00:00,WIND,600702,1,HCM,1,18974,1011,230,19,230,31,1108,6,6,6,6,6,NA,NA,NA,NA,2019-12-14 11:51:00,0
2019-12-14 13:00:00,WIND,600702,1,HCM,1,18974,1011,230,13,240,25,1248,6,6,6,6,6,NA,NA,NA,NA,2019-12-14 12:51:00,0
2019-12-14 14:00:00,WIND,600702,1,HCM,1,18974,1011,240,15,230,23,1330,6,6,6,6,6,NA,NA,NA,NA,2019-12-14 13:51:00,0
2019-12-14 15:00:00,WIND,600702,1,HCM,1,18974,1011,250,12,240,19,1356,6,6,6,6,6,NA,NA,NA,NA,2019-12-14 14:51:00,0
2019-12-14 16:00:00,WIND,600702,1,HCM,1,18974,1011,310,14,350,31,1546,6,6,6,6,6,NA,NA,NA,NA,2019-12-14 15:51:00,0
2019-12-14 17:00:00,WIND,600702,1,HCM,1,18974,1011,350,24,350,34,1607,6,6,6,6,6,NA,NA,NA,NA,2019-12-14 16:51:00,0
2019-12-14 18:00:00,WIND,600702,1,HCM,1,18974,1011,340,18,340,30,1651,6,6,6,6,6,NA,NA,NA,NA,2019-12-14 17:51:00,0
2019-12-14 19:00:00,WIND,600702,1,HCM,1,18974,1011,330,13,330,18,1815,6,6,6,6,6,NA,NA,NA,NA,2019-12-14 18:51:00,0
2019-12-14 20:00:00,WIND,600702,1,HCM,1,18974,1011,310,10,310,21,1901,6,6,6,6,6,NA,NA,NA,NA,2019-12-14 19:51:00,0
2019-12-14 21:00:00,WIND,600702,1,HCM,1,18974,1011,300,11,310,20,1955,6,6,6,6,6,NA,NA,NA,NA,2019-12-14 20:53:00,0
2019-12-14 22:00:00,WIND,600702,1,HCM,1,18974,1011,300,9,320,14,2053,6,6,6,6,6,NA,NA,NA,NA,2019-12-14 21:51:00,0
2019-12-14 23:00:00,WIND,600702,1,HCM,1,18974,1011,300,8,300,12,2152,6,6,6,6,6,NA,NA,NA,NA,2019-12-14 22:51:00,0
2019-12-15 00:00:00,WIND,600702,1,HCM,1,18974,1011,310,8,320,13,2346,6,6,6,6,6,NA,NA,NA,NA,2019-12-14 23:51:00,0
2019-12-15 01:00:00,WIND,600702,1,HCM,1,18974,1011,300,5,290,13,5,6,6,6,6,6,NA,NA,NA,NA,2019-12-15 00:51:00,0
2019-12-15 02:00:00,WIND,600702,1,HCM,1,18974,1011,250,12,240,22,125,6,6,6,6,6,NA,NA,NA,NA,2019-12-15 01:51:00,0
2019-12-15 03:00:00,WIND,600702,1,HCM,1,18974,1011,250,9,240,17,158,6,6,6,6,6,NA,NA,NA,NA,2019-12-15 02:51:00,0
2019-12-15 04:00:00,WIND,600702,1,HCM,1,18974,1011,250,7,300,15,325,6,6,6,6,6,NA,NA,NA,NA,2019-12-15 03:51:00,0
2019-12-15 05:00:00,WIND,600702,1,HCM,1,18974,1011,260,7,270,13,418,6,6,6,6,6,NA,NA,NA,NA,2019-12-15 04:51:00,0
2019-12-15 06:00:00,WIND,600702,1,HCM,1,18974,1011,270,8,260,13,451,6,6,6,6,6,NA,NA,NA,NA,2019-12-15 05:51:00,0
2019-12-15 07:00:00,WIND,600702,1,HCM,1,18974,1011,290,10,290,22,626,6,6,6,6,6,NA,NA,NA,NA,2019-12-15 06:51:00,0
2019-12-15 08:00:00,WIND,600702,1,HCM,1,18974,1011,280,10,280,18,749,6,6,6,6,6,NA,NA,NA,NA,2019-12-15 07:52:00,0
2019-12-15 09:00:00,WIND,600702,1,HCM,1,18974,1011,280,13,280,20,843,6,6,6,6,6,NA,NA,NA,NA,2019-12-15 08:55:00,0
2019-12-15 10:00:00,WIND,600702,1,HCM,1,18974,1011,260,12,240,19,949,6,6,6,6,6,NA,NA,NA,NA,2019-12-15 09:51:00,0
2019-12-15 11:00:00,WIND,600702,1,HCM,1,18974,1011,270,15,290,25,954,6,6,6,6,6,NA,NA,NA,NA,2019-12-15 10:51:00,0
2019-12-15 12:00:00,WIND,600702,1,HCM,1,18974,1011,260,14,270,26,1121,6,6,6,6,6,NA,NA,NA,NA,2019-12-15 11:51:00,0
2019-12-15 13:00:00,WIND,600702,1,HCM,1,18974,1011,250,15,240,25,1227,6,6,6,6,6,NA,NA,NA,NA,2019-12-15 12:51:00,0
2019-12-15 14:00:00,WIND,600702,1,HCM,1,18974,1011,250,15,250,24,1254,6,6,6,6,6,NA,NA,NA,NA,2019-12-15 13:51:00,0
2019-12-15 15:00:00,WIND,600702,1,HCM,1,18974,1011,250,15,250,23,1417,6,6,6,6,6,NA,NA,NA,NA,2019-12-15 14:51:00,0
2019-12-15 16:00:00,WIND,600702,1,HCM,1,18974,1011,250,14,250,21,1549,6,6,6,6,6,NA,NA,NA,NA,2019-12-15 15:51:00,0
2019-12-15 17:00:00,WIND,600702,1,HCM,1,18974,1011,230,13,240,21,1559,6,6,6,6,6,NA,NA,NA,NA,2019-12-15 16:51:00,0
2019-12-15 18:00:00,WIND,600702,1,HCM,1,18974,1011,230,13,220,22,1749,6,6,6,6,6,NA,NA,NA,NA,2019-12-15 17:51:00,0
2019-12-15 19:00:00,WIND,600702,1,HCM,1,18974,1011,210,16,190,24,1837,6,6,6,6,6,NA,NA,NA,NA,2019-12-15 18:51:00,0
2019-12-15 20:00:00,WIND,600702,1,HCM,1,18974,1011,200,18,200,27,1945,6,6,6,6,6,NA,NA,NA,NA,2019-12-15 19:51:00,0
2019-12-15 21:00:00,WIND,600702,1,HCM,1,18974,1011,190,20,200,27,2047,6,6,6,6,6,NA,NA,NA,NA,2019-12-15 20:54:00,0
2019-12-15 22:00:00,WIND,600702,1,HCM,1,18974,1011,220,15,230,24,2131,6,6,6,6,6,NA,NA,NA,NA,2019-12-15 21:51:00,0
2019-12-15 23:00:00,WIND,600702,1,HCM,1,18974,1011,210,14,190,23,2239,6,6,6,6,6,NA,NA,NA,NA,2019-12-15 22:51:00,0
2019-12-16 00:00:00,WIND,600702,1,HCM,1,18974,1011,190,16,200,23,2345,6,6,6,6,6,NA,NA,NA,NA,2019-12-15 23:51:00,0
2019-12-16 01:00:00,WIND,600702,1,HCM,1,18974,1011,200,17,190,24,47,6,6,6,6,6,NA,NA,NA,NA,2019-12-16 00:51:00,0
2019-12-16 02:00:00,WIND,600702,1,HCM,1,18974,1011,190,16,190,24,115,6,6,6,6,6,NA,NA,NA,NA,2019-12-16 01:51:00,0
2019-12-16 03:00:00,WIND,600702,1,HCM,1,18974,1011,190,17,210,23,204,6,6,6,6,6,NA,NA,NA,NA,2019-12-16 02:51:00,0
2019-12-16 04:00:00,WIND,600702,1,HCM,1,18974,1011,200,18,200,26,338,6,6,6,6,6,NA,NA,NA,NA,2019-12-16 03:52:00,0
2019-12-16 05:00:00,WIND,600702,1,HCM,1,18974,1011,200,19,200,28,420,6,6,6,6,6,NA,NA,NA,NA,2019-12-16 04:51:00,0
2019-12-16 06:00:00,WIND,600702,1,HCM,1,18974,1011,190,20,180,29,537,6,6,6,6,6,NA,NA,NA,NA,2019-12-16 05:51:00,0
2019-12-16 07:00:00,WIND,600702,1,HCM,1,18974,1011,190,16,180,26,553,6,6,6,6,6,NA,NA,NA,NA,2019-12-16 06:51:00,0
2019-12-16 08:00:00,WIND,600702,1,HCM,1,18974,1011,210,15,220,29,722,6,6,6,6,6,NA,NA,NA,NA,2019-12-16 07:51:00,0
2019-12-16 09:00:00,WIND,600702,1,HCM,1,18974,1011,230,13,240,20,848,6,6,6,6,6,NA,NA,NA,NA,2019-12-16 08:54:00,0
2019-12-16 10:00:00,WIND,600702,1,HCM,1,18974,1011,250,13,260,23,945,6,6,6,6,6,NA,NA,NA,NA,2019-12-16 09:51:00,0
2019-12-16 11:00:00,WIND,600702,1,HCM,1,18974,1011,260,15,270,22,1049,6,6,6,6,6,NA,NA,NA,NA,2019-12-16 10:51:00,0
2019-12-16 12:00:00,WIND,600702,1,HCM,1,18974,1011,260,18,260,27,1053,6,6,6,6,6,NA,NA,NA,NA,2019-12-16 11:51:00,0
2019-12-16 13:00:00,WIND,600702,1,HCM,1,18974,1011,250,19,250,30,1200,6,6,6,6,6,NA,NA,NA,NA,2019-12-16 12:51:00,0
2019-12-16 14:00:00,WIND,600702,1,HCM,1,18974,1011,240,17,250,25,1257,6,6,6,6,6,NA,NA,NA,NA,2019-12-16 13:51:00,0
2019-12-16 15:00:00,WIND,600702,1,HCM,1,18974,1011,240,17,240,25,1401,6,6,6,6,6,NA,NA,NA,NA,2019-12-16 14:51:00,0
2019-12-16 16:00:00,WIND,600702,1,HCM,1,18974,1011,220,16,230,25,1453,6,6,6,6,6,NA,NA,NA,NA,2019-12-16 15:51:00,0
2019-12-16 17:00:00,WIND,600702,1,HCM,1,18974,1011,210,21,230,36,1645,6,6,6,6,6,NA,NA,NA,NA,2019-12-16 16:51:00,0
2019-12-16 18:00:00,WIND,600702,1,HCM,1,18974,1011,220,21,230,34,1658,6,6,6,6,6,NA,NA,NA,NA,2019-12-16 17:51:00,0
2019-12-16 19:00:00,WIND,600702,1,HCM,1,18974,1011,220,17,220,25,1800,6,6,6,6,6,NA,NA,NA,NA,2019-12-16 18:51:00,0
2019-12-16 20:00:00,WIND,600702,1,HCM,1,18974,1011,210,18,210,26,1913,6,6,6,6,6,NA,NA,NA,NA,2019-12-16 19:51:00,0
2019-12-16 21:00:00,WIND,600702,1,HCM,1,18974,1011,210,16,220,30,2039,6,6,6,6,6,NA,NA,NA,NA,2019-12-16 20:53:00,0
2019-12-16 22:00:00,WIND,600702,1,HCM,1,18974,1011,220,7,180,25,2103,6,6,6,6,6,NA,NA,NA,NA,2019-12-16 21:51:00,0
2019-12-16 23:00:00,WIND,600702,1,HCM,1,18974,1011,210,3,210,5,2150,6,6,6,6,6,NA,NA,NA,NA,2019-12-16 22:51:00,0
2019-12-17 00:00:00,WIND,600702,1,HCM,1,18974,1011,50,5,10,10,2347,6,6,6,6,6,NA,NA,NA,NA,2019-12-16 23:51:00,0
2019-12-17 01:00:00,WIND,600702,1,HCM,1,18974,1011,40,8,30,14,49,6,6,6,6,6,NA,NA,NA,NA,2019-12-17 00:51:00,0
2019-12-17 02:00:00,WIND,600702,1,HCM,1,18974,1011,10,15,20,21,144,6,6,6,6,6,NA,NA,NA,NA,2019-12-17 01:51:00,0
2019-12-17 03:00:00,WIND,600702,1,HCM,1,18974,1011,360,12,10,21,151,6,6,6,6,6,NA,NA,NA,NA,2019-12-17 02:51:00,0
2019-12-17 04:00:00,WIND,600702,1,HCM,1,18974,1011,350,12,330,21,329,6,6,6,6,6,NA,NA,NA,NA,2019-12-17 03:51:00,0
2019-12-17 05:00:00,WIND,600702,1,HCM,1,18974,1011,340,17,350,23,413,6,6,6,6,6,NA,NA,NA,NA,2019-12-17 04:51:00,0
2019-12-17 06:00:00,WIND,600702,1,HCM,1,18974,1011,350,18,350,25,516,6,6,6,6,6,NA,NA,NA,NA,2019-12-17 05:51:00,0
2019-12-17 07:00:00,WIND,600702,1,HCM,1,18974,1011,350,16,350,23,550,6,6,6,6,6,NA,NA,NA,NA,2019-12-17 06:51:00,0
2019-12-17 08:00:00,WIND,600702,1,HCM,1,18974,1011,350,14,360,20,702,6,6,6,6,6,NA,NA,NA,NA,2019-12-17 07:51:00,0
2019-12-17 09:00:00,WIND,600702,1,HCM,1,18974,1011,340,10,350,15,800,6,6,6,6,6,NA,NA,NA,NA,2019-12-17 09:01:00,0
2019-12-17 10:00:00,WIND,600702,1,HCM,1,18974,1011,330,9,330,13,902,6,6,6,6,6,NA,NA,NA,NA,2019-12-17 09:51:00,0
2019-12-17 11:00:00,WIND,600702,1,HCM,1,18974,1011,320,8,320,13,1026,6,6,6,6,6,NA,NA,NA,NA,2019-12-17 10:51:00,0
2019-12-17 12:00:00,WIND,600702,1,HCM,1,18974,1011,330,6,330,9,1056,6,6,6,6,6,NA,NA,NA,NA,2019-12-17 11:51:00,0
2019-12-17 13:00:00,WIND,600702,1,HCM,1,18974,1011,330,5,320,8,1159,6,6,6,6,6,NA,NA,NA,NA,2019-12-17 12:52:00,0
2019-12-17 14:00:00,WIND,600702,1,HCM,1,18974,1011,300,3,240,7,1342,6,6,6,6,6,NA,NA,NA,NA,2019-12-17 13:51:00,0
2019-12-17 15:00:00,WIND,600702,1,HCM,1,18974,1011,250,2,270,4,1352,6,6,6,6,6,NA,NA,NA,NA,2019-12-17 14:51:00,0
2019-12-17 16:00:00,WIND,600702,1,HCM,1,18974,1011,300,3,320,6,1524,6,6,6,6,6,NA,NA,NA,NA,2019-12-17 15:51:00,0
2019-12-17 17:00:00,WIND,600702,1,HCM,1,18974,1011,280,5,280,8,1645,6,6,6,6,6,NA,NA,NA,NA,2019-12-17 16:51:00,0
2019-12-17 18:00:00,WIND,600702,1,HCM,1,18974,1011,280,7,280,8,1700,6,6,6,6,6,NA,NA,NA,NA,2019-12-17 17:51:00,0
2019-12-17 19:00:00,WIND,600702,1,HCM,1,18974,1011,270,6,280,7,1824,6,6,6,6,6,NA,NA,NA,NA,2019-12-17 18:51:00,0
2019-12-17 20:00:00,WIND,600702,1,HCM,1,18974,1011,240,6,250,9,1913,6,6,6,6,6,NA,NA,NA,NA,2019-12-17 19:51:00,0
2019-12-17 21:00:00,WIND,600702,1,HCM,1,18974,1011,230,7,240,8,1950,6,6,6,6,6,NA,NA,NA,NA,2019-12-17 20:55:00,0
2019-12-17 22:00:00,WIND,600702,1,HCM,1,18974,1011,230,7,220,9,2147,6,6,6,6,6,NA,NA,NA,NA,2019-12-17 21:51:00,0
2019-12-17 23:00:00,WIND,600702,1,HCM,1,18974,1011,230,8,210,14,2211,6,6,6,6,6,NA,NA,NA,NA,2019-12-17 22:51:00,0
2019-12-18 00:00:00,WIND,600702,1,HCM,1,18974,1011,230,7,220,10,2252,6,6,6,6,6,NA,NA,NA,NA,2019-12-17 23:51:00,0
2019-12-18 01:00:00,WIND,600702,1,HCM,1,18974,1011,220,8,230,13,46,6,6,6,6,6,NA,NA,NA,NA,2019-12-18 00:51:00,0
2019-12-18 02:00:00,WIND,600702,1,HCM,1,18974,1011,220,10,220,15,147,6,6,6,6,6,NA,NA,NA,NA,2019-12-18 01:51:00,0
2019-12-18 03:00:00,WIND,600702,1,HCM,1,18974,1011,210,9,220,13,246,6,6,6,6,6,NA,NA,NA,NA,2019-12-18 02:51:00,0
2019-12-18 04:00:00,WIND,600702,1,HCM,1,18974,1011,210,9,200,14,347,6,6,6,6,6,NA,NA,NA,NA,2019-12-18 03:51:00,0
2019-12-18 05:00:00,WIND,600702,1,HCM,1,18974,1011,200,12,190,16,443,6,6,6,6,6,NA,NA,NA,NA,2019-12-18 04:51:00,0
2019-12-18 06:00:00,WIND,600702,1,HCM,1,18974,1011,180,15,180,20,529,6,6,6,6,6,NA,NA,NA,NA,2019-12-18 05:51:00,0
2019-12-18 07:00:00,WIND,600702,1,HCM,1,18974,1011,170,17,180,22,610,6,6,6,6,6,NA,NA,NA,NA,2019-12-18 06:52:00,0
2019-12-18 08:00:00,WIND,600702,1,HCM,1,18974,1011,170,19,170,26,731,6,6,6,6,6,NA,NA,NA,NA,2019-12-18 07:51:00,0
2019-12-18 09:00:00,WIND,600702,1,HCM,1,18974,1011,170,21,170,27,837,6,6,6,6,6,NA,NA,NA,NA,2019-12-18 08:55:00,0
2019-12-18 10:00:00,WIND,600702,1,HCM,1,18974,1011,160,21,160,28,935,6,6,6,6,6,NA,NA,NA,NA,2019-12-18 10:00:00,0
2019-12-18 11:00:00,WIND,600702,1,HCM,1,18974,1011,140,21,140,30,1037,6,6,6,6,6,NA,NA,NA,NA,2019-12-18 10:51:00,0
2019-12-18 12:00:00,WIND,600702,1,HCM,1,18974,1011,130,24,130,32,1147,6,6,6,6,6,NA,NA,NA,NA,2019-12-18 11:51:00,0
2019-12-18 13:00:00,WIND,600702,1,HCM,1,18974,1011,130,27,140,36,1222,6,6,6,6,6,NA,NA,NA,NA,2019-12-18 12:51:00,0
2019-12-18 14:00:00,WIND,600702,1,HCM,1,18974,1011,130,28,130,37,1336,6,6,6,6,6,NA,NA,NA,NA,2019-12-18 13:51:00,0
2019-12-18 15:00:00,WIND,600702,1,HCM,1,18974,1011,130,29,120,38,1440,6,6,6,6,6,NA,NA,NA,NA,2019-12-18 14:51:00,0
2019-12-18 16:00:00,WIND,600702,1,HCM,1,18974,1011,130,31,130,42,1519,6,6,6,6,6,NA,NA,NA,NA,2019-12-18 15:51:00,0
2019-12-18 17:00:00,WIND,600702,1,HCM,1,18974,1011,130,33,130,44,1611,6,6,6,6,6,NA,NA,NA,NA,2019-12-18 16:51:00,0
2019-12-18 18:00:00,WIND,600702,1,HCM,1,18974,1011,130,33,130,43,1723,6,6,6,6,6,NA,NA,NA,NA,2019-12-18 17:51:00,0
2019-12-18 19:00:00,WIND,600702,1,HCM,1,18974,1011,130,34,120,44,1807,6,6,6,6,6,NA,NA,NA,NA,2019-12-18 18:52:00,0
2019-12-18 20:00:00,WIND,600702,1,HCM,1,18974,1011,130,35,120,46,1941,6,6,6,6,6,NA,NA,NA,NA,2019-12-18 19:51:00,0
2019-12-18 21:00:00,WIND,600702,1,HCM,1,18974,1011,120,37,120,49,2008,6,6,6,6,6,NA,NA,NA,NA,2019-12-18 20:56:00,0
2019-12-18 22:00:00,WIND,600702,1,HCM,1,18974,1011,120,37,120,48,2111,6,6,6,6,6,NA,NA,NA,NA,2019-12-18 21:51:00,0
2019-12-18 23:00:00,WIND,600702,1,HCM,1,18974,1011,130,38,130,52,2223,6,6,6,6,6,NA,NA,NA,NA,2019-12-18 22:51:00,0
2019-12-19 00:00:00,WIND,600702,1,HCM,1,18974,1011,130,40,130,53,2337,6,6,6,6,6,NA,NA,NA,NA,2019-12-18 23:51:00,0
2019-12-19 01:00:00,WIND,600702,1,HCM,1,18974,1011,150,40,160,61,41,6,6,6,6,6,NA,NA,NA,NA,2019-12-19 00:51:00,0
2019-12-19 02:00:00,WIND,600702,1,HCM,1,18974,1011,170,38,160,53,52,6,6,6,6,6,NA,NA,NA,NA,2019-12-19 01:51:00,0
2019-12-19 03:00:00,WIND,600702,1,HCM,1,18974,1011,180,37,170,51,150,6,6,6,6,6,NA,NA,NA,NA,2019-12-19 02:51:00,0
2019-12-19 04:00:00,WIND,600702,1,HCM,1,18974,1011,180,35,180,48,310,6,6,6,6,6,NA,NA,NA,NA,2019-12-19 03:51:00,0
2019-12-19 05:00:00,WIND,600702,1,HCM,1,18974,1011,190,32,190,47,415,6,6,6,6,6,NA,NA,NA,NA,2019-12-19 04:51:00,0
2019-12-19 06:00:00,WIND,600702,1,HCM,1,18974,1011,180,29,180,40,514,6,6,6,6,6,NA,NA,NA,NA,2019-12-19 05:51:00,0
2019-12-19 07:00:00,WIND,600702,1,HCM,1,18974,1011,180,26,170,37,550,6,6,6,6,6,NA,NA,NA,NA,2019-12-19 06:51:00,0
2019-12-19 08:00:00,WIND,600702,1,HCM,1,18974,1011,170,24,180,34,728,6,6,6,6,6,NA,NA,NA,NA,2019-12-19 07:51:00,0
2019-12-19 09:00:00,WIND,600702,1,HCM,1,18974,1011,170,24,170,32,756,6,6,6,6,6,NA,NA,NA,NA,2019-12-19 08:54:00,0
2019-12-19 10:00:00,WIND,600702,1,HCM,1,18974,1011,170,22,170,30,917,6,6,6,6,6,NA,NA,NA,NA,2019-12-19 10:06:00,0
2019-12-19 11:00:00,WIND,600702,1,HCM,1,18974,1011,170,20,170,27,1000,6,6,6,6,6,NA,NA,NA,NA,2019-12-19 10:59:00,0
2019-12-19 12:00:00,WIND,600702,1,HCM,1,18974,1011,160,20,160,26,1108,6,6,6,6,6,NA,NA,NA,NA,2019-12-19 11:51:00,0
2019-12-19 13:00:00,WIND,600702,1,HCM,1,18974,1011,160,19,160,27,1222,6,6,6,6,6,NA,NA,NA,NA,2019-12-19 12:51:00,0
2019-12-19 14:00:00,WIND,600702,1,HCM,1,18974,1011,160,19,160,26,1313,6,6,6,6,6,NA,NA,NA,NA,2019-12-19 13:51:00,0
2019-12-19 15:00:00,WIND,600702,1,HCM,1,18974,1011,160,19,160,27,1422,6,6,6,6,6,NA,NA,NA,NA,2019-12-19 14:51:00,0
2019-12-19 16:00:00,WIND,600702,1,HCM,1,18974,1011,150,20,150,26,1529,6,6,6,6,6,NA,NA,NA,NA,2019-12-19 15:51:00,0
2019-12-19 17:00:00,WIND,600702,1,HCM,1,18974,1011,140,18,140,27,1555,6,6,6,6,6,NA,NA,NA,NA,2019-12-19 16:51:00,0
2019-12-19 18:00:00,WIND,600702,1,HCM,1,18974,1011,140,17,140,23,1655,6,6,6,6,6,NA,NA,NA,NA,2019-12-19 17:51:00,0
2019-12-19 19:00:00,WIND,600702,1,HCM,1,18974,1011,120,15,130,21,1806,6,6,6,6,6,NA,NA,NA,NA,2019-12-19 18:51:00,0
2019-12-19 20:00:00,WIND,600702,1,HCM,1,18974,1011,120,14,120,20,1904,6,6,6,6,6,NA,NA,NA,NA,2019-12-19 19:52:00,0
2019-12-19 21:00:00,WIND,600702,1,HCM,1,18974,1011,100,12,100,16,2010,6,6,6,6,6,NA,NA,NA,NA,2019-12-19 20:54:00,0
2019-12-19 22:00:00,WIND,600702,1,HCM,1,18974,1011,80,11,90,16,2116,6,6,6,6,6,NA,NA,NA,NA,2019-12-19 21:51:00,0
2019-12-19 23:00:00,WIND,600702,1,HCM,1,18974,1011,70,10,70,14,2213,6,6,6,6,6,NA,NA,NA,NA,2019-12-19 22:51:00,0
2019-12-20 00:00:00,WIND,600702,1,HCM,1,18974,1011,60,11,50,17,2347,6,6,6,6,6,NA,NA,NA,NA,2019-12-19 23:51:00,0
2019-12-20 01:00:00,WIND,600702,1,HCM,1,18974,1011,60,13,50,21,2351,6,6,6,6,6,NA,NA,NA,NA,2019-12-20 00:51:00,0
2019-12-20 02:00:00,WIND,600702,1,HCM,1,18974,1011,50,12,50,17,138,6,6,6,6,6,NA,NA,NA,NA,2019-12-20 01:51:00,0
2019-12-20 03:00:00,WIND,600702,1,HCM,1,18974,1011,50,12,50,17,234,6,6,6,6,6,NA,NA,NA,NA,2019-12-20 02:51:00,0
2019-12-20 04:00:00,WIND,600702,1,HCM,1,18974,1011,40,12,40,17,337,6,6,6,6,6,NA,NA,NA,NA,2019-12-20 03:51:00,0
2019-12-20 05:00:00,WIND,600702,1,HCM,1,18974,1011,60,10,140,16,449,6,6,6,6,6,NA,NA,NA,NA,2019-12-20 04:51:00,0
2019-12-20 06:00:00,WIND,600702,1,HCM,1,18974,1011,140,14,150,20,522,6,6,6,6,6,NA,NA,NA,NA,2019-12-20 05:51:00,0
2019-12-20 07:00:00,WIND,600702,1,HCM,1,18974,1011,200,6,140,17,550,6,6,6,6,6,NA,NA,NA,NA,2019-12-20 06:51:00,0
2019-12-20 08:00:00,WIND,600702,1,HCM,1,18974,1011,290,11,300,22,738,6,6,6,6,6,NA,NA,NA,NA,2019-12-20 07:51:00,0
2019-12-20 09:00:00,WIND,600702,1,HCM,1,18974,1011,300,15,300,20,800,6,6,6,6,6,NA,NA,NA,NA,2019-12-20 08:53:00,0
2019-12-20 10:00:00,WIND,600702,1,HCM,1,18974,1011,290,11,300,18,851,6,6,6,6,6,NA,NA,NA,NA,2019-12-20 09:51:00,0
2019-12-20 11:00:00,WIND,600702,1,HCM,1,18974,1011,270,10,270,15,1016,6,6,6,6,6,NA,NA,NA,NA,2019-12-20 10:51:00,0
2019-12-20 12:00:00,WIND,600702,1,HCM,1,18974,1011,260,11,270,16,1148,6,6,6,6,6,NA,NA,NA,NA,2019-12-20 11:51:00,0
2019-12-20 13:00:00,WIND,600702,1,HCM,1,18974,1011,260,12,270,18,1225,6,6,6,6,6,NA,NA,NA,NA,2019-12-20 12:51:00,0
2019-12-20 14:00:00,WIND,600702,1,HCM,1,18974,1011,270,12,260,18,1349,6,6,6,6,6,NA,NA,NA,NA,2019-12-20 13:51:00,0
2019-12-20 15:00:00,WIND,600702,1,HCM,1,18974,1011,270,13,270,19,1435,6,6,6,6,6,NA,NA,NA,NA,2019-12-20 14:51:00,0
2019-12-20 16:00:00,WIND,600702,1,HCM,1,18974,1011,260,11,270,16,1452,6,6,6,6,6,NA,NA,NA,NA,2019-12-20 15:51:00,0
2019-12-20 17:00:00,WIND,600702,1,HCM,1,18974,1011,270,12,270,17,1609,6,6,6,6,6,NA,NA,NA,NA,2019-12-20 16:51:00,0
2019-12-20 18:00:00,WIND,600702,1,HCM,1,18974,1011,270,10,270,14,1654,6,6,6,6,6,NA,NA,NA,NA,2019-12-20 17:51:00,0
2019-12-20 19:00:00,WIND,600702,1,HCM,1,18974,1011,280,10,300,16,1800,6,6,6,6,6,NA,NA,NA,NA,2019-12-20 18:51:00,0
2019-12-20 20:00:00,WIND,600702,1,HCM,1,18974,1011,260,9,270,15,1856,6,6,6,6,6,NA,NA,NA,NA,2019-12-20 19:51:00,0
2019-12-20 21:00:00,WIND,600702,1,HCM,1,18974,1011,260,11,260,18,2043,6,6,6,6,6,NA,NA,NA,NA,2019-12-20 20:54:00,0
2019-12-20 22:00:00,WIND,600702,1,HCM,1,18974,1011,260,13,260,21,2110,6,6,6,6,6,NA,NA,NA,NA,2019-12-20 21:51:00,0
2019-12-20 23:00:00,WIND,600702,1,HCM,1,18974,1011,260,13,270,19,2203,6,6,6,6,6,NA,NA,NA,NA,2019-12-20 22:51:00,0
2019-12-21 00:00:00,WIND,600702,1,HCM,1,18974,1011,250,14,260,21,2305,6,6,6,6,6,NA,NA,NA,NA,2019-12-20 23:51:00,0
2019-12-21 01:00:00,WIND,600702,1,HCM,1,18974,1011,250,13,260,20,43,6,6,6,6,6,NA,NA,NA,NA,2019-12-21 00:51:00,0
2019-12-21 02:00:00,WIND,600702,1,HCM,1,18974,1011,250,14,240,20,122,6,6,6,6,6,NA,NA,NA,NA,2019-12-21 01:51:00,0
2019-12-21 03:00:00,WIND,600702,1,HCM,1,18974,1011,240,12,250,17,201,6,6,6,6,6,NA,NA,NA,NA,2019-12-21 02:51:00,0
2019-12-21 04:00:00,WIND,600702,1,HCM,1,18974,1011,240,11,240,16,333,6,6,6,6,6,NA,NA,NA,NA,2019-12-21 03:51:00,0
2019-12-21 05:00:00,WIND,600702,1,HCM,1,18974,1011,230,11,220,16,423,6,6,6,6,6,NA,NA,NA,NA,2019-12-21 04:51:00,0
2019-12-21 06:00:00,WIND,600702,1,HCM,1,18974,1011,250,11,220,18,453,6,6,6,6,6,NA,NA,NA,NA,2019-12-21 05:51:00,0
2019-12-21 07:00:00,WIND,600702,1,HCM,1,18974,1011,210,11,210,20,558,6,6,6,6,6,NA,NA,NA,NA,2019-12-21 06:51:00,0
2019-12-21 08:00:00,WIND,600702,1,HCM,1,18974,1011,200,11,190,17,726,6,6,6,6,6,NA,NA,NA,NA,2019-12-21 07:51:00,0
2019-12-21 09:00:00,WIND,600702,1,HCM,1,18974,1011,200,12,190,18,838,6,6,6,6,6,NA,NA,NA,NA,2019-12-21 08:54:00,0
2019-12-21 10:00:00,WIND,600702,1,HCM,1,18974,1011,190,13,190,18,900,6,6,6,6,6,NA,NA,NA,NA,2019-12-21 09:51:00,0
2019-12-21 11:00:00,WIND,600702,1,HCM,1,18974,1011,190,13,180,20,1022,6,6,6,6,6,NA,NA,NA,NA,2019-12-21 10:51:00,0
2019-12-21 12:00:00,WIND,600702,1,HCM,1,18974,1011,180,14,170,20,1134,6,6,6,6,6,NA,NA,NA,NA,2019-12-21 11:51:00,0
2019-12-21 13:00:00,WIND,600702,1,HCM,1,18974,1011,170,15,160,20,1227,6,6,6,6,6,NA,NA,NA,NA,2019-12-21 12:51:00,0
2019-12-21 14:00:00,WIND,600702,1,HCM,1,18974,1011,190,13,180,19,1309,6,6,6,6,6,NA,NA,NA,NA,2019-12-21 13:51:00,0
2019-12-21 15:00:00,WIND,600702,1,HCM,1,18974,1011,180,15,180,21,1408,6,6,6,6,6,NA,NA,NA,NA,2019-12-21 14:51:00,0
2019-12-21 16:00:00,WIND,600702,1,HCM,1,18974,1011,190,11,190,16,1511,6,6,6,6,6,NA,NA,NA,NA,2019-12-21 15:51:00,0
2019-12-21 17:00:00,WIND,600702,1,HCM,1,18974,1011,190,10,180,16,1550,6,6,6,6,6,NA,NA,NA,NA,2019-12-21 16:51:00,0
2019-12-21 18:00:00,WIND,600702,1,HCM,1,18974,1011,210,6,190,14,1654,6,6,6,6,6,NA,NA,NA,NA,2019-12-21 17:51:00,0
2019-12-21 19:00:00,WIND,600702,1,HCM,1,18974,1011,200,7,190,13,1847,6,6,6,6,6,NA,NA,NA,NA,2019-12-21 18:51:00,0
2019-12-21 20:00:00,WIND,600702,1,HCM,1,18974,1011,170,8,190,12,1854,6,6,6,6,6,NA,NA,NA,NA,2019-12-21 19:51:00,0
2019-12-21 21:00:00,WIND,600702,1,HCM,1,18974,1011,150,8,150,12,1952,6,6,6,6,6,NA,NA,NA,NA,2019-12-21 20:53:00,0
2019-12-21 22:00:00,WIND,600702,1,HCM,1,18974,1011,180,5,160,9,2054,6,6,6,6,6,NA,NA,NA,NA,2019-12-21 21:51:00,0
2019-12-21 23:00:00,WIND,600702,1,HCM,1,18974,1011,160,6,150,11,2219,6,6,6,6,6,NA,NA,NA,NA,2019-12-21 22:51:00,0
2019-12-22 00:00:00,WIND,600702,1,HCM,1,18974,1011,180,5,180,8,2337,6,6,6,6,6,NA,NA,NA,NA,2019-12-21 23:51:00,0
2019-12-22 01:00:00,WIND,600702,1,HCM,1,18974,1011,180,6,170,9,34,6,6,6,6,6,NA,NA,NA,NA,2019-12-22 00:51:00,0
2019-12-22 02:00:00,WIND,600702,1,HCM,1,18974,1011,200,6,160,8,50,6,6,6,6,6,NA,NA,NA,NA,2019-12-22 01:51:00,0
2019-12-22 03:00:00,WIND,600702,1,HCM,1,18974,1011,190,6,180,10,249,6,6,6,6,6,NA,NA,NA,NA,2019-12-22 02:51:00,0
2019-12-22 04:00:00,WIND,600702,1,HCM,1,18974,1011,200,8,200,11,326,6,6,6,6,6,NA,NA,NA,NA,2019-12-22 03:51:00,0
2019-12-22 05:00:00,WIND,600702,1,HCM,1,18974,1011,190,8,200,11,434,6,6,6,6,6,NA,NA,NA,NA,2019-12-22 04:51:00,0
2019-12-22 06:00:00,WIND,600702,1,HCM,1,18974,1011,200,8,200,13,504,6,6,6,6,6,NA,NA,NA,NA,2019-12-22 05:51:00,0
2019-12-22 07:00:00,WIND,600702,1,HCM,1,18974,1011,200,8,190,13,649,6,6,6,6,6,NA,NA,NA,NA,2019-12-22 06:51:00,0
2019-12-22 08:00:00,WIND,600702,1,HCM,1,18974,1011,190,10,200,15,655,6,6,6,6,6,NA,NA,NA,NA,2019-12-22 07:51:00,0
2019-12-22 09:00:00,WIND,600702,1,HCM,1,18974,1011,180,13,190,17,830,6,6,6,6,6,NA,NA,NA,NA,2019-12-22 08:54:00,0
2019-12-22 10:00:00,WIND,600702,1,HCM,1,18974,1011,210,10,190,18,855,6,6,6,6,6,NA,NA,NA,NA,2019-12-22 09:51:00,0
2019-12-22 11:00:00,WIND,600702,1,HCM,1,18974,1011,220,7,200,13,1044,6,6,6,6,6,NA,NA,NA,NA,2019-12-22 10:51:00,0
2019-12-22 12:00:00,WIND,600702,1,HCM,1,18974,1011,200,8,190,13,1056,6,6,6,6,6,NA,NA,NA,NA,2019-12-22 11:51:00,0
2019-12-22 13:00:00,WIND,600702,1,HCM,1,18974,1011,210,10,210,15,1233,6,6,6,6,6,NA,NA,NA,NA,2019-12-22 12:51:00,0
2019-12-22 14:00:00,WIND,600702,1,HCM,1,18974,1011,200,9,200,14,1334,6,6,6,6,6,NA,NA,NA,NA,2019-12-22 13:51:00,0
2019-12-22 15:00:00,WIND,600702,1,HCM,1,18974,1011,190,10,200,14,1353,6,6,6,6,6,NA,NA,NA,NA,2019-12-22 14:51:00,0
2019-12-22 16:00:00,WIND,600702,1,HCM,1,18974,1011,210,9,190,13,1548,6,6,6,6,6,NA,NA,NA,NA,2019-12-22 15:51:00,0
2019-12-22 17:00:00,WIND,600702,1,HCM,1,18974,1011,210,11,210,16,1629,6,6,6,6,6,NA,NA,NA,NA,2019-12-22 16:51:00,0
2019-12-22 18:00:00,WIND,600702,1,HCM,1,18974,1011,210,10,230,17,1746,6,6,6,6,6,NA,NA,NA,NA,2019-12-22 17:51:00,0
2019-12-22 19:00:00,WIND,600702,1,HCM,1,18974,1011,210,10,220,16,1752,6,6,6,6,6,NA,NA,NA,NA,2019-12-22 18:51:00,0
2019-12-22 20:00:00,WIND,600702,1,HCM,1,18974,1011,210,9,220,14,1917,6,6,6,6,6,NA,NA,NA,NA,2019-12-22 19:51:00,0
2019-12-22 21:00:00,WIND,600702,1,HCM,1,18974,1011,250,7,240,17,2006,6,6,6,6,6,NA,NA,NA,NA,2019-12-22 20:55:00,0
2019-12-22 22:00:00,WIND,600702,1,HCM,1,18974,1011,230,6,240,11,2053,6,6,6,6,6,NA,NA,NA,NA,2019-12-22 21:51:00,0
2019-12-22 23:00:00,WIND,600702,1,HCM,1,18974,1011,250,7,300,17,2238,6,6,6,6,6,NA,NA,NA,NA,2019-12-22 22:51:00,0
2019-12-23 00:00:00,WIND,600702,1,HCM,1,18974,1011,270,11,260,23,2314,6,6,6,6,6,NA,NA,NA,NA,2019-12-22 23:51:00,0
2019-12-23 01:00:00,WIND,600702,1,HCM,1,18974,1011,250,11,270,24,45,6,6,6,6,6,NA,NA,NA,NA,2019-12-23 00:51:00,0
2019-12-23 02:00:00,WIND,600702,1,HCM,1,18974,1011,250,12,250,22,55,6,6,6,6,6,NA,NA,NA,NA,2019-12-23 01:51:00,0
2019-12-23 03:00:00,WIND,600702,1,HCM,1,18974,1011,250,13,260,25,201,6,6,6,6,6,NA,NA,NA,NA,2019-12-23 02:51:00,0
2019-12-23 04:00:00,WIND,600702,1,HCM,1,18974,1011,240,13,250,28,331,6,6,6,6,6,NA,NA,NA,NA,2019-12-23 03:51:00,0
2019-12-23 05:00:00,WIND,600702,1,HCM,1,18974,1011,250,17,250,30,416,6,6,6,6,6,NA,NA,NA,NA,2019-12-23 04:51:00,0
2019-12-23 06:00:00,WIND,600702,1,HCM,1,18974,1011,260,17,250,25,534,6,6,6,6,6,NA,NA,NA,NA,2019-12-23 05:51:00,0
2019-12-23 07:00:00,WIND,600702,1,HCM,1,18974,1011,280,13,280,21,621,6,6,6,6,6,NA,NA,NA,NA,2019-12-23 06:51:00,0
2019-12-23 08:00:00,WIND,600702,1,HCM,1,18974,1011,280,15,270,25,651,6,6,6,6,6,NA,NA,NA,NA,2019-12-23 07:51:00,0
2019-12-23 09:00:00,WIND,600702,1,HCM,1,18974,1011,280,17,290,26,803,6,6,6,6,6,NA,NA,NA,NA,2019-12-23 08:53:00,0
2019-12-23 10:00:00,WIND,600702,1,HCM,1,18974,1011,280,17,270,31,917,6,6,6,6,6,NA,NA,NA,NA,2019-12-23 09:51:00,0
2019-12-23 11:00:00,WIND,600702,1,HCM,1,18974,1011,280,19,280,28,1026,6,6,6,6,6,NA,NA,NA,NA,2019-12-23 10:51:00,0
2019-12-23 12:00:00,WIND,600702,1,HCM,1,18974,1011,290,18,290,29,1138,6,6,6,6,6,NA,NA,NA,NA,2019-12-23 11:51:00,0
2019-12-23 13:00:00,WIND,600702,1,HCM,1,18974,1011,290,15,290,24,1228,6,6,6,6,6,NA,NA,NA,NA,2019-12-23 12:51:00,0
2019-12-23 14:00:00,WIND,600702,1,HCM,1,18974,1011,290,14,280,21,1251,6,6,6,6,6,NA,NA,NA,NA,2019-12-23 13:51:00,0
2019-12-23 15:00:00,WIND,600702,1,HCM,1,18974,1011,280,13,270,18,1422,6,6,6,6,6,NA,NA,NA,NA,2019-12-23 14:51:00,0
2019-12-23 16:00:00,WIND,600702,1,HCM,1,18974,1011,270,13,270,23,1520,6,6,6,6,6,NA,NA,NA,NA,2019-12-23 15:51:00,0
2019-12-23 17:00:00,WIND,600702,1,HCM,1,18974,1011,280,11,290,20,1556,6,6,6,6,6,NA,NA,NA,NA,2019-12-23 16:51:00,0
2019-12-23 18:00:00,WIND,600702,1,HCM,1,18974,1011,270,11,260,17,1742,6,6,6,6,6,NA,NA,NA,NA,2019-12-23 17:51:00,0
2019-12-23 19:00:00,WIND,600702,1,HCM,1,18974,1011,270,11,270,17,1843,6,6,6,6,6,NA,NA,NA,NA,2019-12-23 18:51:00,0
2019-12-23 20:00:00,WIND,600702,1,HCM,1,18974,1011,260,13,270,19,1910,6,6,6,6,6,NA,NA,NA,NA,2019-12-23 19:51:00,0
2019-12-23 21:00:00,WIND,600702,1,HCM,1,18974,1011,260,13,250,18,2009,6,6,6,6,6,NA,NA,NA,NA,2019-12-23 20:54:00,0
2019-12-23 22:00:00,WIND,600702,1,HCM,1,18974,1011,260,12,260,20,2110,6,6,6,6,6,NA,NA,NA,NA,2019-12-23 21:51:00,0
2019-12-23 23:00:00,WIND,600702,1,HCM,1,18974,1011,270,10,250,18,2240,6,6,6,6,6,NA,NA,NA,NA,2019-12-23 22:51:00,0
2019-12-24 00:00:00,WIND,600702,1,HCM,1,18974,1011,250,10,260,17,2250,6,6,6,6,6,NA,NA,NA,NA,2019-12-23 23:51:00,0
2019-12-24 01:00:00,WIND,600702,1,HCM,1,18974,1011,250,8,250,12,7,6,6,6,6,6,NA,NA,NA,NA,2019-12-24 00:51:00,0
2019-12-24 02:00:00,WIND,600702,1,HCM,1,18974,1011,240,6,250,9,53,6,6,6,6,6,NA,NA,NA,NA,2019-12-24 01:51:00,0
2019-12-24 03:00:00,WIND,600702,1,HCM,1,18974,1011,240,6,240,8,215,6,6,6,6,6,NA,NA,NA,NA,2019-12-24 02:51:00,0
2019-12-24 04:00:00,WIND,600702,1,HCM,1,18974,1011,210,6,210,12,322,6,6,6,6,6,NA,NA,NA,NA,2019-12-24 03:51:00,0
2019-12-24 05:00:00,WIND,600702,1,HCM,1,18974,1011,210,8,210,12,439,6,6,6,6,6,NA,NA,NA,NA,2019-12-24 04:51:00,0
2019-12-24 06:00:00,WIND,600702,1,HCM,1,18974,1011,230,8,200,14,452,6,6,6,6,6,NA,NA,NA,NA,2019-12-24 05:51:00,0
2019-12-24 07:00:00,WIND,600702,1,HCM,1,18974,1011,270,6,270,9,557,6,6,6,6,6,NA,NA,NA,NA,2019-12-24 06:51:00,0
2019-12-24 08:00:00,WIND,600702,1,HCM,1,18974,1011,240,5,230,8,725,6,6,6,6,6,NA,NA,NA,NA,2019-12-24 07:51:00,0
2019-12-24 09:00:00,WIND,600702,1,HCM,1,18974,1011,250,4,250,6,825,6,6,6,6,6,NA,NA,NA,NA,2019-12-24 08:54:00,0
2019-12-24 10:00:00,WIND,600702,1,HCM,1,18974,1011,260,4,280,6,941,6,6,6,6,6,NA,NA,NA,NA,2019-12-24 09:51:00,0
2019-12-24 11:00:00,WIND,600702,1,HCM,1,18974,1011,280,6,280,8,958,6,6,6,6,6,NA,NA,NA,NA,2019-12-24 10:51:00,0
2019-12-24 12:00:00,WIND,600702,1,HCM,1,18974,1011,270,5,280,8,1148,6,6,6,6,6,NA,NA,NA,NA,2019-12-24 11:51:00,0
2019-12-24 13:00:00,WIND,600702,1,HCM,1,18974,1011,280,7,270,12,1235,6,6,6,6,6,NA,NA,NA,NA,2019-12-24 12:51:00,0
2019-12-24 14:00:00,WIND,600702,1,HCM,1,18974,1011,280,6,270,9,1310,6,6,6,6,6,NA,NA,NA,NA,2019-12-24 13:51:00,0
2019-12-24 15:00:00,WIND,600702,1,HCM,1,18974,1011,270,7,280,9,1430,6,6,6,6,6,NA,NA,NA,NA,2019-12-24 14:51:00,0
2019-12-24 16:00:00,WIND,600702,1,HCM,1,18974,1011,280,7,280,10,1520,6,6,6,6,6,NA,NA,NA,NA,2019-12-24 15:51:00,0
2019-12-24 17:00:00,WIND,600702,1,HCM,1,18974,1011,280,7,280,10,1551,6,6,6,6,6,NA,NA,NA,NA,2019-12-24 16:51:00,0
2019-12-24 18:00:00,WIND,600702,1,HCM,1,18974,1011,270,7,270,9,1745,6,6,6,6,6,NA,NA,NA,NA,2019-12-24 17:51:00,0
2019-12-24 19:00:00,WIND,600702,1,HCM,1,18974,1011,270,6,280,12,1848,6,6,6,6,6,NA,NA,NA,NA,2019-12-24 18:51:00,0
2019-12-24 20:00:00,WIND,600702,1,HCM,1,18974,1011,270,10,270,16,1943,6,6,6,6,6,NA,NA,NA,NA,2019-12-24 19:51:00,0
2019-12-24 21:00:00,WIND,600702,1,HCM,1,18974,1011,270,14,290,25,1953,6,6,6,6,6,NA,NA,NA,NA,2019-12-24 20:53:00,0
2019-12-24 22:00:00,WIND,600702,1,HCM,1,18974,1011,260,15,260,24,2051,6,6,6,6,6,NA,NA,NA,NA,2019-12-24 21:51:00,0
2019-12-24 23:00:00,WIND,600702,1,HCM,1,18974,1011,300,15,310,22,2222,6,6,6,6,6,NA,NA,NA,NA,2019-12-24 22:51:00,0
2019-12-25 00:00:00,WIND,600702,1,HCM,1,18974,1011,320,15,330,22,2311,6,6,6,6,6,NA,NA,NA,NA,2019-12-24 23:51:00,0
2019-12-25 01:00:00,WIND,600702,1,HCM,1,18974,1011,320,13,320,25,41,6,6,6,6,6,NA,NA,NA,NA,2019-12-25 00:51:00,0
2019-12-25 02:00:00,WIND,600702,1,HCM,1,18974,1011,330,10,340,14,119,6,6,6,6,6,NA,NA,NA,NA,2019-12-25 01:51:00,0
2019-12-25 03:00:00,WIND,600702,1,HCM,1,18974,1011,320,8,320,12,240,6,6,6,6,6,NA,NA,NA,NA,2019-12-25 02:51:00,0
2019-12-25 04:00:00,WIND,600702,1,HCM,1,18974,1011,310,10,320,18,333,6,6,6,6,6,NA,NA,NA,NA,2019-12-25 03:51:00,0
2019-12-25 05:00:00,WIND,600702,1,HCM,1,18974,1011,320,11,320,19,412,6,6,6,6,6,NA,NA,NA,NA,2019-12-25 04:51:00,0
2019-12-25 06:00:00,WIND,600702,1,HCM,1,18974,1011,330,12,340,19,456,6,6,6,6,6,NA,NA,NA,NA,2019-12-25 05:51:00,0
2019-12-25 07:00:00,WIND,600702,1,HCM,1,18974,1011,320,13,330,18,613,6,6,6,6,6,NA,NA,NA,NA,2019-12-25 06:51:00,0
2019-12-25 08:00:00,WIND,600702,1,HCM,1,18974,1011,330,12,310,20,708,6,6,6,6,6,NA,NA,NA,NA,2019-12-25 07:51:00,0
2019-12-25 09:00:00,WIND,600702,1,HCM,1,18974,1011,330,11,310,18,814,6,6,6,6,6,NA,NA,NA,NA,2019-12-25 08:54:00,0
2019-12-25 10:00:00,WIND,600702,1,HCM,1,18974,1011,340,8,340,13,850,6,6,6,6,6,NA,NA,NA,NA,2019-12-25 09:51:00,0
2019-12-25 11:00:00,WIND,600702,1,HCM,1,18974,1011,340,7,340,9,1027,6,6,6,6,6,NA,NA,NA,NA,2019-12-25 10:51:00,0
2019-12-25 12:00:00,WIND,600702,1,HCM,1,18974,1011,340,6,340,10,1050,6,6,6,6,6,NA,NA,NA,NA,2019-12-25 11:51:00,0
2019-12-25 13:00:00,WIND,600702,1,HCM,1,18974,1011,330,4,340,6,1156,6,6,6,6,6,NA,NA,NA,NA,2019-12-25 12:52:00,0
2019-12-25 14:00:00,WIND,600702,1,HCM,1,18974,1011,360,2,340,4,1251,6,6,6,6,6,NA,NA,NA,NA,2019-12-25 13:51:00,0
2019-12-25 15:00:00,WIND,600702,1,HCM,1,18974,1011,300,1,230,4,1438,6,6,6,6,6,NA,NA,NA,NA,2019-12-25 14:51:00,0
2019-12-25 16:00:00,WIND,600702,1,HCM,1,18974,1011,230,2,230,3,1501,6,6,6,6,6,NA,NA,NA,NA,2019-12-25 15:51:00,0
2019-12-25 17:00:00,WIND,600702,1,HCM,1,18974,1011,230,1,230,1,1649,6,6,6,6,6,NA,NA,NA,NA,2019-12-25 16:51:00,0
2019-12-25 18:00:00,WIND,600702,1,HCM,1,18974,1011,80,3,90,6,1742,6,6,6,6,6,NA,NA,NA,NA,2019-12-25 17:51:00,0
2019-12-25 19:00:00,WIND,600702,1,HCM,1,18974,1011,100,8,110,10,1824,6,6,6,6,6,NA,NA,NA,NA,2019-12-25 18:51:00,0
2019-12-25 20:00:00,WIND,600702,1,HCM,1,18974,1011,110,10,130,15,1949,6,6,6,6,6,NA,NA,NA,NA,2019-12-25 19:51:00,0
2019-12-25 21:00:00,WIND,600702,1,HCM,1,18974,1011,130,13,120,19,2049,6,6,6,6,6,NA,NA,NA,NA,2019-12-25 20:54:00,0
2019-12-25 22:00:00,WIND,600702,1,HCM,1,18974,1011,120,16,120,21,2128,6,6,6,6,6,NA,NA,NA,NA,2019-12-25 21:51:00,0
2019-12-25 23:00:00,WIND,600702,1,HCM,1,18974,1011,130,18,130,24,2212,6,6,6,6,6,NA,NA,NA,NA,2019-12-25 22:51:00,0
2019-12-26 00:00:00,WIND,600702,1,HCM,1,18974,1011,130,20,140,27,2321,6,6,6,6,6,NA,NA,NA,NA,2019-12-25 23:51:00,0
2019-12-26 01:00:00,WIND,600702,1,HCM,1,18974,1011,130,21,140,29,49,6,6,6,6,6,NA,NA,NA,NA,2019-12-26 00:51:00,0
2019-12-26 02:00:00,WIND,600702,1,HCM,1,18974,1011,130,26,130,33,116,6,6,6,6,6,NA,NA,NA,NA,2019-12-26 01:51:00,0
2019-12-26 03:00:00,WIND,600702,1,HCM,1,18974,1011,140,28,140,41,222,6,6,6,6,6,NA,NA,NA,NA,2019-12-26 02:51:00,0
2019-12-26 04:00:00,WIND,600702,1,HCM,1,18974,1011,130,29,140,37,338,6,6,6,6,6,NA,NA,NA,NA,2019-12-26 03:51:00,0
2019-12-26 05:00:00,WIND,600702,1,HCM,1,18974,1011,130,29,130,40,421,6,6,6,6,6,NA,NA,NA,NA,2019-12-26 04:51:00,0
2019-12-26 06:00:00,WIND,600702,1,HCM,1,18974,1011,130,29,120,38,458,6,6,6,6,6,NA,NA,NA,NA,2019-12-26 05:51:00,0
2019-12-26 07:00:00,WIND,600702,1,HCM,1,18974,1011,130,28,130,37,645,6,6,6,6,6,NA,NA,NA,NA,2019-12-26 06:51:00,0
2019-12-26 08:00:00,WIND,600702,1,HCM,1,18974,1011,130,29,140,39,652,6,6,6,6,6,NA,NA,NA,NA,2019-12-26 07:51:00,0
2019-12-26 09:00:00,WIND,600702,1,HCM,1,18974,1011,130,29,120,38,750,6,6,6,6,6,NA,NA,NA,NA,2019-12-26 08:55:00,0
2019-12-26 10:00:00,WIND,600702,1,HCM,1,18974,1011,130,28,130,37,909,6,6,6,6,6,NA,NA,NA,NA,2019-12-26 09:51:00,0
2019-12-26 11:00:00,WIND,600702,1,HCM,1,18974,1011,130,28,120,38,955,6,6,6,6,6,NA,NA,NA,NA,2019-12-26 10:51:00,0
2019-12-26 12:00:00,WIND,600702,1,HCM,1,18974,1011,140,28,150,36,1121,6,6,6,6,6,NA,NA,NA,NA,2019-12-26 11:51:00,0
2019-12-26 13:00:00,WIND,600702,1,HCM,1,18974,1011,140,26,140,36,1209,6,6,6,6,6,NA,NA,NA,NA,2019-12-26 12:51:00,0
2019-12-26 14:00:00,WIND,600702,1,HCM,1,18974,1011,130,25,130,34,1332,6,6,6,6,6,NA,NA,NA,NA,2019-12-26 13:51:00,0
2019-12-26 15:00:00,WIND,600702,1,HCM,1,18974,1011,130,26,140,33,1445,6,6,6,6,6,NA,NA,NA,NA,2019-12-26 14:51:00,0
2019-12-26 16:00:00,WIND,600702,1,HCM,1,18974,1011,140,25,140,34,1534,6,6,6,6,6,NA,NA,NA,NA,2019-12-26 15:51:00,0
2019-12-26 17:00:00,WIND,600702,1,HCM,1,18974,1011,140,27,140,34,1635,6,6,6,6,6,NA,NA,NA,NA,2019-12-26 16:51:00,0
2019-12-26 18:00:00,WIND,600702,1,HCM,1,18974,1011,140,26,140,33,1724,6,6,6,6,6,NA,NA,NA,NA,2019-12-26 17:51:00,0
2019-12-26 19:00:00,WIND,600702,1,HCM,1,18974,1011,140,26,150,34,1750,6,6,6,6,6,NA,NA,NA,NA,2019-12-26 18:51:00,0
2019-12-26 20:00:00,WIND,600702,1,HCM,1,18974,1011,140,25,150,32,1944,6,6,6,6,6,NA,NA,NA,NA,2019-12-26 19:51:00,0
2019-12-26 21:00:00,WIND,600702,1,HCM,1,18974,1011,140,26,140,33,2009,6,6,6,6,6,NA,NA,NA,NA,2019-12-26 20:56:00,0
2019-12-26 22:00:00,WIND,600702,1,HCM,1,18974,1011,150,25,150,32,2142,6,6,6,6,6,NA,NA,NA,NA,2019-12-26 21:51:00,0
2019-12-26 23:00:00,WIND,600702,1,HCM,1,18974,1011,150,27,150,34,2228,6,6,6,6,6,NA,NA,NA,NA,2019-12-26 22:51:00,0
2019-12-27 00:00:00,WIND,600702,1,HCM,1,18974,1011,150,27,140,36,2348,6,6,6,6,6,NA,NA,NA,NA,2019-12-26 23:51:00,0
2019-12-27 01:00:00,WIND,600702,1,HCM,1,18974,1011,150,27,150,36,0,6,6,6,6,6,NA,NA,NA,NA,2019-12-27 00:51:00,0
2019-12-27 02:00:00,WIND,600702,1,HCM,1,18974,1011,160,29,160,39,128,6,6,6,6,6,NA,NA,NA,NA,2019-12-27 01:51:00,0
2019-12-27 03:00:00,WIND,600702,1,HCM,1,18974,1011,160,30,150,39,214,6,6,6,6,6,NA,NA,NA,NA,2019-12-27 02:51:00,0
2019-12-27 04:00:00,WIND,600702,1,HCM,1,18974,1011,160,30,160,39,259,6,6,6,6,6,NA,NA,NA,NA,2019-12-27 03:51:00,0
2019-12-27 05:00:00,WIND,600702,1,HCM,1,18974,1011,160,28,160,38,413,6,6,6,6,6,NA,NA,NA,NA,2019-12-27 04:51:00,0
2019-12-27 06:00:00,WIND,600702,1,HCM,1,18974,1011,160,28,160,37,450,6,6,6,6,6,NA,NA,NA,NA,2019-12-27 05:51:00,0
2019-12-27 07:00:00,WIND,600702,1,HCM,1,18974,1011,160,27,160,38,550,6,6,6,6,6,NA,NA,NA,NA,2019-12-27 06:51:00,0
2019-12-27 08:00:00,WIND,600702,1,HCM,1,18974,1011,170,25,170,34,719,6,6,6,6,6,NA,NA,NA,NA,2019-12-27 07:51:00,0
2019-12-27 09:00:00,WIND,600702,1,HCM,1,18974,1011,170,25,160,34,825,6,6,6,6,6,NA,NA,NA,NA,2019-12-27 08:53:00,0
2019-12-27 10:00:00,WIND,600702,1,HCM,1,18974,1011,170,24,180,33,940,6,6,6,6,6,NA,NA,NA,NA,2019-12-27 09:51:00,0
2019-12-27 11:00:00,WIND,600702,1,HCM,1,18974,1011,170,25,170,33,1027,6,6,6,6,6,NA,NA,NA,NA,2019-12-27 10:51:00,0
2019-12-27 12:00:00,WIND,600702,1,HCM,1,18974,1011,170,25,170,33,1124,6,6,6,6,6,NA,NA,NA,NA,2019-12-27 11:52:00,0
2019-12-27 13:00:00,WIND,600702,1,HCM,1,18974,1011,170,24,170,33,1220,6,6,6,6,6,NA,NA,NA,NA,2019-12-27 12:52:00,0
2019-12-27 14:00:00,WIND,600702,1,HCM,1,18974,1011,180,24,180,32,1313,6,6,6,6,6,NA,NA,NA,NA,2019-12-27 13:53:00,0
2019-12-27 15:00:00,WIND,600702,1,HCM,1,18974,1011,190,22,190,32,1401,6,6,6,6,6,NA,NA,NA,NA,2019-12-27 14:51:00,0
2019-12-27 16:00:00,WIND,600702,1,HCM,1,18974,1011,200,18,190,28,1457,6,6,6,6,6,NA,NA,NA,NA,2019-12-27 15:51:00,0
2019-12-27 17:00:00,WIND,600702,1,HCM,1,18974,1011,200,15,210,21,1635,6,6,6,6,6,NA,NA,NA,NA,2019-12-27 16:51:00,0
2019-12-27 18:00:00,WIND,600702,1,HCM,1,18974,1011,200,14,200,21,1650,6,6,6,6,6,NA,NA,NA,NA,2019-12-27 17:51:00,0
2019-12-27 19:00:00,WIND,600702,1,HCM,1,18974,1011,210,15,220,22,1801,6,6,6,6,6,NA,NA,NA,NA,2019-12-27 18:51:00,0
2019-12-27 20:00:00,WIND,600702,1,HCM,1,18974,1011,210,13,220,21,1908,6,6,6,6,6,NA,NA,NA,NA,2019-12-27 19:51:00,0
2019-12-27 21:00:00,WIND,600702,1,HCM,1,18974,1011,200,11,220,16,2001,6,6,6,6,6,NA,NA,NA,NA,2019-12-27 20:54:00,0
2019-12-27 22:00:00,WIND,600702,1,HCM,1,18974,1011,190,12,190,18,2051,6,6,6,6,6,NA,NA,NA,NA,2019-12-27 21:51:00,0
2019-12-27 23:00:00,WIND,600702,1,HCM,1,18974,1011,180,14,190,19,2230,6,6,6,6,6,NA,NA,NA,NA,2019-12-27 22:51:00,0
2019-12-28 00:00:00,WIND,600702,1,HCM,1,18974,1011,160,18,170,27,2346,6,6,6,6,6,NA,NA,NA,NA,2019-12-27 23:51:00,0
2019-12-28 01:00:00,WIND,600702,1,HCM,1,18974,1011,170,22,160,29,16,6,6,6,6,6,NA,NA,NA,NA,2019-12-28 00:51:00,0
2019-12-28 02:00:00,WIND,600702,1,HCM,1,18974,1011,170,20,180,26,117,6,6,6,6,6,NA,NA,NA,NA,2019-12-28 01:51:00,0
2019-12-28 03:00:00,WIND,600702,1,HCM,1,18974,1011,180,21,190,28,220,6,6,6,6,6,NA,NA,NA,NA,2019-12-28 02:51:00,0
2019-12-28 04:00:00,WIND,600702,1,HCM,1,18974,1011,180,21,180,28,346,6,6,6,6,6,NA,NA,NA,NA,2019-12-28 03:51:00,0
2019-12-28 05:00:00,WIND,600702,1,HCM,1,18974,1011,180,21,180,28,420,6,6,6,6,6,NA,NA,NA,NA,2019-12-28 04:51:00,0
2019-12-28 06:00:00,WIND,600702,1,HCM,1,18974,1011,180,21,180,28,544,6,6,6,6,6,NA,NA,NA,NA,2019-12-28 05:51:00,0
2019-12-28 07:00:00,WIND,600702,1,HCM,1,18974,1011,180,22,170,29,647,6,6,6,6,6,NA,NA,NA,NA,2019-12-28 06:51:00,0
2019-12-28 08:00:00,WIND,600702,1,HCM,1,18974,1011,170,23,170,30,744,6,6,6,6,6,NA,NA,NA,NA,2019-12-28 07:51:00,0
2019-12-28 09:00:00,WIND,600702,1,HCM,1,18974,1011,180,24,180,34,803,6,6,6,6,6,NA,NA,NA,NA,2019-12-28 08:53:00,0
2019-12-28 10:00:00,WIND,600702,1,HCM,1,18974,1011,180,25,180,33,930,6,6,6,6,6,NA,NA,NA,NA,2019-12-28 09:51:00,0
2019-12-28 11:00:00,WIND,600702,1,HCM,1,18974,1011,180,26,180,35,951,6,6,6,6,6,NA,NA,NA,NA,2019-12-28 10:51:00,0
2019-12-28 12:00:00,WIND,600702,1,HCM,1,18974,1011,190,25,190,33,1120,6,6,6,6,6,NA,NA,NA,NA,2019-12-28 11:51:00,0
2019-12-28 13:00:00,WIND,600702,1,HCM,1,18974,1011,190,25,190,35,1207,6,6,6,6,6,NA,NA,NA,NA,2019-12-28 12:51:00,0
2019-12-28 14:00:00,WIND,600702,1,HCM,1,18974,1011,190,25,190,33,1348,6,6,6,6,6,NA,NA,NA,NA,2019-12-28 13:51:00,0
2019-12-28 15:00:00,WIND,600702,1,HCM,1,18974,1011,190,24,190,32,1405,6,6,6,6,6,NA,NA,NA,NA,2019-12-28 14:51:00,0
2019-12-28 16:00:00,WIND,600702,1,HCM,1,18974,1011,190,22,180,28,1534,6,6,6,6,6,NA,NA,NA,NA,2019-12-28 15:51:00,0
2019-12-28 17:00:00,WIND,600702,1,HCM,1,18974,1011,190,22,190,31,1611,6,6,6,6,6,NA,NA,NA,NA,2019-12-28 16:51:00,0
2019-12-28 18:00:00,WIND,600702,1,HCM,1,18974,1011,190,24,190,34,1702,6,6,6,6,6,NA,NA,NA,NA,2019-12-28 17:51:00,0
2019-12-28 19:00:00,WIND,600702,1,HCM,1,18974,1011,190,25,190,35,1818,6,6,6,6,6,NA,NA,NA,NA,2019-12-28 18:51:00,0
2019-12-28 20:00:00,WIND,600702,1,HCM,1,18974,1011,180,25,190,33,1923,6,6,6,6,6,NA,NA,NA,NA,2019-12-28 19:51:00,0
2019-12-28 21:00:00,WIND,600702,1,HCM,1,18974,1011,180,25,170,35,2046,6,6,6,6,6,NA,NA,NA,NA,2019-12-28 20:53:00,0
2019-12-28 22:00:00,WIND,600702,1,HCM,1,18974,1011,170,27,170,37,2147,6,6,6,6,6,NA,NA,NA,NA,2019-12-28 21:51:00,0
2019-12-28 23:00:00,WIND,600702,1,HCM,1,18974,1011,170,29,170,39,2207,6,6,6,6,6,NA,NA,NA,NA,2019-12-28 22:51:00,0
2019-12-29 00:00:00,WIND,600702,1,HCM,1,18974,1011,170,29,170,42,2325,6,6,6,6,6,NA,NA,NA,NA,2019-12-28 23:51:00,0
2019-12-29 01:00:00,WIND,600702,1,HCM,1,18974,1011,170,32,190,47,38,6,6,6,6,6,NA,NA,NA,NA,2019-12-29 00:51:00,0
2019-12-29 02:00:00,WIND,600702,1,HCM,1,18974,1011,180,31,170,43,111,6,6,6,6,6,NA,NA,NA,NA,2019-12-29 01:51:00,0
2019-12-29 03:00:00,WIND,600702,1,HCM,1,18974,1011,180,29,190,43,223,6,6,6,6,6,NA,NA,NA,NA,2019-12-29 02:51:00,0
2019-12-29 04:00:00,WIND,600702,1,HCM,1,18974,1011,190,30,190,42,315,6,6,6,6,6,NA,NA,NA,NA,2019-12-29 03:51:00,0
2019-12-29 05:00:00,WIND,600702,1,HCM,1,18974,1011,190,26,190,34,354,6,6,6,6,6,NA,NA,NA,NA,2019-12-29 04:51:00,0
2019-12-29 06:00:00,WIND,600702,1,HCM,1,18974,1011,190,25,190,33,543,6,6,6,6,6,NA,NA,NA,NA,2019-12-29 05:51:00,0
2019-12-29 07:00:00,WIND,600702,1,HCM,1,18974,1011,190,23,180,33,552,6,6,6,6,6,NA,NA,NA,NA,2019-12-29 06:51:00,0
2019-12-29 08:00:00,WIND,600702,1,HCM,1,18974,1011,200,21,190,29,726,6,6,6,6,6,NA,NA,NA,NA,2019-12-29 07:51:00,0
2019-12-29 09:00:00,WIND,600702,1,HCM,1,18974,1011,190,21,190,30,756,6,6,6,6,6,NA,NA,NA,NA,2019-12-29 08:54:00,0
2019-12-29 10:00:00,WIND,600702,1,HCM,1,18974,1011,200,21,190,33,946,6,6,6,6,6,NA,NA,NA,NA,2019-12-29 09:51:00,0
2019-12-29 11:00:00,WIND,600702,1,HCM,1,18974,1011,200,21,190,30,1040,6,6,6,6,6,NA,NA,NA,NA,2019-12-29 10:51:00,0
2019-12-29 12:00:00,WIND,600702,1,HCM,1,18974,1011,200,21,200,31,1056,6,6,6,6,6,NA,NA,NA,NA,2019-12-29 11:51:00,0
2019-12-29 13:00:00,WIND,600702,1,HCM,1,18974,1011,200,19,200,28,1244,6,6,6,6,6,NA,NA,NA,NA,2019-12-29 12:51:00,0
2019-12-29 14:00:00,WIND,600702,1,HCM,1,18974,1011,200,20,190,27,1340,6,6,6,6,6,NA,NA,NA,NA,2019-12-29 13:51:00,0
2019-12-29 15:00:00,WIND,600702,1,HCM,1,18974,1011,200,19,200,28,1353,6,6,6,6,6,NA,NA,NA,NA,2019-12-29 14:51:00,0
2019-12-29 16:00:00,WIND,600702,1,HCM,1,18974,1011,200,18,210,27,1510,6,6,6,6,6,NA,NA,NA,NA,2019-12-29 15:51:00,0
2019-12-29 17:00:00,WIND,600702,1,HCM,1,18974,1011,200,18,200,25,1613,6,6,6,6,6,NA,NA,NA,NA,2019-12-29 16:51:00,0
2019-12-29 18:00:00,WIND,600702,1,HCM,1,18974,1011,200,18,210,26,1748,6,6,6,6,6,NA,NA,NA,NA,2019-12-29 17:51:00,0
2019-12-29 19:00:00,WIND,600702,1,HCM,1,18974,1011,210,18,210,28,1803,6,6,6,6,6,NA,NA,NA,NA,2019-12-29 18:51:00,0
2019-12-29 20:00:00,WIND,600702,1,HCM,1,18974,1011,210,17,210,24,1906,6,6,6,6,6,NA,NA,NA,NA,2019-12-29 19:51:00,0
2019-12-29 21:00:00,WIND,600702,1,HCM,1,18974,1011,210,17,210,25,2042,6,6,6,6,6,NA,NA,NA,NA,2019-12-29 20:54:00,0
2019-12-29 22:00:00,WIND,600702,1,HCM,1,18974,1011,210,19,200,27,2054,6,6,6,6,6,NA,NA,NA,NA,2019-12-29 21:51:00,0
2019-12-29 23:00:00,WIND,600702,1,HCM,1,18974,1011,220,18,210,27,2152,6,6,6,6,6,NA,NA,NA,NA,2019-12-29 22:51:00,0
2019-12-30 00:00:00,WIND,600702,1,HCM,1,18974,1011,220,18,220,27,2259,6,6,6,6,6,NA,NA,NA,NA,2019-12-29 23:51:00,0
2019-12-30 01:00:00,WIND,600702,1,HCM,1,18974,1011,220,18,220,26,25,6,6,6,6,6,NA,NA,NA,NA,2019-12-30 00:51:00,0
2019-12-30 02:00:00,WIND,600702,1,HCM,1,18974,1011,220,18,220,28,133,6,6,6,6,6,NA,NA,NA,NA,2019-12-30 01:51:00,0
2019-12-30 03:00:00,WIND,600702,1,HCM,1,18974,1011,220,17,220,25,150,6,6,6,6,6,NA,NA,NA,NA,2019-12-30 02:51:00,0
2019-12-30 04:00:00,WIND,600702,1,HCM,1,18974,1011,220,16,220,23,325,6,6,6,6,6,NA,NA,NA,NA,2019-12-30 03:51:00,0
2019-12-30 05:00:00,WIND,600702,1,HCM,1,18974,1011,300,9,240,19,359,6,6,6,6,6,NA,NA,NA,NA,2019-12-30 04:51:00,0
2019-12-30 06:00:00,WIND,600702,1,HCM,1,18974,1011,330,11,330,15,535,6,6,6,6,6,NA,NA,NA,NA,2019-12-30 05:51:00,0
2019-12-30 07:00:00,WIND,600702,1,HCM,1,18974,1011,330,11,320,19,645,6,6,6,6,6,NA,NA,NA,NA,2019-12-30 06:51:00,0
2019-12-30 08:00:00,WIND,600702,1,HCM,1,18974,1011,320,12,320,20,653,6,6,6,6,6,NA,NA,NA,NA,2019-12-30 07:51:00,0
2019-12-30 09:00:00,WIND,600702,1,HCM,1,18974,1011,310,9,310,15,845,6,6,6,6,6,NA,NA,NA,NA,2019-12-30 08:53:00,0
2019-12-30 10:00:00,WIND,600702,1,HCM,1,18974,1011,300,10,310,14,914,6,6,6,6,6,NA,NA,NA,NA,2019-12-30 09:51:00,0
2019-12-30 11:00:00,WIND,600702,1,HCM,1,18974,1011,290,9,280,13,1037,6,6,6,6,6,NA,NA,NA,NA,2019-12-30 10:51:00,0
2019-12-30 12:00:00,WIND,600702,1,HCM,1,18974,1011,300,11,330,18,1149,6,6,6,6,6,NA,NA,NA,NA,2019-12-30 11:51:00,0
2019-12-30 13:00:00,WIND,600702,1,HCM,1,18974,1011,320,12,330,18,1150,6,6,6,6,6,NA,NA,NA,NA,2019-12-30 12:51:00,0
2019-12-30 14:00:00,WIND,600702,1,HCM,1,18974,1011,310,15,310,21,1335,6,6,6,6,6,NA,NA,NA,NA,2019-12-30 13:51:00,0
2019-12-30 15:00:00,WIND,600702,1,HCM,1,18974,1011,310,13,310,21,1441,6,6,6,6,6,NA,NA,NA,NA,2019-12-30 14:51:00,0
2019-12-30 16:00:00,WIND,600702,1,HCM,1,18974,1011,310,13,310,23,1517,6,6,6,6,6,NA,NA,NA,NA,2019-12-30 15:51:00,0
2019-12-30 17:00:00,WIND,600702,1,HCM,1,18974,1011,310,12,310,17,1550,6,6,6,6,6,NA,NA,NA,NA,2019-12-30 16:51:00,0
2019-12-30 18:00:00,WIND,600702,1,HCM,1,18974,1011,310,9,310,15,1652,6,6,6,6,6,NA,NA,NA,NA,2019-12-30 17:51:00,0
2019-12-30 19:00:00,WIND,600702,1,HCM,1,18974,1011,310,12,310,17,1847,6,6,6,6,6,NA,NA,NA,NA,2019-12-30 18:51:00,0
2019-12-30 20:00:00,WIND,600702,1,HCM,1,18974,1011,320,12,320,19,1911,6,6,6,6,6,NA,NA,NA,NA,2019-12-30 19:51:00,0
2019-12-30 21:00:00,WIND,600702,1,HCM,1,18974,1011,320,9,320,12,2027,6,6,6,6,6,NA,NA,NA,NA,2019-12-30 20:54:00,0
2019-12-30 22:00:00,WIND,600702,1,HCM,1,18974,1011,320,8,320,11,2139,6,6,6,6,6,NA,NA,NA,NA,2019-12-30 21:51:00,0
2019-12-30 23:00:00,WIND,600702,1,HCM,1,18974,1011,310,6,330,9,2249,6,6,6,6,6,NA,NA,NA,NA,2019-12-30 22:51:00,0
2019-12-31 00:00:00,WIND,600702,1,HCM,1,18974,1011,330,7,330,10,2250,6,6,6,6,6,NA,NA,NA,NA,2019-12-30 23:51:00,0
2019-12-31 01:00:00,WIND,600702,1,HCM,1,18974,1011,310,4,300,6,41,6,6,6,6,6,NA,NA,NA,NA,2019-12-31 00:51:00,0
2019-12-31 02:00:00,WIND,600702,1,HCM,1,18974,1011,320,4,330,8,134,6,6,6,6,6,NA,NA,NA,NA,2019-12-31 01:51:00,0
2019-12-31 03:00:00,WIND,600702,1,HCM,1,18974,1011,350,3,30,5,155,6,6,6,6,6,NA,NA,NA,NA,2019-12-31 02:51:00,0
2019-12-31 04:00:00,WIND,600702,1,HCM,1,18974,1011,340,3,330,5,251,6,6,6,6,6,NA,NA,NA,NA,2019-12-31 03:51:00,0
2019-12-31 05:00:00,WIND,600702,1,HCM,1,18974,1011,20,1,190,3,439,6,6,6,6,6,NA,NA,NA,NA,2019-12-31 04:51:00,0
2019-12-31 06:00:00,WIND,600702,1,HCM,1,18974,1011,220,2,160,4,506,6,6,6,6,6,NA,NA,NA,NA,2019-12-31 05:51:00,0
2019-12-31 07:00:00,WIND,600702,1,HCM,1,18974,1011,260,2,260,6,633,6,6,6,6,6,NA,NA,NA,NA,2019-12-31 06:51:00,0
2019-12-31 08:00:00,WIND,600702,1,HCM,1,18974,1011,240,2,200,5,708,6,6,6,6,6,NA,NA,NA,NA,2019-12-31 07:51:00,0
2019-12-31 09:00:00,WIND,600702,1,HCM,1,18974,1011,210,3,190,6,849,6,6,6,6,6,NA,NA,NA,NA,2019-12-31 08:56:00,0
2019-12-31 10:00:00,WIND,600702,1,HCM,1,18974,1011,190,7,190,12,914,6,6,6,6,6,NA,NA,NA,NA,2019-12-31 09:51:00,0
2019-12-31 11:00:00,WIND,600702,1,HCM,1,18974,1011,190,8,190,12,953,6,6,6,6,6,NA,NA,NA,NA,2019-12-31 10:51:00,0
2019-12-31 12:00:00,WIND,600702,1,HCM,1,18974,1011,170,10,170,16,1135,6,6,6,6,6,NA,NA,NA,NA,2019-12-31 11:51:00,0
2019-12-31 13:00:00,WIND,600702,1,HCM,1,18974,1011,150,14,140,19,1249,6,6,6,6,6,NA,NA,NA,NA,2019-12-31 12:51:00,0
2019-12-31 14:00:00,WIND,600702,1,HCM,1,18974,1011,160,15,140,20,1253,6,6,6,6,6,NA,NA,NA,NA,2019-12-31 13:51:00,0
2019-12-31 15:00:00,WIND,600702,1,HCM,1,18974,1011,180,15,180,20,1439,6,6,6,6,6,NA,NA,NA,NA,2019-12-31 14:51:00,0
2019-12-31 16:00:00,WIND,600702,1,HCM,1,18974,1011,180,16,190,23,1548,6,6,6,6,6,NA,NA,NA,NA,2019-12-31 15:51:00,0
2019-12-31 17:00:00,WIND,600702,1,HCM,1,18974,1011,190,18,190,25,1632,6,6,6,6,6,NA,NA,NA,NA,2019-12-31 16:51:00,0
2019-12-31 18:00:00,WIND,600702,1,HCM,1,18974,1011,180,21,180,28,1742,6,6,6,6,6,NA,NA,NA,NA,2019-12-31 17:51:00,0
2019-12-31 19:00:00,WIND,600702,1,HCM,1,18974,1011,190,22,190,28,1808,6,6,6,6,6,NA,NA,NA,NA,2019-12-31 18:51:00,0
2019-12-31 20:00:00,WIND,600702,1,HCM,1,18974,1011,190,20,190,27,1907,6,6,6,6,6,NA,NA,NA,NA,2019-12-31 19:51:00,0
2019-12-31 21:00:00,WIND,600702,1,HCM,1,18974,1011,190,20,190,26,2018,6,6,6,6,6,NA,NA,NA,NA,2019-12-31 20:55:00,0
2019-12-31 22:00:00,WIND,600702,1,HCM,1,18974,1011,200,19,200,26,2105,6,6,6,6,6,NA,NA,NA,NA,2019-12-31 21:51:00,0
2019-12-31 23:00:00,WIND,600702,1,HCM,1,18974,1011,200,16,190,24,2152,6,6,6,6,6,NA,NA,NA,NA,2019-12-31 22:51:00,0
end data
